xof 0303txt 0032
template ColorRGBA {
 <35ff44e0-6c7c-11cf-8f52-0040333594a3>
 FLOAT red;
 FLOAT green;
 FLOAT blue;
 FLOAT alpha;
}

template ColorRGB {
 <d3e16e81-7835-11cf-8f52-0040333594a3>
 FLOAT red;
 FLOAT green;
 FLOAT blue;
}

template Material {
 <3d82ab4d-62da-11cf-ab39-0020af71e433>
 ColorRGBA faceColor;
 FLOAT power;
 ColorRGB specularColor;
 ColorRGB emissiveColor;
 [...]
}

template TextureFilename {
 <a42790e1-7810-11cf-8f52-0040333594a3>
 STRING filename;
}

template Frame {
 <3d82ab46-62da-11cf-ab39-0020af71e433>
 [...]
}

template Matrix4x4 {
 <f6f23f45-7686-11cf-8f52-0040333594a3>
 array FLOAT matrix[16];
}

template FrameTransformMatrix {
 <f6f23f41-7686-11cf-8f52-0040333594a3>
 Matrix4x4 frameMatrix;
}

template Vector {
 <3d82ab5e-62da-11cf-ab39-0020af71e433>
 FLOAT x;
 FLOAT y;
 FLOAT z;
}

template MeshFace {
 <3d82ab5f-62da-11cf-ab39-0020af71e433>
 DWORD nFaceVertexIndices;
 array DWORD faceVertexIndices[nFaceVertexIndices];
}

template Mesh {
 <3d82ab44-62da-11cf-ab39-0020af71e433>
 DWORD nVertices;
 array Vector vertices[nVertices];
 DWORD nFaces;
 array MeshFace faces[nFaces];
 [...]
}

template MeshMaterialList {
 <f6f23f42-7686-11cf-8f52-0040333594a3>
 DWORD nMaterials;
 DWORD nFaceIndexes;
 array DWORD faceIndexes[nFaceIndexes];
 [Material <3d82ab4d-62da-11cf-ab39-0020af71e433>]
}

template VertexElement {
 <f752461c-1e23-48f6-b9f8-8350850f336f>
 DWORD Type;
 DWORD Method;
 DWORD Usage;
 DWORD UsageIndex;
}

template DeclData {
 <bf22e553-292c-4781-9fea-62bd554bdd93>
 DWORD nElements;
 array VertexElement Elements[nElements];
 DWORD nDWords;
 array DWORD data[nDWords];
}

template XSkinMeshHeader {
 <3cf169ce-ff7c-44ab-93c0-f78f62d172e2>
 WORD nMaxSkinWeightsPerVertex;
 WORD nMaxSkinWeightsPerFace;
 WORD nBones;
}

template SkinWeights {
 <6f0d123b-bad2-4167-a0d0-80224f25fabb>
 STRING transformNodeName;
 DWORD nWeights;
 array DWORD vertexIndices[nWeights];
 array FLOAT weights[nWeights];
 Matrix4x4 matrixOffset;
}

template AnimTicksPerSecond {
 <9e415a43-7ba6-4a73-8743-b73d47e88476>
 DWORD AnimTicksPerSecond;
}

template Animation {
 <3d82ab4f-62da-11cf-ab39-0020af71e433>
 [...]
}

template AnimationSet {
 <3d82ab50-62da-11cf-ab39-0020af71e433>
 [Animation <3d82ab4f-62da-11cf-ab39-0020af71e433>]
}

template FloatKeys {
 <10dd46a9-775b-11cf-8f52-0040333594a3>
 DWORD nValues;
 array FLOAT values[nValues];
}

template TimedFloatKeys {
 <f406b180-7b3b-11cf-8f52-0040333594a3>
 DWORD time;
 FloatKeys tfkeys;
}

template AnimationKey {
 <10dd46a8-775b-11cf-8f52-0040333594a3>
 DWORD keyType;
 DWORD nKeys;
 array TimedFloatKeys keys[nKeys];
}


Material _03_-_Default {
 1.000000;1.000000;1.000000;1.000000;;
 9.999999;
 0.000000;0.000000;0.000000;;
 0.000000;0.000000;0.000000;;

 TextureFilename {
  "MaleBody_full.png";
 }
}

Frame Dummy01 {
 

 FrameTransformMatrix {
  1.000000,0.000000,0.000000,0.000000,0.000000,-0.000000,-1.000000,0.000000,0.000000,1.000000,-0.000000,0.000000,0.000000,0.000000,0.000000,1.000000;;
 }

 Frame Bip01 {
  

  FrameTransformMatrix {
   0.519040,0.832335,0.194463,0.000000,0.068204,-0.267113,0.961249,0.000000,0.852024,-0.485663,-0.195411,0.000000,0.000000,0.042143,0.482064,1.000000;;
  }

  Frame Bip01_Pelvis {
   

   FrameTransformMatrix {
    -0.167480,0.984690,-0.048326,0.000000,-0.064562,0.037958,0.997191,0.000000,0.983759,0.170130,0.057216,0.000000,0.000000,0.000000,0.000000,1.000000;;
   }

   Frame Bip01_Spine {
    

    FrameTransformMatrix {
     0.992977,0.041771,0.110684,0.000000,-0.048326,0.997191,0.057219,0.000000,-0.107983,-0.062166,0.992207,0.000000,0.050852,0.001965,0.008700,1.000000;;
    }

    Frame Bip01_Spine1 {
     

     FrameTransformMatrix {
      0.974314,-0.141472,0.175210,0.000000,0.115540,0.981865,0.150303,0.000000,-0.193296,-0.126199,0.972990,0.000000,0.106496,0.000011,-0.000082,1.000000;;
     }

     Frame Bip01_Neck {
      

      FrameTransformMatrix {
       0.903366,0.000001,0.428870,0.000000,-0.000001,1.000000,-0.000000,0.000000,-0.428870,-0.000000,0.903366,0.000000,0.130516,0.000000,0.004628,1.000000;;
      }

      Frame Bip01_Head {
       

       FrameTransformMatrix {
        0.964428,-0.220731,-0.145457,0.000000,0.252744,0.931187,0.262700,0.000000,0.077462,-0.290119,0.953851,0.000000,0.033674,-0.000000,0.000000,1.000000;;
       }

       Frame Bip01_HeadNub {
        

        FrameTransformMatrix {
         1.000000,0.000000,0.000000,0.000000,-0.000000,1.000000,0.000000,0.000000,-0.000000,0.000000,1.000000,0.000000,0.169824,0.000000,0.000000,1.000000;;
        }
       }
      }

      Frame Bip01_L_Clavicle {
       

       FrameTransformMatrix {
        -0.000000,1.000000,-0.000003,0.000000,0.903025,-0.000001,-0.429589,0.000000,-0.429589,-0.000003,-0.903024,0.000000,-0.023698,0.015715,0.006128,1.000000;;
       }

       Frame Bip01_L_UpperArm {
        

        FrameTransformMatrix {
         0.314171,-0.949329,-0.008398,0.000000,0.806579,0.271574,-0.525051,0.000000,0.500727,0.158183,0.851029,0.000000,0.087086,0.000000,-0.000000,1.000000;;
        }

        Frame Bip01_L_Forearm {
         

         FrameTransformMatrix {
          0.855635,-0.000000,-0.517579,0.000000,0.000000,1.000000,-0.000000,0.000000,0.517579,0.000000,0.855636,0.000000,0.137062,0.000000,0.000000,1.000000;;
         }

         Frame Bip01_L_Hand {
          

          FrameTransformMatrix {
           0.986455,0.028324,-0.161569,0.000000,0.164014,-0.185233,0.968911,0.000000,-0.002485,-0.982286,-0.187370,0.000000,0.137062,0.000000,-0.000000,1.000000;;
          }

          Frame Bip01_L_Finger0 {
           

           FrameTransformMatrix {
            0.829256,-0.514256,0.218807,0.000000,0.558537,0.749101,-0.356210,0.000000,0.019274,0.417601,0.908427,0.000000,0.057681,-0.023605,-0.000272,1.000000;;
           }

           Frame Bip01_L_Finger0Nub {
            

            FrameTransformMatrix {
             1.000000,0.000000,0.000000,0.000000,0.000000,1.000000,0.000000,0.000000,-0.000000,-0.000000,1.000000,0.000000,0.029435,0.000000,0.000000,1.000000;;
            }
           }
          }

          Frame Bip01_L_Finger1 {
           

           FrameTransformMatrix {
            0.989590,-0.000115,0.143914,0.000000,0.000000,1.000000,0.000796,0.000000,-0.143914,-0.000788,0.989590,0.000000,0.084102,-0.000000,-0.000000,1.000000;;
           }

           Frame Bip01_L_Finger1Nub {
            

            FrameTransformMatrix {
             1.000000,0.000000,0.000000,0.000000,-0.000000,1.000000,-0.000000,0.000000,0.000000,0.000000,1.000000,0.000000,0.047988,0.000000,-0.000000,1.000000;;
            }
           }
          }
         }
        }
       }
      }

      Frame Bip01_R_Clavicle {
       

       FrameTransformMatrix {
        -0.000000,-1.000000,0.000003,0.000000,-0.903025,0.000001,0.429589,0.000000,-0.429589,-0.000003,-0.903024,0.000000,-0.023698,-0.015714,0.006128,1.000000;;
       }

       Frame Bip01_R_UpperArm {
        

        FrameTransformMatrix {
         0.233924,0.971714,-0.032419,0.000000,-0.971252,0.235067,0.037589,0.000000,0.044146,0.022695,0.998767,0.000000,0.087086,0.000000,0.000000,1.000000;;
        }

        Frame Bip01_R_Forearm {
         

         FrameTransformMatrix {
          0.979204,0.000000,-0.202878,0.000000,0.000000,1.000000,0.000000,0.000000,0.202878,0.000000,0.979204,0.000000,0.137062,0.000000,-0.000000,1.000000;;
         }

         Frame Bip01_R_Hand {
          

          FrameTransformMatrix {
           0.971486,0.212704,0.104747,0.000000,0.102153,0.023181,-0.994499,0.000000,-0.213962,0.976842,0.000792,0.000000,0.137062,0.000000,0.000000,1.000000;;
          }

          Frame Bip01_R_Finger0 {
           

           FrameTransformMatrix {
            0.829256,0.514255,0.218807,0.000000,-0.558537,0.749101,0.356210,0.000000,0.019274,-0.417601,0.908427,0.000000,0.057681,0.023605,-0.000272,1.000000;;
           }

           Frame Bip01_R_Finger0Nub {
            

            FrameTransformMatrix {
             -1.000000,-0.000000,-0.000000,0.000000,-0.000000,1.000000,0.000000,0.000000,0.000000,0.000000,-1.000000,0.000000,0.029435,0.000000,0.000000,1.000000;;
            }
           }
          }

          Frame Bip01_R_Finger1 {
           

           FrameTransformMatrix {
            0.989590,0.000115,0.143914,0.000000,-0.000000,1.000000,-0.000796,0.000000,-0.143914,0.000788,0.989590,0.000000,0.084102,0.000000,0.000000,1.000000;;
           }

           Frame Bip01_R_Finger1Nub {
            

            FrameTransformMatrix {
             -1.000000,0.000000,0.000000,0.000000,0.000000,1.000000,-0.000000,0.000000,-0.000000,0.000000,-1.000000,0.000000,0.047988,0.000000,0.000000,1.000000;;
            }
           }
          }
         }
        }
       }
      }
     }

     Frame Bip01_BackPack {
      

      FrameTransformMatrix {
       0.180560,0.080500,-0.980264,0.000000,0.047560,0.994765,0.090451,0.000000,0.982413,-0.062954,0.175786,0.000000,0.063697,0.000003,-0.088856,1.000000;;
      }

      Frame Bip01_BackPackNub {
       

       FrameTransformMatrix {
        0.000796,0.000003,1.000000,0.000000,0.000000,-1.000000,0.000003,0.000000,1.000000,-0.000000,-0.000796,0.000000,0.053240,-0.000000,0.000000,1.000000;;
       }
      }
     }
    }

    Frame Bip01_L_Thigh {
     

     FrameTransformMatrix {
      -0.893004,0.344788,-0.289249,0.000000,-0.315574,-0.937947,-0.143767,0.000000,-0.320869,-0.037105,0.946396,0.000000,-0.049233,0.055070,-0.006452,1.000000;;
     }

     Frame Bip01_L_Calf {
      

      FrameTransformMatrix {
       0.839545,-0.000000,-0.543291,0.000000,0.000000,1.000000,0.000000,0.000000,0.543291,0.000000,0.839544,0.000000,0.237500,0.000000,0.000000,1.000000;;
      }

      Frame Bip01_L_Foot {
       

       FrameTransformMatrix {
        0.804598,0.153384,0.573668,0.000000,-0.179935,0.983621,-0.010626,0.000000,-0.565902,-0.094673,0.819019,0.000000,0.206841,0.000000,0.000000,1.000000;;
       }

       Frame Bip01_L_Toe0 {
        

        FrameTransformMatrix {
         -0.000001,0.000000,1.000000,0.000000,0.000000,1.000000,-0.000000,0.000000,-1.000000,0.000000,-0.000001,0.000000,0.065373,0.000000,0.066450,1.000000;;
        }

        Frame Bip01_L_Toe0Nub {
         

         FrameTransformMatrix {
          -1.000000,-0.000000,-0.000000,0.000000,0.000000,1.000000,0.000000,0.000000,-0.000000,0.000000,-1.000000,0.000000,0.006735,0.000000,0.000000,1.000000;;
         }
        }
       }
      }
     }
    }

    Frame Bip01_R_Thigh {
     

     FrameTransformMatrix {
      -0.993934,0.046231,0.099789,0.000000,-0.048898,-0.998505,-0.024444,0.000000,0.098510,-0.029175,0.994708,0.000000,-0.053847,-0.055070,0.000414,1.000000;;
     }

     Frame Bip01_R_Calf {
      

      FrameTransformMatrix {
       0.903933,-0.000000,-0.427673,0.000000,0.000000,1.000000,-0.000000,0.000000,0.427673,0.000000,0.903933,0.000000,0.237500,0.000000,-0.000000,1.000000;;
      }

      Frame Bip01_R_Foot {
       

       FrameTransformMatrix {
        0.975254,-0.205805,0.080770,0.000000,0.112662,0.776958,0.619390,0.000000,-0.190228,-0.594963,0.780918,0.000000,0.206841,0.000000,0.000000,1.000000;;
       }

       Frame Bip01_R_Toe0 {
        

        FrameTransformMatrix {
         -0.000001,0.000000,1.000000,0.000000,-0.000000,1.000000,-0.000000,0.000000,-1.000000,-0.000000,-0.000001,0.000000,0.065373,0.000000,0.066450,1.000000;;
        }

        Frame Bip01_R_Toe0Nub {
         

         FrameTransformMatrix {
          1.000000,-0.000000,0.000000,0.000000,-0.000000,1.000000,-0.000000,0.000000,0.000000,0.000000,1.000000,0.000000,0.006735,-0.000000,0.000000,1.000000;;
         }
        }
       }
      }
     }
    }
   }

   Frame Bip01_DressFront {
    

    FrameTransformMatrix {
     -0.974105,0.170702,-0.148259,0.000000,0.179819,0.982411,-0.050342,0.000000,0.137058,-0.075699,-0.987666,0.000000,-0.044022,0.001410,0.061086,1.000000;;
    }

    Frame Bip01_DressFront02 {
     

     FrameTransformMatrix {
      0.978086,-0.000076,0.208203,0.000000,-0.020069,0.995309,0.094646,0.000000,-0.207234,-0.096750,0.973496,0.000000,0.183352,0.000013,-0.000128,1.000000;;
     }

     Frame Bip01_DressFrontNub {
      

      FrameTransformMatrix {
       0.000796,0.000003,1.000000,0.000000,0.000000,-1.000000,0.000003,0.000000,1.000000,-0.000000,-0.000796,0.000000,0.165302,-0.000000,0.000000,1.000000;;
      }
     }
    }
   }

   Frame Bip01_DressBack {
    

    FrameTransformMatrix {
     -0.971723,0.188837,-0.141759,0.000000,0.202139,0.975568,-0.086059,0.000000,0.122045,-0.112280,-0.986153,0.000000,-0.047750,0.000016,-0.078281,1.000000;;
    }

    Frame Bip01_DressBack02 {
     

     FrameTransformMatrix {
      0.956713,0.047191,0.287181,0.000000,-0.065071,0.996470,0.053033,0.000000,-0.283664,-0.069424,0.956407,0.000000,0.176190,0.000008,-0.000104,1.000000;;
     }

     Frame Bip01_DressBackNub {
      

      FrameTransformMatrix {
       0.000796,0.000003,1.000000,0.000000,0.000000,-1.000000,0.000003,0.000000,1.000000,0.000000,-0.000796,0.000000,0.136508,0.000000,-0.000000,1.000000;;
      }
     }
    }
   }
  }

  Frame Bip01_Prop1 {
   

   FrameTransformMatrix {
    -0.233929,-0.108090,0.966226,0.000000,0.687222,0.684611,0.242967,0.000000,-0.687752,0.720849,-0.085868,0.000000,-0.012236,-0.021355,-0.144533,1.000000;;
   }
  }

  Frame Bip01_Prop2 {
   

   FrameTransformMatrix {
    -0.163643,-0.967062,0.194966,0.000000,0.985575,-0.168906,-0.010564,0.000000,0.043147,0.190425,0.980753,0.000000,0.059125,0.024131,0.157287,1.000000;;
   }
  }
 }
}

Frame Translation_Data {
 

 FrameTransformMatrix {
  1.000000,0.000000,0.000000,0.000000,0.000000,-0.000000,-1.000000,0.000000,0.000000,1.000000,-0.000000,0.000000,0.000000,0.000000,0.000000,1.000000;;
 }
}

Frame Body {
 

 FrameTransformMatrix {
  1.000000,0.000000,0.000000,0.000000,0.000000,1.000000,0.000000,0.000000,0.000000,0.000000,1.000000,0.000000,0.000000,0.000000,0.000000,1.000000;;
 }

 Mesh Body {
  617;
  0.082116;0.745146;0.017944;,
  0.050757;0.734667;0.000229;,
  0.039255;0.761761;0.017034;,
  0.094002;0.724925;0.016237;,
  0.098676;0.706366;0.015058;,
  0.080558;0.672544;-0.017172;,
  0.064890;0.705837;-0.016735;,
  0.100532;0.666979;0.025794;,
  0.025269;0.777277;0.054158;,
  0.061273;0.749481;0.092599;,
  0.064307;0.762623;0.062985;,
  0.029844;0.752516;0.086177;,
  0.043166;0.500122;0.051067;,
  0.001378;0.509091;0.044597;,
  -0.004279;0.494472;0.044783;,
  0.041420;0.512819;0.046836;,
  0.068334;0.533033;0.001996;,
  0.067894;0.499717;0.015600;,
  0.062760;0.543907;-0.037816;,
  0.074079;0.489905;-0.024556;,
  0.056815;0.490267;-0.049603;,
  0.034909;0.676904;-0.046271;,
  0.028332;0.709831;-0.034981;,
  -0.033894;0.514702;0.020751;,
  -0.038294;0.497792;0.019955;,
  0.023252;0.609416;0.083378;,
  -0.024867;0.655000;0.078665;,
  -0.024707;0.615804;0.064227;,
  0.028527;0.653175;0.098600;,
  0.069620;0.433318;-0.047337;,
  0.103091;0.336878;0.011546;,
  0.082021;0.332236;-0.030762;,
  0.082466;0.433764;0.000987;,
  0.090564;0.231704;-0.019548;,
  0.096281;0.245230;0.030301;,
  0.015531;0.425469;-0.046257;,
  -0.000080;0.333520;0.041165;,
  -0.024327;0.399939;-0.009335;,
  0.028227;0.327678;-0.029091;,
  0.031284;0.250188;0.037965;,
  0.047471;0.236410;0.002659;,
  0.074236;0.342410;0.069270;,
  0.050500;0.411992;0.046533;,
  0.067596;0.257538;0.055048;,
  0.049199;0.006964;0.157161;,
  -0.008426;0.007520;0.174797;,
  0.012727;0.006944;0.130803;,
  0.021292;0.007493;0.193015;,
  0.073186;0.187284;0.030834;,
  0.072883;0.144631;0.106486;,
  0.059860;0.127015;0.071834;,
  0.088208;0.205665;0.066211;,
  0.051193;0.078752;0.149254;,
  0.047468;0.067340;0.117252;,
  0.023377;0.179843;0.039087;,
  0.002849;0.164227;0.102263;,
  0.003436;0.221679;0.070051;,
  0.022308;0.134841;0.077932;,
  0.012732;0.093836;0.147643;,
  0.021036;0.068214;0.128998;,
  0.057722;0.170574;0.130628;,
  0.068053;0.237099;0.098616;,
  0.034347;0.100279;0.157410;,
  0.071698;0.470249;0.011862;,
  0.030484;0.494267;-0.083866;,
  0.015531;0.425469;-0.046257;,
  0.024591;0.457599;-0.086498;,
  0.042411;0.446421;0.051334;,
  -0.012185;0.445502;0.041322;,
  0.045371;0.415320;0.041728;,
  -0.005463;0.414501;0.032897;,
  0.018301;0.562172;0.061568;,
  0.059499;0.607896;0.081764;,
  0.077499;0.615002;0.073552;,
  0.076978;0.581273;0.011705;,
  0.096435;0.630773;0.026063;,
  0.058634;0.564464;0.055794;,
  0.082499;0.640740;-0.019846;,
  0.071608;0.588774;-0.024121;,
  0.038999;0.651639;-0.047447;,
  0.031590;0.593036;-0.052231;,
  0.126995;0.712730;0.022630;,
  0.148172;0.666817;0.025545;,
  0.073802;0.708614;0.029642;,
  0.112064;0.601736;0.033205;,
  0.090846;0.649586;0.028137;,
  0.158653;0.615363;0.031081;,
  0.078356;0.698498;0.089549;,
  0.090846;0.649586;0.028137;,
  0.093596;0.649952;0.094151;,
  0.114701;0.598577;0.087075;,
  0.112064;0.601736;0.033205;,
  0.086468;0.701711;0.096781;,
  0.150950;0.667501;0.091639;,
  0.129326;0.712175;0.088530;,
  0.161173;0.612069;0.085003;,
  0.135165;0.715735;0.051273;,
  0.166280;0.600587;0.017034;,
  0.134860;0.531086;-0.005241;,
  0.112020;0.581814;0.018987;,
  0.168671;0.545370;-0.005656;,
  0.148074;0.495601;-0.018511;,
  0.173126;0.498047;-0.021236;,
  0.112020;0.581814;0.018987;,
  0.150404;0.515767;0.047652;,
  0.120175;0.562454;0.078442;,
  0.134860;0.531086;-0.005241;,
  0.158847;0.480365;0.015919;,
  0.148074;0.495601;-0.018511;,
  0.176197;0.527104;0.047125;,
  0.174148;0.581150;0.076628;,
  0.178427;0.483854;0.013243;,
  0.183403;0.401050;-0.104352;,
  0.157613;0.392124;-0.054233;,
  0.164147;0.409925;-0.098495;,
  0.176623;0.383688;-0.060447;,
  0.162540;0.452437;-0.093617;,
  0.177792;0.445915;-0.091317;,
  0.167479;0.442396;-0.092849;,
  0.172015;0.458611;-0.096482;,
  0.147185;0.448603;-0.007779;,
  0.169871;0.458375;-0.062870;,
  0.163496;0.420679;-0.026489;,
  0.146310;0.478695;-0.047350;,
  0.182819;0.416663;-0.029421;,
  0.184362;0.453488;-0.002736;,
  0.184287;0.485788;-0.043464;,
  0.189151;0.453501;-0.063888;,
  0.089349;0.763226;0.075529;,
  0.104985;0.768751;0.050633;,
  0.064307;0.762623;0.062985;,
  0.071057;0.762696;0.039078;,
  0.069120;0.656710;0.099134;,
  0.044479;0.773126;0.033290;,
  0.109988;0.753488;0.027616;,
  0.094002;0.724925;0.016237;,
  0.082116;0.745146;0.017944;,
  0.108200;0.728097;0.026320;,
  0.077308;0.708195;0.100543;,
  0.033550;0.697234;0.099093;,
  0.081213;0.712891;0.098642;,
  -0.020905;0.694153;0.079008;,
  -0.011018;0.750963;0.062224;,
  0.061273;0.749481;0.092599;,
  0.081213;0.712891;0.098642;,
  0.089068;0.697364;0.041485;,
  0.085363;0.705957;0.088867;,
  0.073802;0.708614;0.029642;,
  0.084640;0.658635;0.071133;,
  0.092984;0.661569;0.037249;,
  0.098676;0.706366;0.015058;,
  0.082746;0.658421;0.087861;,
  0.146310;0.478695;-0.047350;,
  0.046427;0.804089;0.022881;,
  0.032441;0.810218;0.040128;,
  -0.003185;0.780162;0.047128;,
  0.005581;0.813477;0.041253;,
  0.189151;0.453501;-0.063888;,
  0.183403;0.401050;-0.104352;,
  0.176623;0.383688;-0.060447;,
  0.151930;0.462564;-0.080086;,
  0.176311;0.471173;-0.081638;,
  0.151930;0.462564;-0.080086;,
  0.162365;0.448751;-0.075950;,
  0.184179;0.456109;-0.067246;,
  0.184179;0.456109;-0.067246;,
  0.162540;0.452437;-0.093617;,
  0.172015;0.458611;-0.096482;,
  0.177792;0.445915;-0.091317;,
  0.095309;0.027547;0.095015;,
  0.093151;0.005307;0.041299;,
  0.088339;0.023986;0.046518;,
  0.103694;0.005823;0.092075;,
  -0.005732;0.040777;0.163396;,
  0.012727;0.006944;0.130803;,
  -0.008426;0.007520;0.174797;,
  0.013090;0.031863;0.127630;,
  0.012732;0.093836;0.147643;,
  0.029819;0.043791;0.184890;,
  0.034347;0.100279;0.157410;,
  0.049199;0.006964;0.157161;,
  0.021292;0.007493;0.193015;,
  0.051743;0.041872;0.155256;,
  0.047468;0.067340;0.117252;,
  0.051193;0.078752;0.149254;,
  0.059458;0.021100;0.040877;,
  0.057972;0.005465;0.031680;,
  0.103694;0.005823;0.092075;,
  0.057972;0.005465;0.031680;,
  0.028227;0.327678;-0.029091;,
  0.047471;0.236410;0.002659;,
  0.023377;0.179843;0.039087;,
  0.022308;0.134841;0.077932;,
  0.021036;0.068214;0.128998;,
  0.021036;0.068214;0.128998;,
  -0.003464;0.428702;-0.053609;,
  0.061253;0.809205;-0.002605;,
  0.046129;0.794535;-0.019345;,
  0.054508;0.801678;-0.021537;,
  0.043161;0.796955;0.005348;,
  0.050075;0.830898;0.016954;,
  0.039760;0.843033;0.035088;,
  0.023090;0.940272;-0.038537;,
  0.006306;0.926242;-0.065072;,
  0.003120;0.942748;-0.040403;,
  0.046916;0.868792;-0.072763;,
  0.030677;0.864907;-0.080107;,
  0.040042;0.897535;-0.069703;,
  0.058727;0.821626;-0.027924;,
  0.063704;0.837499;-0.003259;,
  0.057984;0.821571;0.004123;,
  0.060288;0.874750;0.007898;,
  0.061526;0.880956;-0.015808;,
  0.051480;0.908378;-0.054003;,
  0.057868;0.915961;-0.027892;,
  0.059732;0.871843;-0.041425;,
  0.056128;0.880868;0.022986;,
  0.043078;0.891130;0.040946;,
  0.003310;0.889849;0.049465;,
  0.033487;0.934141;0.020686;,
  -0.000086;0.934322;0.028482;,
  0.062214;0.849821;-0.036485;,
  0.051369;0.808936;-0.040424;,
  0.050113;0.839468;-0.059370;,
  0.040083;0.781386;-0.048585;,
  0.020347;0.775888;-0.037323;,
  0.021750;0.774406;-0.058366;,
  0.033134;0.917509;-0.064640;,
  0.043549;0.932284;-0.035218;,
  0.050197;0.929972;0.003470;,
  0.035823;0.944150;-0.008950;,
  0.017723;0.948821;-0.004640;,
  0.000230;0.949618;-0.003751;,
  0.007735;0.850217;0.044569;,
  0.050197;0.929972;0.003470;,
  0.035823;0.944150;-0.008950;,
  0.069715;0.840691;-0.003976;,
  0.070196;0.888239;-0.001902;,
  0.076352;0.871476;0.009702;,
  0.065232;0.868406;-0.004126;,
  0.076352;0.871476;0.009702;,
  0.069715;0.840691;-0.003976;,
  0.070196;0.888239;-0.001902;,
  0.061526;0.880956;-0.015808;,
  0.064771;0.856118;-0.018239;,
  0.063704;0.837499;-0.003259;,
  0.047775;0.861268;-0.063201;,
  0.064771;0.856118;-0.018239;,
  0.044479;0.773126;0.033290;,
  0.046427;0.804089;0.022881;,
  0.071057;0.762696;0.039078;,
  0.050075;0.830898;0.016954;,
  0.021000;0.754788;-0.012626;,
  0.023689;0.732857;-0.021445;,
  0.029054;0.550700;-0.064673;,
  -0.046301;0.450332;0.017114;,
  -0.042483;0.419826;0.001900;,
  -0.036404;0.410355;0.013770;,
  0.022691;0.778847;-0.020106;,
  -0.003464;0.428702;-0.053609;,
  0.017723;0.948821;-0.004640;,
  0.000230;0.949618;-0.003751;,
  0.038172;0.811581;-0.058995;,
  0.029103;0.832020;-0.070030;,
  0.030206;0.822526;-0.068672;,
  0.008102;0.915003;-0.075580;,
  0.011104;0.891504;-0.084863;,
  0.028743;0.857385;-0.069659;,
  -0.023897;0.568280;0.040961;,
  0.071057;0.762696;0.039078;,
  0.093151;0.005307;0.041299;,
  0.031271;0.801208;-0.064689;,
  0.038174;0.805093;-0.057720;,
  0.030372;0.806472;-0.061931;,
  0.017988;0.819460;-0.074192;,
  0.017895;0.826387;-0.084809;,
  0.030115;0.809559;-0.067324;,
  0.018793;0.805478;-0.063176;,
  0.019856;0.797934;-0.067819;,
  0.014438;0.861023;-0.087451;,
  0.015020;0.852396;-0.082095;,
  0.085363;0.705957;0.088867;,
  0.019048;0.807877;-0.071689;,
  0.078034;0.698359;0.055954;,
  0.089068;0.697364;0.041485;,
  0.098676;0.706366;0.015058;,
  0.056128;0.880868;0.022986;,
  0.073186;0.187284;0.030834;,
  0.051897;0.130823;-0.025964;,
  0.053053;0.200194;-0.056011;,
  0.059860;0.127015;0.071834;,
  0.090564;0.231704;-0.019548;,
  0.063764;0.252647;-0.071351;,
  0.082021;0.332236;-0.030762;,
  0.043540;0.345949;-0.077313;,
  0.069620;0.433318;-0.047337;,
  0.034439;0.433687;-0.082783;,
  0.056815;0.490267;-0.049603;,
  0.046768;0.063425;-0.006688;,
  0.047468;0.067340;0.117252;,
  -0.005815;0.164639;0.116464;,
  -0.038565;0.049283;0.007590;,
  -0.013000;0.105486;0.152765;,
  -0.032996;0.121105;-0.002492;,
  -0.021526;0.186576;-0.019239;,
  0.000906;0.228254;0.082880;,
  -0.017347;0.242095;-0.031471;,
  0.011222;0.257084;0.059644;,
  -0.007903;0.334991;0.053837;,
  -0.031117;0.327308;-0.003870;,
  -0.040795;0.392858;-0.003191;,
  0.078034;0.698359;0.055954;,
  -0.043958;0.751249;-0.035673;,
  -0.010429;0.737628;-0.025792;,
  -0.052586;0.732019;-0.046105;,
  -0.012352;0.764259;-0.004914;,
  -0.056850;0.714377;-0.051915;,
  -0.017140;0.680936;-0.061653;,
  -0.063450;0.681065;-0.048864;,
  -0.010349;0.709478;-0.048733;,
  -0.028116;0.779860;0.031454;,
  -0.082214;0.756037;0.031906;,
  -0.056317;0.756686;0.049534;,
  -0.062456;0.768241;0.010179;,
  -0.093312;0.528616;-0.040312;,
  -0.069463;0.524182;-0.001379;,
  -0.084976;0.539745;-0.035195;,
  -0.073094;0.508840;-0.001292;,
  -0.049320;0.558096;-0.074362;,
  -0.070012;0.528509;-0.076736;,
  -0.008947;0.559183;-0.084354;,
  -0.040048;0.514398;-0.099903;,
  -0.010357;0.504291;-0.094579;,
  -0.033894;0.514702;0.020751;,
  -0.038294;0.497792;0.019955;,
  -0.068961;0.621905;0.037742;,
  -0.024867;0.655000;0.078665;,
  -0.074568;0.662030;0.051663;,
  -0.024707;0.615804;0.064227;,
  -0.021612;0.468397;-0.121144;,
  -0.066192;0.369431;-0.155980;,
  -0.070125;0.459008;-0.109886;,
  -0.019360;0.376588;-0.159287;,
  -0.011249;0.284601;-0.195365;,
  -0.058246;0.277492;-0.173134;,
  0.008900;0.455346;-0.079587;,
  -0.034357;0.336879;-0.058718;,
  0.009087;0.362011;-0.115748;,
  -0.044148;0.404078;-0.022606;,
  -0.031172;0.265182;-0.114273;,
  -0.007613;0.270671;-0.148348;,
  -0.099044;0.348431;-0.104259;,
  -0.095018;0.421806;-0.068227;,
  -0.066194;0.272400;-0.133915;,
  -0.079161;-0.000401;-0.171441;,
  -0.105077;-0.000347;-0.117031;,
  -0.118678;-0.002098;-0.149078;,
  -0.058517;0.001985;-0.131527;,
  -0.030265;0.221968;-0.179576;,
  -0.078611;0.150656;-0.168632;,
  -0.071647;0.225032;-0.169923;,
  -0.039088;0.148395;-0.179285;,
  -0.080973;0.070424;-0.166888;,
  -0.048615;0.069962;-0.174535;,
  -0.008181;0.199762;-0.139282;,
  -0.043299;0.152394;-0.104940;,
  -0.026083;0.143189;-0.143059;,
  -0.033903;0.216435;-0.092730;,
  -0.072082;0.078956;-0.129170;,
  -0.059790;0.063106;-0.140953;,
  -0.097013;0.158045;-0.135579;,
  -0.095508;0.232104;-0.127203;,
  -0.088787;0.085312;-0.144493;,
  -0.076200;0.501127;-0.087164;,
  0.008900;0.455346;-0.079587;,
  -0.108325;0.477891;-0.049592;,
  -0.081000;0.459869;-0.004753;,
  -0.098474;0.432458;-0.063114;,
  -0.072981;0.421266;-0.022077;,
  -0.064027;0.576629;0.017278;,
  -0.088818;0.627984;0.008362;,
  -0.091165;0.637845;-0.009920;,
  -0.047610;0.603150;-0.055320;,
  -0.079163;0.588660;-0.018337;,
  -0.060760;0.652063;-0.051733;,
  -0.013863;0.653791;-0.067536;,
  -0.013206;0.603667;-0.069749;,
  -0.097521;0.727272;-0.066623;,
  -0.049034;0.723105;-0.043661;,
  -0.115181;0.681104;-0.077649;,
  -0.079062;0.612120;-0.071021;,
  -0.123375;0.625668;-0.085656;,
  -0.060451;0.664828;-0.059490;,
  -0.071343;0.703043;0.009364;,
  -0.083716;0.654115;0.001415;,
  -0.060451;0.664828;-0.059490;,
  -0.096694;0.608219;-0.019358;,
  -0.079062;0.612120;-0.071021;,
  -0.081518;0.704841;0.014018;,
  -0.138519;0.670689;-0.016630;,
  -0.120287;0.715678;-0.005829;,
  -0.140891;0.621694;-0.033905;,
  -0.114429;0.725290;-0.041998;,
  -0.129615;0.604493;-0.099767;,
  -0.098309;0.531584;-0.103997;,
  -0.130252;0.546520;-0.114191;,
  -0.078386;0.584823;-0.082766;,
  -0.109954;0.494127;-0.114259;,
  -0.133848;0.497205;-0.123695;,
  -0.078386;0.584823;-0.082766;,
  -0.126112;0.525024;-0.054420;,
  -0.098309;0.531584;-0.103997;,
  -0.100652;0.574760;-0.024949;,
  -0.131072;0.488345;-0.081215;,
  -0.109954;0.494127;-0.114259;,
  -0.150407;0.536819;-0.062463;,
  -0.151679;0.594307;-0.041690;,
  -0.147912;0.489342;-0.089503;,
  -0.116961;0.366475;-0.151172;,
  -0.114713;0.384433;-0.097050;,
  -0.130388;0.372207;-0.105763;,
  -0.100870;0.378948;-0.142843;,
  -0.096789;0.418802;-0.157964;,
  -0.112279;0.412583;-0.159320;,
  -0.103576;0.421954;-0.166914;,
  -0.102671;0.409817;-0.154725;,
  -0.117882;0.456731;-0.082234;,
  -0.115214;0.437530;-0.139412;,
  -0.097874;0.464989;-0.126996;,
  -0.128168;0.421831;-0.090720;,
  -0.144976;0.414985;-0.099010;,
  -0.153169;0.459612;-0.095574;,
  -0.133183;0.469198;-0.142593;,
  -0.132847;0.430819;-0.145779;,
  -0.088856;0.771825;-0.000204;,
  -0.081371;0.777753;-0.028522;,
  -0.062456;0.768241;0.010179;,
  -0.050082;0.768557;-0.012432;,
  -0.100565;0.671285;0.021880;,
  -0.026715;0.776572;0.003012;,
  -0.070596;0.762402;-0.048574;,
  -0.052586;0.732019;-0.046105;,
  -0.073498;0.739338;-0.053084;,
  -0.043958;0.751249;-0.035673;,
  -0.100149;0.716252;0.023727;,
  -0.100926;0.721071;0.019929;,
  -0.072683;0.702376;0.053913;,
  -0.020905;0.694153;0.079008;,
  -0.011018;0.750963;0.062224;,
  -0.082214;0.756037;0.031906;,
  -0.100926;0.721071;0.019929;,
  -0.069318;0.705301;-0.026768;,
  -0.049034;0.723105;-0.043661;,
  -0.097927;0.714550;0.009349;,
  -0.088914;0.673543;-0.007883;,
  -0.068042;0.675401;-0.036063;,
  -0.056850;0.714377;-0.051915;,
  -0.100488;0.674160;0.004439;,
  -0.097874;0.464989;-0.126996;,
  -0.020629;0.802530;0.005876;,
  -0.017168;0.809065;0.027547;,
  -0.003185;0.780162;0.047128;,
  0.005581;0.813477;0.041253;,
  -0.132847;0.430819;-0.145779;,
  -0.116961;0.366475;-0.151172;,
  -0.130388;0.372207;-0.105763;,
  -0.091514;0.435057;-0.147661;,
  -0.112112;0.439456;-0.162740;,
  -0.091514;0.435057;-0.147661;,
  -0.104156;0.423756;-0.142250;,
  -0.126693;0.432062;-0.147618;,
  -0.126693;0.432062;-0.147618;,
  -0.096789;0.418802;-0.157964;,
  -0.103576;0.421954;-0.166914;,
  -0.112279;0.412583;-0.159320;,
  -0.012498;0.024011;-0.208481;,
  0.041736;0.005757;-0.197984;,
  -0.006848;0.002446;-0.215825;,
  0.034575;0.024072;-0.194435;,
  -0.095752;0.033610;-0.118833;,
  -0.058517;0.001985;-0.131527;,
  -0.057073;0.027061;-0.132022;,
  -0.105077;-0.000347;-0.117031;,
  -0.072082;0.078956;-0.129170;,
  -0.111941;0.034576;-0.157200;,
  -0.088787;0.085312;-0.144493;,
  -0.079161;-0.000401;-0.171441;,
  -0.079343;0.034515;-0.174518;,
  -0.118678;-0.002098;-0.149078;,
  -0.048615;0.069962;-0.174535;,
  -0.080973;0.070424;-0.166888;,
  0.036095;0.021994;-0.164978;,
  0.046041;0.007089;-0.161793;,
  -0.006848;0.002446;-0.215825;,
  0.046041;0.007089;-0.161793;,
  0.009087;0.362011;-0.115748;,
  -0.007613;0.270671;-0.148348;,
  -0.008181;0.199762;-0.139282;,
  -0.026083;0.143189;-0.143059;,
  -0.059790;0.063106;-0.140953;,
  -0.059790;0.063106;-0.140953;,
  -0.030310;0.799652;-0.008036;,
  -0.010641;0.788612;-0.022712;,
  -0.008783;0.795748;-0.007825;,
  -0.019995;0.793905;-0.025955;,
  -0.026199;0.822940;0.012430;,
  -0.020794;0.836715;0.031497;,
  -0.015991;0.936194;-0.040855;,
  0.003120;0.942748;-0.040403;,
  -0.020434;0.861765;-0.076758;,
  -0.020025;0.891268;-0.073265;,
  -0.002998;0.861394;-0.082104;,
  -0.027450;0.812634;-0.033035;,
  -0.038435;0.826842;-0.009317;,
  -0.030464;0.812343;-0.001122;,
  -0.044084;0.863861;0.001708;,
  -0.043791;0.869968;-0.022054;,
  -0.035206;0.899334;-0.059145;,
  -0.037179;0.861732;-0.047173;,
  -0.046025;0.905121;-0.034054;,
  -0.043065;0.870519;0.017103;,
  -0.034597;0.883026;0.036339;,
  0.003310;0.889849;0.049465;,
  -0.031757;0.927333;0.016817;,
  -0.000086;0.934322;0.028482;,
  -0.035638;0.839612;-0.042288;,
  -0.019074;0.832250;-0.063473;,
  -0.016229;0.801883;-0.044433;,
  0.001357;0.777346;-0.050882;,
  -0.018015;0.912173;-0.067674;,
  -0.034613;0.924129;-0.039854;,
  -0.045121;0.920027;-0.002183;,
  -0.032620;0.937009;-0.013009;,
  0.000230;0.949618;-0.003751;,
  -0.016498;0.945250;-0.006670;,
  0.007735;0.850217;0.044569;,
  -0.045121;0.920027;-0.002183;,
  -0.032620;0.937009;-0.013009;,
  -0.044849;0.828738;-0.010770;,
  -0.055339;0.875141;-0.009347;,
  -0.046177;0.856782;-0.010733;,
  -0.059229;0.857330;0.001661;,
  -0.059229;0.857330;0.001661;,
  -0.044849;0.828738;-0.010770;,
  -0.055339;0.875141;-0.009347;,
  -0.043791;0.869968;-0.022054;,
  -0.041550;0.845025;-0.024544;,
  -0.038435;0.826842;-0.009317;,
  -0.020840;0.854109;-0.067270;,
  -0.041550;0.845025;-0.024544;,
  -0.026715;0.776572;0.003012;,
  -0.020629;0.802530;0.005876;,
  -0.050082;0.768557;-0.012432;,
  -0.026199;0.822940;0.012430;,
  -0.046301;0.450332;0.017114;,
  -0.042483;0.419826;0.001900;,
  -0.036404;0.410355;0.013770;,
  -0.003464;0.428702;-0.053609;,
  -0.016498;0.945250;-0.006670;,
  0.000230;0.949618;-0.003751;,
  -0.001779;0.807412;-0.061365;,
  0.004118;0.829414;-0.071512;,
  0.004840;0.819879;-0.070176;,
  -0.000794;0.854303;-0.071411;,
  -0.023897;0.568280;0.040961;,
  -0.050082;0.768557;-0.012432;,
  0.041736;0.005757;-0.197984;,
  -0.000596;0.801048;-0.060019;,
  0.007725;0.798751;-0.066085;,
  0.007193;0.804053;-0.063306;,
  0.007438;0.807193;-0.068669;,
  -0.097927;0.714550;0.009349;,
  -0.071158;0.705885;-0.009256;,
  -0.069318;0.705301;-0.026768;,
  -0.056850;0.714377;-0.051915;,
  -0.043065;0.870519;0.017103;,
  0.024053;0.225799;-0.160455;,
  0.035034;0.141394;-0.103804;,
  0.010672;0.149593;-0.164656;,
  0.039695;0.217022;-0.110648;,
  0.027029;0.285337;-0.165740;,
  0.048958;0.277249;-0.124056;,
  0.026973;0.373629;-0.130951;,
  0.039579;0.364123;-0.108954;,
  0.024989;0.459371;-0.106697;,
  0.033005;0.448719;-0.098766;,
  0.030484;0.494267;-0.083866;,
  -0.010357;0.504291;-0.094579;,
  0.033499;0.076519;-0.100831;,
  0.005448;0.077300;-0.168609;,
  -0.061130;0.066455;-0.079389;,
  -0.097013;0.158045;-0.135579;,
  -0.088778;0.085312;-0.144483;,
  -0.054362;0.141480;-0.080172;,
  -0.095508;0.232104;-0.127203;,
  -0.048548;0.213516;-0.083917;,
  -0.041869;0.258583;-0.082222;,
  -0.066194;0.272400;-0.133915;,
  -0.099044;0.348431;-0.104259;,
  -0.041898;0.330591;-0.044225;,
  -0.042483;0.419826;0.001900;,
  -0.072981;0.421266;-0.022077;,
  -0.071158;0.705885;-0.009256;,
  -0.021612;0.468397;-0.121144;,
  -0.019360;0.376588;-0.159287;,
  -0.011249;0.284601;-0.195365;,
  -0.030265;0.221968;-0.179576;,
  -0.039088;0.148395;-0.179285;,
  -0.048615;0.069962;-0.174535;,
  0.074236;0.342410;0.069270;,
  -0.005463;0.414501;0.032897;,
  0.050500;0.411992;0.046533;,
  0.067596;0.257538;0.055048;,
  0.068053;0.237099;0.098616;,
  0.057722;0.170574;0.130628;,
  0.034347;0.100279;0.157410;,
  -0.095018;0.421806;-0.068227;;
  916;
  3;0,1,2;,
  3;1,0,3;,
  3;4,5,6;,
  3;5,4,7;,
  3;8,9,10;,
  3;9,8,11;,
  3;12,13,14;,
  3;13,12,15;,
  3;16,12,17;,
  3;12,16,15;,
  3;18,19,20;,
  3;19,18,16;,
  3;6,21,22;,
  3;21,6,5;,
  3;14,23,24;,
  3;23,14,13;,
  3;25,26,27;,
  3;26,25,28;,
  3;29,30,31;,
  3;30,29,32;,
  3;30,33,31;,
  3;33,30,34;,
  3;35,36,37;,
  3;36,35,38;,
  3;38,39,36;,
  3;39,38,40;,
  3;37,41,42;,
  3;41,37,36;,
  3;36,43,41;,
  3;43,36,39;,
  3;42,30,32;,
  3;30,42,41;,
  3;41,34,30;,
  3;34,41,43;,
  3;44,45,46;,
  3;45,44,47;,
  3;48,49,50;,
  3;49,48,51;,
  3;50,52,53;,
  3;52,50,49;,
  3;54,55,56;,
  3;55,54,57;,
  3;57,58,55;,
  3;58,57,59;,
  3;56,60,61;,
  3;60,56,55;,
  3;55,62,60;,
  3;62,55,58;,
  3;61,49,51;,
  3;49,61,60;,
  3;60,52,49;,
  3;52,60,62;,
  3;32,19,63;,
  3;19,32,29;,
  3;64,65,66;,
  3;65,64,20;,
  3;14,67,12;,
  3;67,14,68;,
  3;68,69,67;,
  3;69,68,70;,
  3;70,42,69;,
  3;42,70,37;,
  3;48,34,51;,
  3;34,48,33;,
  3;51,43,61;,
  3;43,51,34;,
  3;43,56,61;,
  3;56,43,39;,
  3;39,54,56;,
  3;54,39,40;,
  3;12,63,17;,
  3;63,12,67;,
  3;67,32,63;,
  3;32,67,69;,
  3;69,42,32;,
  3;71,72,25;,
  3;73,74,75;,
  3;74,73,76;,
  3;74,77,75;,
  3;77,74,78;,
  3;79,78,80;,
  3;78,79,77;,
  3;81,82,83;,
  3;82,84,85;,
  3;84,82,86;,
  3;87,88,89;,
  3;88,90,89;,
  3;90,88,91;,
  3;92,93,94;,
  3;92,89,93;,
  3;92,87,89;,
  3;89,95,93;,
  3;95,89,90;,
  3;96,93,82;,
  3;93,86,82;,
  3;86,93,95;,
  3;97,98,99;,
  3;98,97,100;,
  3;100,101,98;,
  3;101,100,102;,
  3;103,104,105;,
  3;104,103,106;,
  3;106,107,104;,
  3;107,106,108;,
  3;105,109,110;,
  3;109,105,104;,
  3;104,111,109;,
  3;111,104,107;,
  3;110,100,97;,
  3;100,110,109;,
  3;109,102,100;,
  3;102,109,111;,
  3;112,113,114;,
  3;113,112,115;,
  3;116,117,118;,
  3;117,116,119;,
  3;120,121,122;,
  3;121,120,123;,
  3;120,124,125;,
  3;124,120,122;,
  3;126,124,127;,
  3;124,126,125;,
  3;95,97,86;,
  3;97,95,110;,
  3;86,99,84;,
  3;99,86,97;,
  3;90,103,105;,
  3;103,90,91;,
  3;105,95,90;,
  3;95,105,110;,
  3;128,96,129;,
  3;96,128,94;,
  3;129,130,128;,
  3;130,129,131;,
  3;72,28,25;,
  3;28,72,132;,
  3;10,133,8;,
  3;134,135,136;,
  3;135,134,137;,
  3;81,137,134;,
  3;138,11,139;,
  3;138,9,11;,
  3;138,140,9;,
  3;141,11,142;,
  3;11,141,139;,
  3;128,130,143;,
  3;94,144,92;,
  3;94,143,144;,
  3;94,128,143;,
  3;145,87,146;,
  3;87,145,147;,
  3;75,148,73;,
  3;148,75,149;,
  3;150,147,145;,
  3;7,149,75;,
  3;148,151,73;,
  3;102,152,101;,
  3;152,102,126;,
  3;102,125,126;,
  3;125,102,111;,
  3;111,120,125;,
  3;120,111,107;,
  3;120,108,123;,
  3;108,120,107;,
  3;8,153,154;,
  3;153,8,133;,
  3;154,155,8;,
  3;155,154,156;,
  3;122,114,113;,
  3;114,122,121;,
  3;121,112,114;,
  3;112,121,157;,
  3;158,124,159;,
  3;124,158,127;,
  3;159,122,113;,
  3;122,159,124;,
  3;126,160,152;,
  3;160,126,161;,
  3;162,121,123;,
  3;121,162,163;,
  3;121,164,157;,
  3;164,121,163;,
  3;165,126,127;,
  3;126,165,161;,
  3;161,166,160;,
  3;166,161,167;,
  3;162,118,163;,
  3;118,162,116;,
  3;163,117,164;,
  3;117,163,118;,
  3;165,167,161;,
  3;167,165,168;,
  3;169,170,171;,
  3;170,169,172;,
  3;173,174,175;,
  3;174,173,176;,
  3;177,178,179;,
  3;178,177,173;,
  3;180,178,181;,
  3;178,180,182;,
  3;183,169,171;,
  3;169,183,184;,
  3;174,185,186;,
  3;185,174,176;,
  3;46,187,44;,
  3;187,46,188;,
  3;180,169,182;,
  3;169,180,172;,
  3;20,29,65;,
  3;19,29,20;,
  3;29,31,189;,
  3;31,190,189;,
  3;190,31,33;,
  3;33,191,190;,
  3;191,33,48;,
  3;191,50,192;,
  3;50,191,48;,
  3;192,53,193;,
  3;53,192,50;,
  3;194,171,185;,
  3;171,194,183;,
  3;171,186,185;,
  3;186,171,170;,
  3;185,176,194;,
  3;194,173,177;,
  3;173,194,176;,
  3;178,175,181;,
  3;175,178,173;,
  3;179,182,184;,
  3;182,179,178;,
  3;182,169,184;,
  3;16,17,19;,
  3;17,63,19;,
  3;65,195,66;,
  3;196,197,198;,
  3;197,196,199;,
  3;200,154,153;,
  3;154,200,201;,
  3;202,203,204;,
  3;205,206,207;,
  3;196,208,209;,
  3;208,196,198;,
  3;210,209,211;,
  3;209,210,196;,
  3;212,213,214;,
  3;213,212,215;,
  3;212,214,211;,
  3;201,216,217;,
  3;216,201,200;,
  3;218,219,220;,
  3;219,218,217;,
  3;210,199,196;,
  3;213,205,207;,
  3;221,222,223;,
  3;198,197,224;,
  3;224,225,226;,
  3;225,224,197;,
  3;227,213,207;,
  3;228,229,214;,
  3;229,228,230;,
  3;220,231,232;,
  3;213,228,214;,
  3;156,201,233;,
  3;201,156,154;,
  3;233,217,218;,
  3;217,233,201;,
  3;219,217,234;,
  3;235,219,234;,
  3;236,237,238;,
  3;237,236,239;,
  3;209,240,211;,
  3;240,209,241;,
  3;211,242,212;,
  3;242,211,240;,
  3;243,239,244;,
  3;239,243,237;,
  3;244,236,245;,
  3;236,244,239;,
  3;246,221,223;,
  3;221,246,215;,
  3;221,212,247;,
  3;212,221,215;,
  3;199,248,2;,
  3;248,199,249;,
  3;133,10,250;,
  3;249,210,251;,
