xof 0303txt 0032
template ColorRGBA {
 <35ff44e0-6c7c-11cf-8f52-0040333594a3>
 FLOAT red;
 FLOAT green;
 FLOAT blue;
 FLOAT alpha;
}

template ColorRGB {
 <d3e16e81-7835-11cf-8f52-0040333594a3>
 FLOAT red;
 FLOAT green;
 FLOAT blue;
}

template Material {
 <3d82ab4d-62da-11cf-ab39-0020af71e433>
 ColorRGBA faceColor;
 FLOAT power;
 ColorRGB specularColor;
 ColorRGB emissiveColor;
 [...]
}

template TextureFilename {
 <a42790e1-7810-11cf-8f52-0040333594a3>
 STRING filename;
}

template Frame {
 <3d82ab46-62da-11cf-ab39-0020af71e433>
 [...]
}

template Matrix4x4 {
 <f6f23f45-7686-11cf-8f52-0040333594a3>
 array FLOAT matrix[16];
}

template FrameTransformMatrix {
 <f6f23f41-7686-11cf-8f52-0040333594a3>
 Matrix4x4 frameMatrix;
}

template Vector {
 <3d82ab5e-62da-11cf-ab39-0020af71e433>
 FLOAT x;
 FLOAT y;
 FLOAT z;
}

template MeshFace {
 <3d82ab5f-62da-11cf-ab39-0020af71e433>
 DWORD nFaceVertexIndices;
 array DWORD faceVertexIndices[nFaceVertexIndices];
}

template Mesh {
 <3d82ab44-62da-11cf-ab39-0020af71e433>
 DWORD nVertices;
 array Vector vertices[nVertices];
 DWORD nFaces;
 array MeshFace faces[nFaces];
 [...]
}

template MeshMaterialList {
 <f6f23f42-7686-11cf-8f52-0040333594a3>
 DWORD nMaterials;
 DWORD nFaceIndexes;
 array DWORD faceIndexes[nFaceIndexes];
 [Material <3d82ab4d-62da-11cf-ab39-0020af71e433>]
}

template VertexElement {
 <f752461c-1e23-48f6-b9f8-8350850f336f>
 DWORD Type;
 DWORD Method;
 DWORD Usage;
 DWORD UsageIndex;
}

template DeclData {
 <bf22e553-292c-4781-9fea-62bd554bdd93>
 DWORD nElements;
 array VertexElement Elements[nElements];
 DWORD nDWords;
 array DWORD data[nDWords];
}

template XSkinMeshHeader {
 <3cf169ce-ff7c-44ab-93c0-f78f62d172e2>
 WORD nMaxSkinWeightsPerVertex;
 WORD nMaxSkinWeightsPerFace;
 WORD nBones;
}

template SkinWeights {
 <6f0d123b-bad2-4167-a0d0-80224f25fabb>
 STRING transformNodeName;
 DWORD nWeights;
 array DWORD vertexIndices[nWeights];
 array FLOAT weights[nWeights];
 Matrix4x4 matrixOffset;
}

template AnimTicksPerSecond {
 <9e415a43-7ba6-4a73-8743-b73d47e88476>
 DWORD AnimTicksPerSecond;
}

template Animation {
 <3d82ab4f-62da-11cf-ab39-0020af71e433>
 [...]
}

template AnimationSet {
 <3d82ab50-62da-11cf-ab39-0020af71e433>
 [Animation <3d82ab4f-62da-11cf-ab39-0020af71e433>]
}

template FloatKeys {
 <10dd46a9-775b-11cf-8f52-0040333594a3>
 DWORD nValues;
 array FLOAT values[nValues];
}

template TimedFloatKeys {
 <f406b180-7b3b-11cf-8f52-0040333594a3>
 DWORD time;
 FloatKeys tfkeys;
}

template AnimationKey {
 <10dd46a8-775b-11cf-8f52-0040333594a3>
 DWORD keyType;
 DWORD nKeys;
 array TimedFloatKeys keys[nKeys];
}


Material _03_-_Default {
 1.000000;1.000000;1.000000;1.000000;;
 9.999999;
 0.000000;0.000000;0.000000;;
 0.000000;0.000000;0.000000;;

 TextureFilename {
  "MaleBody_full.png";
 }
}

Frame Dummy01 {
 

 FrameTransformMatrix {
  1.000000,0.000000,0.000000,0.000000,0.000000,-0.000000,-1.000000,0.000000,0.000000,1.000000,-0.000000,0.000000,0.000000,0.000000,0.000000,1.000000;;
 }

 Frame Bip01 {
  

  FrameTransformMatrix {
   0.484444,0.819615,-0.305852,0.000000,0.122471,0.282633,0.951378,0.000000,0.866207,-0.498347,0.036540,0.000000,0.000000,-0.050407,0.508268,1.000000;;
  }

  Frame Bip01_Pelvis {
   

   FrameTransformMatrix {
    -0.000000,1.000000,-0.000001,0.000000,0.087154,0.000001,0.996195,0.000000,0.996195,-0.000000,-0.087154,0.000000,0.000000,0.000000,0.000000,1.000000;;
   }

   Frame Bip01_Spine {
    

    FrameTransformMatrix {
     0.998192,-0.005238,-0.059886,0.000000,-0.000001,0.996195,-0.087152,0.000000,0.060114,0.086994,0.994393,0.000000,0.051628,-0.000007,-0.000084,1.000000;;
    }

    Frame Bip01_Spine1 {
     

     FrameTransformMatrix {
      0.944325,-0.155507,0.289944,0.000000,0.115540,0.981865,0.150304,0.000000,-0.308059,-0.108436,0.945167,0.000000,0.106506,0.000009,-0.000080,1.000000;;
     }

     Frame Bip01_Neck {
      

      FrameTransformMatrix {
       1.000000,-0.000341,-0.000077,0.000000,0.000341,0.903366,0.428870,0.000000,-0.000077,-0.428870,0.903366,0.000000,0.130504,0.000012,0.004628,1.000000;;
      }

      Frame Bip01_Head {
       

       FrameTransformMatrix {
        0.716965,-0.041548,0.695869,0.000000,0.155695,0.982551,-0.101751,0.000000,-0.679500,0.181295,0.710924,0.000000,0.033674,0.000000,0.000000,1.000000;;
       }

       Frame Bip01_HeadNub {
        

        FrameTransformMatrix {
         1.000000,0.000000,0.000000,0.000000,0.000000,1.000000,0.000000,0.000000,-0.000000,0.000000,1.000000,0.000000,0.169824,0.000000,-0.000000,1.000000;;
        }
       }
      }

      Frame Bip01_L_Clavicle {
       

       FrameTransformMatrix {
        -0.000342,0.903365,-0.428872,0.000000,1.000000,0.000000,-0.000796,0.000000,-0.000719,-0.428872,-0.903365,0.000000,-0.024030,0.012193,-0.010913,1.000000;;
       }

       Frame Bip01_L_UpperArm {
        

        FrameTransformMatrix {
         0.255479,-0.912319,-0.320008,0.000000,0.628607,0.408225,-0.661971,0.000000,0.734563,-0.032039,0.677783,0.000000,0.087086,0.000000,-0.000000,1.000000;;
        }

        Frame Bip01_L_Forearm {
         

         FrameTransformMatrix {
          0.823668,0.000000,-0.567072,0.000000,-0.000000,1.000000,0.000000,0.000000,0.567072,-0.000000,0.823668,0.000000,0.137062,0.000000,0.000000,1.000000;;
         }

         Frame Bip01_L_Hand {
          

          FrameTransformMatrix {
           0.971486,-0.212704,0.104747,0.000000,-0.102153,0.023181,0.994499,0.000000,-0.213962,-0.976842,0.000792,0.000000,0.137062,-0.000000,0.000000,1.000000;;
          }

          Frame Bip01_L_Finger0 {
           

           FrameTransformMatrix {
            0.556874,-0.020367,0.830347,0.000000,0.558537,0.749101,-0.356210,0.000000,-0.614759,0.662144,0.428531,0.000000,0.057681,-0.023605,-0.000272,1.000000;;
           }

           Frame Bip01_L_Finger0Nub {
            

            FrameTransformMatrix {
             1.000000,0.000000,0.000000,0.000000,0.000000,1.000000,0.000000,0.000000,0.000000,0.000000,1.000000,0.000000,0.029435,0.000000,-0.000000,1.000000;;
            }
           }
          }

          Frame Bip01_L_Finger1 {
           

           FrameTransformMatrix {
            -0.342274,-0.000748,0.939600,0.000000,0.000000,1.000000,0.000796,0.000000,-0.939600,0.000273,-0.342274,0.000000,0.084102,-0.000000,0.000000,1.000000;;
           }

           Frame Bip01_L_Finger1Nub {
            

            FrameTransformMatrix {
             1.000000,-0.000000,-0.000000,0.000000,-0.000000,1.000000,0.000000,0.000000,0.000000,0.000000,1.000000,0.000000,0.047988,0.000000,0.000000,1.000000;;
            }
           }
          }
         }
        }
       }
      }

      Frame Bip01_R_Clavicle {
       

       FrameTransformMatrix {
        0.000341,-0.903365,0.428872,0.000000,-1.000000,0.000000,0.000796,0.000000,-0.000719,-0.428872,-0.903365,0.000000,-0.024019,-0.016199,0.002566,1.000000;;
       }

       Frame Bip01_R_UpperArm {
        

        FrameTransformMatrix {
         0.313047,0.948166,-0.054615,0.000000,-0.871946,0.309724,0.379185,0.000000,0.376446,-0.071082,0.923708,0.000000,0.087086,0.000000,0.000000,1.000000;;
        }

        Frame Bip01_R_Forearm {
         

         FrameTransformMatrix {
          0.811989,0.000000,-0.583672,0.000000,-0.000000,1.000000,0.000000,0.000000,0.583672,-0.000000,0.811989,0.000000,0.137062,0.000000,0.000000,1.000000;;
         }

         Frame Bip01_R_Hand {
          

          FrameTransformMatrix {
           0.876605,0.385158,-0.288474,0.000000,-0.438815,0.393779,-0.807700,0.000000,-0.197497,0.834621,0.514202,0.000000,0.137062,0.000000,0.000000,1.000000;;
          }

          Frame Bip01_R_Finger0 {
           

           FrameTransformMatrix {
            0.556874,0.020367,0.830347,0.000000,-0.558537,0.749101,0.356210,0.000000,-0.614759,-0.662144,0.428531,0.000000,0.057681,0.023605,-0.000272,1.000000;;
           }

           Frame Bip01_R_Finger0Nub {
            

            FrameTransformMatrix {
             -1.000000,-0.000000,0.000000,0.000000,0.000000,1.000000,-0.000000,0.000000,-0.000000,-0.000000,-1.000000,0.000000,0.029435,0.000000,0.000000,1.000000;;
            }
           }
          }

          Frame Bip01_R_Finger1 {
           

           FrameTransformMatrix {
            -0.342274,0.000748,0.939600,0.000000,-0.000000,1.000000,-0.000796,0.000000,-0.939600,-0.000273,-0.342274,0.000000,0.084102,0.000000,0.000000,1.000000;;
           }

           Frame Bip01_R_Finger1Nub {
            

            FrameTransformMatrix {
             -1.000000,-0.000000,0.000000,0.000000,-0.000000,1.000000,-0.000000,0.000000,-0.000000,0.000000,-1.000000,0.000000,0.047988,0.000000,0.000000,1.000000;;
            }
           }
          }
         }
        }
       }
      }
     }

     Frame Bip01_BackPack {
      

      FrameTransformMatrix {
       0.035097,-0.075887,-0.996498,0.000000,0.053820,0.995809,-0.073939,0.000000,0.997934,-0.051036,0.039035,0.000000,0.051182,0.000002,-0.091273,1.000000;;
      }

      Frame Bip01_BackPackNub {
       

       FrameTransformMatrix {
        0.000796,0.000003,1.000000,0.000000,-0.000000,-1.000000,0.000003,0.000000,1.000000,0.000000,-0.000796,0.000000,0.053240,0.000000,0.000000,1.000000;;
       }
      }
     }
    }

    Frame Bip01_L_Thigh {
     

     FrameTransformMatrix {
      -0.901014,0.078753,0.426582,0.000000,-0.142538,-0.982528,-0.119676,0.000000,0.409704,-0.168634,0.896496,0.000000,-0.051829,0.055015,0.001785,1.000000;;
     }

     Frame Bip01_L_Calf {
      

      FrameTransformMatrix {
       0.963716,-0.000000,-0.266930,0.000000,0.000000,1.000000,0.000000,0.000000,0.266930,-0.000000,0.963716,0.000000,0.237500,0.000000,0.000000,1.000000;;
      }

      Frame Bip01_L_Foot {
       

       FrameTransformMatrix {
        0.985544,0.146792,0.084584,0.000000,-0.159602,0.971922,0.172899,0.000000,-0.056829,-0.183899,0.981301,0.000000,0.206841,-0.000000,0.000000,1.000000;;
       }

       Frame Bip01_L_Toe0 {
        

        FrameTransformMatrix {
         -0.000001,0.000000,1.000000,0.000000,0.000000,1.000000,-0.000000,0.000000,-1.000000,0.000000,-0.000001,0.000000,0.065373,0.000000,0.066450,1.000000;;
        }

        Frame Bip01_L_Toe0Nub {
         

         FrameTransformMatrix {
          -1.000000,0.000000,-0.000000,0.000000,0.000000,1.000000,-0.000000,0.000000,0.000000,0.000000,-1.000000,0.000000,0.006735,0.000000,0.000000,1.000000;;
         }
        }
       }
      }
     }
    }

    Frame Bip01_R_Thigh {
     

     FrameTransformMatrix {
      -0.875531,-0.110229,0.470420,0.000000,0.076524,-0.992975,-0.090250,0.000000,0.477063,-0.043018,0.877816,0.000000,-0.051251,-0.055015,-0.007823,1.000000;;
     }

     Frame Bip01_R_Calf {
      

      FrameTransformMatrix {
       0.926832,0.000000,-0.375477,0.000000,-0.000000,1.000000,0.000000,0.000000,0.375477,0.000000,0.926832,0.000000,0.237500,-0.000000,-0.000000,1.000000;;
      }

      Frame Bip01_R_Foot {
       

       FrameTransformMatrix {
        0.995184,-0.067412,0.071171,0.000000,0.004126,0.754179,0.656656,0.000000,-0.097942,-0.653200,0.750824,0.000000,0.206841,0.000000,0.000000,1.000000;;
       }

       Frame Bip01_R_Toe0 {
        

        FrameTransformMatrix {
         -0.087157,-0.000001,0.996194,0.000000,0.000001,1.000000,0.000001,0.000000,-0.996194,0.000001,-0.087157,0.000000,0.065373,0.000000,0.066450,1.000000;;
        }

        Frame Bip01_R_Toe0Nub {
         

         FrameTransformMatrix {
          1.000000,0.000000,-0.000000,0.000000,-0.000000,1.000000,0.000000,0.000000,0.000000,-0.000000,1.000000,0.000000,0.006735,0.000000,0.000000,1.000000;;
         }
        }
       }
      }
     }
    }
   }

   Frame Bip01_DressFront {
    

    FrameTransformMatrix {
     -0.830864,-0.008445,0.556411,0.000000,-0.032673,0.998900,-0.033627,0.000000,-0.555515,-0.046119,-0.830227,0.000000,-0.043921,0.001406,0.061063,1.000000;;
    }

    Frame Bip01_DressFront02 {
     

     FrameTransformMatrix {
      0.946511,0.081243,0.312276,0.000000,-0.077173,0.996694,-0.025393,0.000000,-0.313307,-0.000065,0.949652,0.000000,0.183366,0.000000,-0.000125,1.000000;;
     }

     Frame Bip01_DressFrontNub {
      

      FrameTransformMatrix {
       0.000796,0.000003,1.000000,0.000000,0.000000,-1.000000,0.000003,0.000000,1.000000,-0.000000,-0.000796,0.000000,0.165302,-0.000000,0.000000,1.000000;;
      }
     }
    }
   }

   Frame Bip01_DressBack {
    

    FrameTransformMatrix {
     -0.830379,0.045218,0.555361,0.000000,-0.011734,0.995061,-0.098565,0.000000,-0.557076,-0.088363,-0.825748,0.000000,-0.047654,0.000012,-0.078304,1.000000;;
    }

    Frame Bip01_DressBack02 {
     

     FrameTransformMatrix {
      0.961427,0.000001,0.275061,0.000000,-0.000001,1.000000,-0.000000,0.000000,-0.275061,-0.000000,0.961427,0.000000,0.176189,0.000000,-0.000105,1.000000;;
     }

     Frame Bip01_DressBackNub {
      

      FrameTransformMatrix {
       0.000796,0.000003,1.000000,0.000000,0.000000,-1.000000,0.000003,0.000000,1.000000,0.000000,-0.000796,0.000000,0.136508,-0.000000,-0.000000,1.000000;;
      }
     }
    }
   }
  }

  Frame Bip01_Prop1 {
   

   FrameTransformMatrix {
    0.422404,-0.045727,-0.905253,0.000000,0.725946,-0.580963,0.368083,0.000000,-0.542750,-0.812645,-0.212206,0.000000,0.024908,-0.011984,-0.136265,1.000000;;
   }
  }

  Frame Bip01_Prop2 {
   

   FrameTransformMatrix {
    -0.073895,0.286878,0.955113,0.000000,0.997075,0.040017,0.065122,0.000000,-0.019538,0.957131,-0.288996,0.000000,0.109229,0.024051,0.111682,1.000000;;
   }
  }
 }
}

Frame Translation_Data {
 

 FrameTransformMatrix {
  1.000000,0.000000,0.000000,0.000000,0.000000,-0.000000,-1.000000,0.000000,0.000000,1.000000,-0.000000,0.000000,0.000000,-0.000000,0.000000,1.000000;;
 }
}

Frame Body {
 

 FrameTransformMatrix {
  1.000000,0.000000,0.000000,0.000000,0.000000,1.000000,0.000000,0.000000,0.000000,0.000000,1.000000,0.000000,0.000000,0.000000,0.000000,1.000000;;
 }

 Mesh Body {
  617;
  0.100632;0.748353;-0.048539;,
  0.067470;0.732516;-0.056049;,
  0.059261;0.765089;-0.060133;,
  0.110671;0.730268;-0.037342;,
  0.113287;0.715080;-0.026364;,
  0.090534;0.671557;-0.030746;,
  0.078073;0.698083;-0.051504;,
  0.112665;0.690635;0.006679;,
  0.049838;0.800654;-0.039896;,
  0.085410;0.799512;0.007703;,
  0.087492;0.791505;-0.023362;,
  0.053516;0.801540;0.000377;,
  0.065756;0.567944;0.105111;,
  0.021250;0.580174;0.102052;,
  0.017866;0.570559;0.109813;,
  0.061130;0.576681;0.097230;,
  0.080239;0.561176;0.046735;,
  0.081126;0.540931;0.075050;,
  0.067789;0.547525;0.009386;,
  0.076653;0.510898;0.050129;,
  0.053907;0.497323;0.032376;,
  0.043624;0.662231;-0.056409;,
  0.040906;0.693768;-0.068397;,
  -0.017463;0.577465;0.083671;,
  -0.020603;0.566015;0.092960;,
  0.035192;0.684345;0.087317;,
  -0.009720;0.724657;0.055957;,
  -0.013310;0.682864;0.068478;,
  0.044514;0.729810;0.072821;,
  0.070245;0.472244;0.034371;,
  0.119837;0.377363;0.060893;,
  0.093744;0.379432;0.021266;,
  0.089749;0.471894;0.080605;,
  0.110076;0.285671;0.009043;,
  0.121922;0.283411;0.060547;,
  0.019409;0.467012;0.033811;,
  0.021972;0.358108;0.100701;,
  -0.023729;0.469974;0.130301;,
  0.041095;0.369464;0.028060;,
  0.058539;0.275397;0.077934;,
  0.070566;0.276171;0.037418;,
  0.098539;0.368206;0.121374;,
  0.064585;0.452467;0.133874;,
  0.096108;0.282666;0.092084;,
  0.125772;0.006964;0.097751;,
  0.068146;0.007520;0.115387;,
  0.089300;0.006944;0.071392;,
  0.097864;0.007493;0.133604;,
  0.108693;0.227287;0.036056;,
  0.130775;0.156659;0.081516;,
  0.113721;0.153823;0.044343;,
  0.127709;0.230930;0.074006;,
  0.128329;0.076893;0.090028;,
  0.122161;0.075194;0.055880;,
  0.063467;0.205476;0.045185;,
  0.059221;0.159010;0.094977;,
  0.044159;0.223131;0.094402;,
  0.077512;0.149041;0.057558;,
  0.088450;0.085542;0.097030;,
  0.097608;0.068214;0.069587;,
  0.117130;0.164747;0.116646;,
  0.110110;0.238907;0.119515;,
  0.110075;0.092316;0.106506;,
  0.081011;0.515125;0.090245;,
  0.020673;0.485952;0.006892;,
  0.019409;0.467012;0.033811;,
  0.010748;0.457442;0.028684;,
  0.059813;0.526868;0.139197;,
  0.004587;0.532525;0.138964;,
  0.057431;0.470892;0.141333;,
  0.005781;0.477775;0.143545;,
  0.028875;0.632320;0.094462;,
  0.071095;0.679066;0.086639;,
  0.088968;0.678609;0.075831;,
  0.084823;0.614926;0.041415;,
  0.105967;0.662922;0.028267;,
  0.068771;0.627279;0.087470;,
  0.089970;0.646292;-0.014506;,
  0.077286;0.601712;0.007917;,
  0.045711;0.644777;-0.043346;,
  0.035603;0.593315;-0.016603;,
  0.133882;0.725004;-0.038863;,
  0.154061;0.681109;-0.023665;,
  0.086065;0.732099;-0.015223;,
  0.121546;0.631202;0.020747;,
  0.100655;0.675198;0.002846;,
  0.164954;0.635531;-0.000643;,
  0.110290;0.745288;0.039101;,
  0.100655;0.675198;0.002846;,
  0.125399;0.700555;0.058616;,
  0.142237;0.647174;0.067712;,
  0.121546;0.631202;0.020747;,
  0.120409;0.749758;0.041561;,
  0.178863;0.706781;0.032034;,
  0.158179;0.749543;0.017316;,
  0.185551;0.651406;0.046457;,
  0.151235;0.737529;-0.017931;,
  0.166402;0.616699;-0.010031;,
  0.126217;0.550000;0.005787;,
  0.115488;0.608942;0.015424;,
  0.158334;0.557503;-0.010325;,
  0.131971;0.509917;0.003731;,
  0.154804;0.507323;-0.008156;,
  0.115488;0.608942;0.015424;,
  0.158584;0.550712;0.052965;,
  0.143073;0.609379;0.072167;,
  0.126217;0.550000;0.005787;,
  0.155922;0.508658;0.035291;,
  0.131971;0.509917;0.003731;,
  0.183031;0.556774;0.040328;,
  0.193756;0.617167;0.046938;,
  0.171683;0.505334;0.025605;,
  0.094678;0.437204;0.018209;,
  0.148255;0.448246;0.034465;,
  0.109237;0.448558;0.006250;,
  0.133557;0.437034;0.045840;,
  0.100401;0.441095;0.003308;,
  0.109208;0.426970;0.001480;,
  0.105410;0.433305;0.009635;,
  0.099227;0.434703;-0.006381;,
  0.138972;0.479864;0.042907;,
  0.127383;0.448986;-0.007664;,
  0.143901;0.442839;0.042082;,
  0.115055;0.480735;-0.000674;,
  0.158680;0.431958;0.034252;,
  0.172561;0.474560;0.026320;,
  0.148564;0.476205;-0.019762;,
  0.143215;0.438545;-0.013733;,
  0.112941;0.797153;-0.014481;,
  0.127361;0.784544;-0.037447;,
  0.087492;0.791505;-0.023362;,
  0.092410;0.776221;-0.042820;,
  0.085201;0.728967;0.071093;,
  0.066765;0.782910;-0.054497;,
  0.129057;0.758400;-0.046283;,
  0.110671;0.730268;-0.037342;,
  0.100632;0.748353;-0.048539;,
  0.122603;0.740273;-0.031574;,
  0.099489;0.769709;0.040194;,
  0.053416;0.765920;0.044738;,
  0.103774;0.771660;0.035741;,
  -0.002254;0.756804;0.030735;,
  0.011252;0.789825;-0.017577;,
  0.085410;0.799512;0.007703;,
  0.103774;0.771660;0.035741;,
  0.105025;0.724973;0.000018;,
  0.106270;0.760189;0.032295;,
  0.086065;0.732099;-0.015223;,
  0.099050;0.712412;0.047684;,
  0.105467;0.693871;0.019010;,
  0.113287;0.715080;-0.026364;,
  0.098187;0.722324;0.061104;,
  0.115055;0.480735;-0.000674;,
  0.068942;0.805689;-0.078223;,
  0.060267;0.820704;-0.066374;,
  0.021349;0.801860;-0.046529;,
  0.034606;0.828491;-0.061986;,
  0.143215;0.438545;-0.013733;,
  0.094678;0.437204;0.018209;,
  0.133557;0.437034;0.045840;,
  0.106482;0.459453;-0.001616;,
  0.110696;0.442452;-0.020700;,
  0.106482;0.459453;-0.001616;,
  0.117349;0.447045;0.005074;,
  0.130359;0.435867;-0.012578;,
  0.130359;0.435867;-0.012578;,
  0.100401;0.441095;0.003308;,
  0.099227;0.434703;-0.006381;,
  0.109208;0.426970;0.001480;,
  0.171881;0.027547;0.035605;,
  0.169723;0.005307;-0.018111;,
  0.164912;0.023986;-0.012892;,
  0.180267;0.005823;0.032665;,
  0.070840;0.040777;0.103986;,
  0.089300;0.006944;0.071392;,
  0.068146;0.007520;0.115387;,
  0.089662;0.031863;0.068220;,
  0.088450;0.085542;0.097030;,
  0.106392;0.043791;0.125480;,
  0.110075;0.092316;0.106506;,
  0.125772;0.006964;0.097751;,
  0.097864;0.007493;0.133604;,
  0.128315;0.041872;0.095846;,
  0.122161;0.075194;0.055880;,
  0.128329;0.076893;0.090028;,
  0.136030;0.021100;-0.018534;,
  0.134545;0.005465;-0.027730;,
  0.180267;0.005823;0.032665;,
  0.134545;0.005465;-0.027730;,
  0.041095;0.369464;0.028060;,
  0.070566;0.276171;0.037418;,
  0.063467;0.205476;0.045185;,
  0.077512;0.149041;0.057558;,
  0.097608;0.068214;0.069587;,
  0.097608;0.068214;0.069587;,
  -0.011331;0.461079;0.075621;,
  0.079319;0.794821;-0.095225;,
  0.063062;0.773832;-0.090831;,
  0.071776;0.774900;-0.097829;,
  0.060617;0.792992;-0.086400;,
  0.069767;0.822778;-0.105486;,
  0.060519;0.844931;-0.107977;,
  0.047718;0.826729;-0.229050;,
  0.029635;0.797491;-0.229922;,
  0.027882;0.827144;-0.232889;,
  0.066839;0.761801;-0.181436;,
  0.050261;0.754224;-0.182125;,
  0.061629;0.778365;-0.205544;,
  0.076957;0.778501;-0.118241;,
  0.083316;0.807488;-0.120336;,
  0.076879;0.806727;-0.103047;,
  0.082197;0.835043;-0.147964;,
  0.083282;0.817042;-0.164602;,
  0.073974;0.796797;-0.207208;,
  0.081314;0.823083;-0.201267;,
  0.080455;0.790265;-0.168783;,
  0.078697;0.851400;-0.146364;,
  0.066611;0.872638;-0.147397;,
  0.027019;0.881304;-0.143779;,
  0.058992;0.875522;-0.195208;,
  0.025650;0.883965;-0.192980;,
  0.081818;0.784113;-0.146970;,
  0.068650;0.761834;-0.113280;,
  0.068689;0.759615;-0.149166;,
  0.055691;0.742149;-0.093342;,
  0.035920;0.750349;-0.083937;,
  0.036800;0.731059;-0.092543;,
  0.055943;0.792556;-0.220992;,
  0.067769;0.824972;-0.219655;,
  0.075084;0.857652;-0.199044;,
  0.061260;0.854045;-0.217958;,
  0.043539;0.860850;-0.220730;,
  0.026139;0.862787;-0.221690;,
  0.029144;0.858094;-0.111053;,
  0.075084;0.857652;-0.199044;,
  0.061260;0.854045;-0.217958;,
  0.089478;0.808096;-0.123250;,
  0.092629;0.832338;-0.164088;,
  0.098090;0.834371;-0.143605;,
  0.086532;0.821242;-0.147883;,
  0.098090;0.834371;-0.143605;,
  0.089478;0.808096;-0.123250;,
  0.092629;0.832338;-0.164088;,
  0.083282;0.817042;-0.164602;,
  0.085098;0.803036;-0.143771;,
  0.083316;0.807488;-0.120336;,
  0.067481;0.766633;-0.170254;,
  0.085098;0.803036;-0.143771;,
  0.066765;0.782910;-0.054497;,
  0.068942;0.805689;-0.078223;,
  0.092410;0.776221;-0.042820;,
  0.069767;0.822778;-0.105486;,
  0.038302;0.743813;-0.079089;,
  0.039046;0.720571;-0.072021;,
  0.030107;0.543683;-0.012254;,
  -0.033681;0.529538;0.121648;,
  -0.036628;0.496096;0.128690;,
  -0.026852;0.453056;0.119013;,
  0.032533;0.771919;-0.091278;,
  -0.011331;0.461079;0.075621;,
  0.043539;0.860850;-0.220730;,
  0.026139;0.862787;-0.221690;,
  0.055235;0.747316;-0.124914;,
  0.047082;0.747648;-0.148477;,
  0.047687;0.744315;-0.139436;,
  0.030588;0.782854;-0.224939;,
  0.032093;0.763458;-0.208541;,
  0.048132;0.759960;-0.170634;,
  -0.014311;0.629795;0.075130;,
  0.092410;0.776221;-0.042820;,
  0.169723;0.005307;-0.018111;,
  0.047654;0.737715;-0.118750;,
  0.054905;0.745377;-0.118601;,
  0.047105;0.742667;-0.122112;,
  0.035205;0.738551;-0.139827;,
  0.035274;0.732475;-0.150953;,
  0.046908;0.739387;-0.127392;,
  0.035466;0.741617;-0.122276;,
  0.036013;0.733922;-0.117796;,
  0.033682;0.746647;-0.182815;,
  0.033898;0.747266;-0.172666;,
  0.106270;0.760189;0.032295;,
  0.035675;0.735243;-0.128409;,
  0.095394;0.735689;0.011418;,
  0.105025;0.724973;0.000018;,
  0.113287;0.715080;-0.026364;,
  0.078697;0.851400;-0.146364;,
  0.108693;0.227287;0.036056;,
  0.079304;0.148263;0.012284;,
  0.066253;0.223820;-0.001833;,
  0.113721;0.153823;0.044343;,
  0.110076;0.285671;0.009043;,
  0.068569;0.278992;-0.011621;,
  0.093744;0.379432;0.021266;,
  0.042767;0.368765;0.000509;,
  0.070245;0.472244;0.034371;,
  0.028209;0.455942;0.010053;,
  0.053907;0.497323;0.032376;,
  0.085620;0.075930;0.017183;,
  0.122161;0.075194;0.055880;,
  0.051697;0.155235;0.121177;,
  -0.010458;0.102508;0.110188;,
  0.060734;0.085899;0.128092;,
  -0.010797;0.175906;0.105550;,
  -0.006540;0.242419;0.093184;,
  0.043365;0.222498;0.109002;,
  -0.008237;0.308513;0.091799;,
  0.041426;0.271376;0.103615;,
  0.015807;0.356205;0.114203;,
  -0.021361;0.384826;0.109855;,
  -0.035751;0.469001;0.128955;,
  0.095394;0.735689;0.011418;,
  -0.027591;0.733207;-0.094739;,
  0.005238;0.725166;-0.078470;,
  -0.038425;0.712659;-0.091059;,
  0.006645;0.759430;-0.078227;,
  -0.044160;0.695863;-0.083953;,
  -0.008827;0.661384;-0.070970;,
  -0.054106;0.673561;-0.060835;,
  0.001548;0.689045;-0.079075;,
  -0.004655;0.795079;-0.058192;,
  -0.061540;0.782522;-0.045118;,
  -0.034119;0.791190;-0.031196;,
  -0.041897;0.776492;-0.069979;,
  -0.085129;0.566320;0.034261;,
  -0.055768;0.578877;0.064315;,
  -0.076287;0.574368;0.029898;,
  -0.058213;0.569739;0.074090;,
  -0.047675;0.559023;-0.015940;,
  -0.071338;0.539290;0.003459;,
  -0.010172;0.546213;-0.028814;,
  -0.049095;0.509663;-0.008710;,
  -0.020356;0.496524;-0.002494;,
  -0.017463;0.577465;0.083671;,
  -0.020603;0.566015;0.092960;,
  -0.058577;0.676694;0.043837;,
  -0.009720;0.724657;0.055957;,
  -0.060334;0.719076;0.030375;,
  -0.013310;0.682864;0.068478;,
  -0.031413;0.473952;-0.015263;,
  -0.073196;0.374817;-0.037255;,
  -0.078308;0.468954;0.000938;,
  -0.026859;0.382169;-0.044621;,
  -0.018736;0.287237;-0.067949;,
  -0.064111;0.281476;-0.041885;,
  0.004441;0.471772;0.021297;,
  -0.034464;0.356751;0.061266;,
  0.004643;0.374298;-0.001457;,
  -0.045643;0.469738;0.120012;,
  -0.033186;0.277011;0.016311;,
  -0.011855;0.279075;-0.019790;,
  -0.102174;0.360780;0.018946;,
  -0.099448;0.447111;0.054478;,
  -0.069564;0.280865;-0.001751;,
  -0.079379;0.006309;-0.018892;,
  -0.105368;0.010324;0.035334;,
  -0.118971;0.008550;0.003289;,
  -0.058729;0.008428;0.021034;,
  -0.033879;0.226799;-0.045047;,
  -0.077963;0.154737;-0.024892;,
  -0.074743;0.228918;-0.033185;,
  -0.039050;0.153244;-0.037706;,
  -0.075931;0.075703;-0.016162;,
  -0.044212;0.074392;-0.024911;,
  -0.008466;0.209350;-0.004375;,
  -0.039199;0.163822;0.036111;,
  -0.023757;0.151940;-0.002027;,
  -0.032275;0.229060;0.042007;,
  -0.065676;0.087618;0.020110;,
  -0.055084;0.069091;0.009501;,
  -0.094788;0.164300;0.008443;,
  -0.096444;0.238809;0.010124;,
  -0.082839;0.092634;0.005179;,
  -0.082500;0.513365;0.013466;,
  0.004441;0.471772;0.021297;,
  -0.106835;0.525074;0.060946;,
  -0.071492;0.531706;0.103240;,
  -0.103226;0.466913;0.064756;,
  -0.072001;0.475641;0.105314;,
  -0.055526;0.627210;0.051969;,
  -0.079726;0.666759;0.016704;,
  -0.082543;0.664615;-0.003698;,
  -0.042901;0.607192;-0.022889;,
  -0.072495;0.618725;0.016349;,
  -0.053882;0.649879;-0.045854;,
  -0.008019;0.638297;-0.059943;,
  -0.009663;0.596447;-0.035859;,
  -0.073127;0.698520;-0.104859;,
  -0.034498;0.710147;-0.069247;,
  -0.097712;0.656707;-0.090291;,
  -0.080925;0.614758;-0.031529;,
  -0.115831;0.614828;-0.065323;,
  -0.054845;0.656017;-0.048436;,
  -0.073679;0.730260;-0.027150;,
  -0.094740;0.688363;-0.006872;,
  -0.054845;0.656017;-0.048436;,
  -0.114547;0.636160;0.004374;,
  -0.080925;0.614758;-0.031529;,
  -0.083989;0.734766;-0.028502;,
  -0.137637;0.689353;-0.048856;,
  -0.112734;0.730126;-0.062658;,
  -0.149405;0.636151;-0.029250;,
  -0.095741;0.713424;-0.092106;,
  -0.114353;0.595202;-0.072264;,
  -0.080971;0.532519;-0.036624;,
  -0.106717;0.536768;-0.062441;,
  -0.073504;0.592557;-0.031957;,
  -0.088525;0.494677;-0.031566;,
  -0.103925;0.487862;-0.052565;,
  -0.073504;0.592557;-0.031957;,
  -0.126055;0.537907;-0.001807;,
  -0.080971;0.532519;-0.036624;,
  -0.116921;0.599068;0.013374;,
  -0.121397;0.489654;-0.014113;,
  -0.088525;0.494677;-0.031566;,
  -0.145539;0.541443;-0.021856;,
  -0.157615;0.601782;-0.026657;,
  -0.130444;0.488245;-0.026323;,
  -0.044593;0.441239;0.007917;,
  -0.094592;0.429282;-0.016859;,
  -0.086535;0.419654;0.000848;,
  -0.052276;0.451245;-0.010104;,
  -0.041272;0.448316;-0.006534;,
  -0.039455;0.433849;-0.014770;,
  -0.031778;0.446473;-0.013059;,
  -0.044740;0.437668;-0.005907;,
  -0.108108;0.457011;-0.002520;,
  -0.056111;0.451212;-0.032650;,
  -0.066820;0.480481;-0.017239;,
  -0.093773;0.423064;-0.008681;,
  -0.093802;0.411843;-0.025179;,
  -0.117856;0.448272;-0.038017;,
  -0.075384;0.473345;-0.054434;,
  -0.058084;0.439437;-0.048586;,
  -0.068337;0.775770;-0.079757;,
  -0.062118;0.762179;-0.105662;,
  -0.041897;0.776492;-0.069979;,
  -0.030794;0.761669;-0.087210;,
  -0.087370;0.711300;0.001231;,
  -0.005967;0.775731;-0.078510;,
  -0.053171;0.736575;-0.111884;,
  -0.038425;0.712659;-0.091059;,
  -0.055855;0.716322;-0.098208;,
  -0.027591;0.733207;-0.094739;,
  -0.084720;0.748684;-0.026530;,
  -0.085462;0.750186;-0.032632;,
  -0.054635;0.753158;0.005809;,
  -0.002254;0.756804;0.030735;,
  0.011252;0.789825;-0.017577;,
  -0.061540;0.782522;-0.045118;,
  -0.085462;0.750186;-0.032632;,
  -0.056210;0.705598;-0.058787;,
  -0.034498;0.710147;-0.069247;,
  -0.083219;0.738277;-0.036482;,
  -0.077457;0.694341;-0.023771;,
  -0.058299;0.677106;-0.047287;,
  -0.044160;0.695863;-0.083953;,
  -0.088163;0.703246;-0.014337;,
  -0.066820;0.480481;-0.017239;,
  -0.001060;0.808935;-0.076403;,
  0.008479;0.823106;-0.065027;,
  0.021349;0.801860;-0.046529;,
  0.034606;0.828491;-0.061986;,
  -0.058084;0.439437;-0.048586;,
  -0.044593;0.441239;0.007917;,
  -0.086535;0.419654;0.000848;,
  -0.050806;0.464523;-0.013218;,
  -0.034360;0.455049;-0.030846;,
  -0.050806;0.464523;-0.013218;,
  -0.056209;0.447917;-0.016656;,
  -0.049087;0.440473;-0.039008;,
  -0.049087;0.440473;-0.039008;,
  -0.041272;0.448316;-0.006534;,
  -0.031778;0.446473;-0.013059;,
  -0.039455;0.433849;-0.014770;,
  -0.010868;0.024020;-0.056369;,
  0.041701;0.001874;-0.044938;,
  -0.006938;0.001831;-0.062932;,
  0.036017;0.020815;-0.042063;,
  -0.093354;0.043346;0.032417;,
  -0.058729;0.008428;0.021034;,
  -0.055283;0.033276;0.019684;,
  -0.105368;0.010324;0.035334;,
  -0.065676;0.087618;0.020110;,
  -0.109300;0.044265;-0.006052;,
  -0.082839;0.092634;0.005179;,
  -0.079379;0.006309;-0.018892;,
  -0.076760;0.041000;-0.023171;,
  -0.118971;0.008550;0.003289;,
  -0.044212;0.074392;-0.024911;,
  -0.075931;0.075703;-0.016162;,
  0.037278;0.019648;-0.012544;,
  0.045992;0.004117;-0.008790;,
  -0.006938;0.001831;-0.062932;,
  0.045992;0.004117;-0.008790;,
  0.004643;0.374298;-0.001457;,
  -0.011855;0.279075;-0.019790;,
  -0.008466;0.209350;-0.004375;,
  -0.023757;0.151940;-0.002027;,
  -0.055084;0.069091;0.009501;,
  -0.055084;0.069091;0.009501;,
  -0.012725;0.789606;-0.092947;,
  0.005994;0.770598;-0.089418;,
  0.006391;0.795507;-0.084990;,
  -0.003119;0.770656;-0.095975;,
  -0.006908;0.818433;-0.103588;,
  -0.000354;0.841482;-0.106470;,
  0.008432;0.824503;-0.228078;,
  0.027882;0.827144;-0.232889;,
  -0.000865;0.757965;-0.179760;,
  0.001247;0.774944;-0.204050;,
  0.016409;0.752306;-0.181287;,
  -0.009674;0.773593;-0.116097;,
  -0.019360;0.801670;-0.117794;,
  -0.012034;0.801689;-0.100846;,
  -0.022723;0.829098;-0.145366;,
  -0.022588;0.811043;-0.161981;,
  -0.013167;0.791859;-0.205051;,
  -0.016966;0.784745;-0.166371;,
  -0.023126;0.817165;-0.198682;,
  -0.021018;0.845750;-0.143896;,
  -0.011472;0.868214;-0.145464;,
  0.027019;0.881304;-0.143779;,
  -0.006595;0.871805;-0.193584;,
  0.025650;0.883965;-0.192980;,
  -0.016548;0.778539;-0.144535;,
  -0.000862;0.755674;-0.147445;,
  0.000696;0.757983;-0.111598;,
  0.016762;0.739943;-0.092378;,
  0.004525;0.789643;-0.219719;,
  -0.010804;0.820520;-0.217710;,
  -0.020736;0.852222;-0.196672;,
  -0.007543;0.850147;-0.216255;,
  0.026139;0.862787;-0.221690;,
  0.009138;0.858900;-0.219879;,
  0.029144;0.858094;-0.111053;,
  -0.020736;0.852222;-0.196672;,
  -0.007543;0.850147;-0.216255;,
  -0.025688;0.801570;-0.120400;,
  -0.033566;0.825187;-0.160964;,
  -0.025463;0.814896;-0.145110;,
  -0.038204;0.826648;-0.140231;,
  -0.038204;0.826648;-0.140231;,
  -0.025688;0.801570;-0.120400;,
  -0.033566;0.825187;-0.160964;,
  -0.022588;0.811043;-0.161981;,
  -0.021782;0.796981;-0.141125;,
  -0.019360;0.801670;-0.117794;,
  -0.001495;0.762724;-0.168546;,
  -0.021782;0.796981;-0.141125;,
  -0.005967;0.775731;-0.078510;,
  -0.001060;0.808935;-0.076403;,
  -0.030794;0.761669;-0.087210;,
  -0.006908;0.818433;-0.103588;,
  -0.033681;0.529538;0.121648;,
  -0.036628;0.496096;0.128690;,
  -0.026852;0.453056;0.119013;,
  -0.011331;0.461079;0.075621;,
  0.009138;0.858900;-0.219879;,
  0.026139;0.862787;-0.221690;,
  0.015074;0.745040;-0.123920;,
  0.021965;0.746225;-0.147855;,
  0.022187;0.742870;-0.138805;,
  0.018440;0.758278;-0.169899;,
  -0.014311;0.629795;0.075130;,
  -0.030794;0.761669;-0.087210;,
  0.041701;0.001874;-0.044938;,
  0.015932;0.743169;-0.117636;,
  0.023985;0.736374;-0.118165;,
  0.023805;0.741347;-0.121535;,
  0.024111;0.738095;-0.126827;,
  -0.083219;0.738277;-0.036482;,
  -0.057472;0.717235;-0.045009;,
  -0.056210;0.705598;-0.058787;,
  -0.044160;0.695863;-0.083953;,
  -0.021018;0.845750;-0.143896;,
  0.014506;0.222919;-0.036749;,
  0.041155;0.145576;-0.013562;,
  0.004848;0.146153;-0.032360;,
  0.038352;0.223267;-0.018326;,
  0.014918;0.283305;-0.048864;,
  0.039948;0.278860;-0.027852;,
  0.015875;0.373281;-0.019577;,
  0.028933;0.364333;-0.007687;,
  0.013790;0.460398;-0.000059;,
  0.020496;0.448524;0.007704;,
  0.020673;0.485952;0.006892;,
  -0.020356;0.496524;-0.002494;,
  0.045250;0.079218;-0.013000;,
  0.003095;0.073638;-0.029592;,
  -0.051279;0.086084;0.067071;,
  -0.094788;0.164300;0.008443;,
  -0.082830;0.092634;0.005189;,
  -0.048302;0.161084;0.060326;,
  -0.096444;0.238809;0.010124;,
  -0.046232;0.226320;0.051925;,
  -0.041759;0.273875;0.049673;,
  -0.069564;0.280865;-0.001751;,
  -0.102174;0.360780;0.018946;,
  -0.040913;0.352444;0.076960;,
  -0.036628;0.496096;0.128690;,
  -0.072001;0.475641;0.105314;,
  -0.057472;0.717235;-0.045009;,
  -0.031413;0.473952;-0.015263;,
  -0.026859;0.382169;-0.044621;,
  -0.018736;0.287237;-0.067949;,
  -0.033879;0.226799;-0.045047;,
  -0.039050;0.153244;-0.037706;,
  -0.044212;0.074392;-0.024911;,
  0.098539;0.368206;0.121374;,
  0.005781;0.477775;0.143545;,
  0.064585;0.452467;0.133874;,
  0.096108;0.282666;0.092084;,
  0.110110;0.238907;0.119515;,
  0.117130;0.164747;0.116646;,
  0.110075;0.092316;0.106506;,
  -0.099448;0.447111;0.054478;;
  916;
  3;0,1,2;,
  3;1,0,3;,
  3;4,5,6;,
  3;5,4,7;,
  3;8,9,10;,
  3;9,8,11;,
  3;12,13,14;,
  3;13,12,15;,
  3;16,12,17;,
  3;12,16,15;,
  3;18,19,20;,
  3;19,18,16;,
  3;6,21,22;,
  3;21,6,5;,
  3;14,23,24;,
  3;23,14,13;,
  3;25,26,27;,
  3;26,25,28;,
  3;29,30,31;,
  3;30,29,32;,
  3;30,33,31;,
  3;33,30,34;,
  3;35,36,37;,
  3;36,35,38;,
  3;38,39,36;,
  3;39,38,40;,
  3;37,41,42;,
  3;41,37,36;,
  3;36,43,41;,
  3;43,36,39;,
  3;42,30,32;,
  3;30,42,41;,
  3;41,34,30;,
  3;34,41,43;,
  3;44,45,46;,
  3;45,44,47;,
  3;48,49,50;,
  3;49,48,51;,
  3;50,52,53;,
  3;52,50,49;,
  3;54,55,56;,
  3;55,54,57;,
  3;57,58,55;,
  3;58,57,59;,
  3;56,60,61;,
  3;60,56,55;,
  3;55,62,60;,
  3;62,55,58;,
  3;61,49,51;,
  3;49,61,60;,
  3;60,52,49;,
  3;52,60,62;,
  3;32,19,63;,
  3;19,32,29;,
  3;64,65,66;,
  3;65,64,20;,
  3;14,67,12;,
  3;67,14,68;,
  3;68,69,67;,
  3;69,68,70;,
  3;70,42,69;,
  3;42,70,37;,
  3;48,34,51;,
  3;34,48,33;,
  3;51,43,61;,
  3;43,51,34;,
  3;43,56,61;,
  3;56,43,39;,
  3;39,54,56;,
  3;54,39,40;,
  3;12,63,17;,
  3;63,12,67;,
  3;67,32,63;,
  3;32,67,69;,
  3;69,42,32;,
  3;71,72,25;,
  3;73,74,75;,
  3;74,73,76;,
  3;74,77,75;,
  3;77,74,78;,
  3;79,78,80;,
  3;78,79,77;,
  3;81,82,83;,
  3;82,84,85;,
  3;84,82,86;,
  3;87,88,89;,
  3;88,90,89;,
  3;90,88,91;,
  3;92,93,94;,
  3;92,89,93;,
  3;92,87,89;,
  3;89,95,93;,
  3;95,89,90;,
  3;96,93,82;,
  3;93,86,82;,
  3;86,93,95;,
  3;97,98,99;,
  3;98,97,100;,
  3;100,101,98;,
  3;101,100,102;,
  3;103,104,105;,
  3;104,103,106;,
  3;106,107,104;,
  3;107,106,108;,
  3;105,109,110;,
  3;109,105,104;,
  3;104,111,109;,
  3;111,104,107;,
  3;110,100,97;,
  3;100,110,109;,
  3;109,102,100;,
  3;102,109,111;,
  3;112,113,114;,
  3;113,112,115;,
  3;116,117,118;,
  3;117,116,119;,
  3;120,121,122;,
  3;121,120,123;,
  3;120,124,125;,
  3;124,120,122;,
  3;126,124,127;,
  3;124,126,125;,
  3;95,97,86;,
  3;97,95,110;,
  3;86,99,84;,
  3;99,86,97;,
  3;90,103,105;,
  3;103,90,91;,
  3;105,95,90;,
  3;95,105,110;,
  3;128,96,129;,
  3;96,128,94;,
  3;129,130,128;,
  3;130,129,131;,
  3;72,28,25;,
  3;28,72,132;,
  3;10,133,8;,
  3;134,135,136;,
  3;135,134,137;,
  3;81,137,134;,
  3;138,11,139;,
  3;138,9,11;,
  3;138,140,9;,
  3;141,11,142;,
  3;11,141,139;,
  3;128,130,143;,
  3;94,144,92;,
  3;94,143,144;,
  3;94,128,143;,
  3;145,87,146;,
  3;87,145,147;,
  3;75,148,73;,
  3;148,75,149;,
  3;150,147,145;,
  3;7,149,75;,
  3;148,151,73;,
  3;102,152,101;,
  3;152,102,126;,
  3;102,125,126;,
  3;125,102,111;,
  3;111,120,125;,
  3;120,111,107;,
  3;120,108,123;,
  3;108,120,107;,
  3;8,153,154;,
  3;153,8,133;,
  3;154,155,8;,
  3;155,154,156;,
  3;122,114,113;,
  3;114,122,121;,
  3;121,112,114;,
  3;112,121,157;,
  3;158,124,159;,
  3;124,158,127;,
  3;159,122,113;,
  3;122,159,124;,
  3;126,160,152;,
  3;160,126,161;,
  3;162,121,123;,
  3;121,162,163;,
  3;121,164,157;,
  3;164,121,163;,
  3;165,126,127;,
  3;126,165,161;,
  3;161,166,160;,
  3;166,161,167;,
  3;162,118,163;,
  3;118,162,116;,
  3;163,117,164;,
  3;117,163,118;,
  3;165,167,161;,
  3;167,165,168;,
  3;169,170,171;,
  3;170,169,172;,
  3;173,174,175;,
  3;174,173,176;,
  3;177,178,179;,
  3;178,177,173;,
  3;180,178,181;,
  3;178,180,182;,
  3;183,169,171;,
  3;169,183,184;,
  3;174,185,186;,
  3;185,174,176;,
  3;46,187,44;,
  3;187,46,188;,
  3;180,169,182;,
  3;169,180,172;,
  3;20,29,65;,
  3;19,29,20;,
  3;29,31,189;,
  3;31,190,189;,
  3;190,31,33;,
  3;33,191,190;,
  3;191,33,48;,
  3;191,50,192;,
  3;50,191,48;,
  3;192,53,193;,
  3;53,192,50;,
  3;194,171,185;,
  3;171,194,183;,
  3;171,186,185;,
  3;186,171,170;,
  3;185,176,194;,
  3;194,173,177;,
  3;173,194,176;,
  3;178,175,181;,
  3;175,178,173;,
  3;179,182,184;,
  3;182,179,178;,
  3;182,169,184;,
  3;16,17,19;,
  3;17,63,19;,
  3;65,195,66;,
  3;196,197,198;,
  3;197,196,199;,
  3;200,154,153;,
  3;154,200,201;,
  3;202,203,204;,
  3;205,206,207;,
  3;196,208,209;,
  3;208,196,198;,
  3;210,209,211;,
  3;209,210,196;,
  3;212,213,214;,
  3;213,212,215;,
  3;212,214,211;,
  3;201,216,217;,
  3;216,201,200;,
  3;218,219,220;,
  3;219,218,217;,
  3;210,199,196;,
  3;213,205,207;,
  3;221,222,223;,
  3;198,197,224;,
  3;224,225,226;,
  3;225,224,197;,
  3;227,213,207;,
  3;228,229,214;,
  3;229,228,230;,
  3;220,231,232;,
  3;213,228,214;,
  3;156,201,233;,
  3;201,156,154;,
  3;233,217,218;,
  3;217,233,201;,
  3;219,217,234;,
  3;235,219,234;,
  3;236,237,238;,
  3;237,236,239;,
  3;209,240,211;,
  3;240,209,241;,
  3;211,242,212;,
  3;242,211,240;,
  3;243,239,244;,
  3;239,243,237;,
  3;244,236,245;,
  3;236,244,239;,
  3;246,221,223;,
  3;221,246,215;,
  3;221,212,247;,
  3;212,221,215;,
  3;199,248,2;,
  3;248,199,249;,
  3;133,10,250;,
  3;249,210,251;,
  3;210,249,199;,
  3;210,211,251;,
