xof 0303txt 0032
template ColorRGBA {
 <35ff44e0-6c7c-11cf-8f52-0040333594a3>
 FLOAT red;
 FLOAT green;
 FLOAT blue;
 FLOAT alpha;
}

template ColorRGB {
 <d3e16e81-7835-11cf-8f52-0040333594a3>
 FLOAT red;
 FLOAT green;
 FLOAT blue;
}

template Material {
 <3d82ab4d-62da-11cf-ab39-0020af71e433>
 ColorRGBA faceColor;
 FLOAT power;
 ColorRGB specularColor;
 ColorRGB emissiveColor;
 [...]
}

template TextureFilename {
 <a42790e1-7810-11cf-8f52-0040333594a3>
 STRING filename;
}

template Frame {
 <3d82ab46-62da-11cf-ab39-0020af71e433>
 [...]
}

template Matrix4x4 {
 <f6f23f45-7686-11cf-8f52-0040333594a3>
 array FLOAT matrix[16];
}

template FrameTransformMatrix {
 <f6f23f41-7686-11cf-8f52-0040333594a3>
 Matrix4x4 frameMatrix;
}

template Vector {
 <3d82ab5e-62da-11cf-ab39-0020af71e433>
 FLOAT x;
 FLOAT y;
 FLOAT z;
}

template MeshFace {
 <3d82ab5f-62da-11cf-ab39-0020af71e433>
 DWORD nFaceVertexIndices;
 array DWORD faceVertexIndices[nFaceVertexIndices];
}

template Mesh {
 <3d82ab44-62da-11cf-ab39-0020af71e433>
 DWORD nVertices;
 array Vector vertices[nVertices];
 DWORD nFaces;
 array MeshFace faces[nFaces];
 [...]
}

template MeshMaterialList {
 <f6f23f42-7686-11cf-8f52-0040333594a3>
 DWORD nMaterials;
 DWORD nFaceIndexes;
 array DWORD faceIndexes[nFaceIndexes];
 [Material <3d82ab4d-62da-11cf-ab39-0020af71e433>]
}

template VertexElement {
 <f752461c-1e23-48f6-b9f8-8350850f336f>
 DWORD Type;
 DWORD Method;
 DWORD Usage;
 DWORD UsageIndex;
}

template DeclData {
 <bf22e553-292c-4781-9fea-62bd554bdd93>
 DWORD nElements;
 array VertexElement Elements[nElements];
 DWORD nDWords;
 array DWORD data[nDWords];
}

template XSkinMeshHeader {
 <3cf169ce-ff7c-44ab-93c0-f78f62d172e2>
 WORD nMaxSkinWeightsPerVertex;
 WORD nMaxSkinWeightsPerFace;
 WORD nBones;
}

template SkinWeights {
 <6f0d123b-bad2-4167-a0d0-80224f25fabb>
 STRING transformNodeName;
 DWORD nWeights;
 array DWORD vertexIndices[nWeights];
 array FLOAT weights[nWeights];
 Matrix4x4 matrixOffset;
}

template AnimTicksPerSecond {
 <9e415a43-7ba6-4a73-8743-b73d47e88476>
 DWORD AnimTicksPerSecond;
}

template Animation {
 <3d82ab4f-62da-11cf-ab39-0020af71e433>
 [...]
}

template AnimationSet {
 <3d82ab50-62da-11cf-ab39-0020af71e433>
 [Animation <3d82ab4f-62da-11cf-ab39-0020af71e433>]
}

template FloatKeys {
 <10dd46a9-775b-11cf-8f52-0040333594a3>
 DWORD nValues;
 array FLOAT values[nValues];
}

template TimedFloatKeys {
 <f406b180-7b3b-11cf-8f52-0040333594a3>
 DWORD time;
 FloatKeys tfkeys;
}

template AnimationKey {
 <10dd46a8-775b-11cf-8f52-0040333594a3>
 DWORD keyType;
 DWORD nKeys;
 array TimedFloatKeys keys[nKeys];
}


Material _03_-_Default {
 1.000000;1.000000;1.000000;1.000000;;
 9.999999;
 0.000000;0.000000;0.000000;;
 0.000000;0.000000;0.000000;;

 TextureFilename {
  "MaleBody_full.png";
 }
}

Frame Dummy01 {
 

 FrameTransformMatrix {
  1.000000,0.000000,0.000000,0.000000,0.000000,-0.000000,-1.000000,0.000000,0.000000,1.000000,-0.000000,0.000000,0.000000,0.000000,0.000000,1.000000;;
 }

 Frame Bip01 {
  

  FrameTransformMatrix {
   0.179676,0.259554,-0.948867,0.000000,-0.063210,0.965617,0.252166,0.000000,0.981693,0.014670,0.189904,0.000000,-0.040476,-0.012353,0.026365,1.000000;;
  }

  Frame Bip01_Pelvis {
   

   FrameTransformMatrix {
    -0.000000,1.000000,-0.000001,0.000000,0.087154,0.000001,0.996195,0.000000,0.996195,0.000000,-0.087154,0.000000,0.000000,0.000000,0.000000,1.000000;;
   }

   Frame Bip01_Spine {
    

    FrameTransformMatrix {
     0.995911,-0.079818,-0.042316,0.000000,0.075512,0.992599,-0.095107,0.000000,0.049594,0.091522,0.994567,0.000000,0.051629,-0.000008,-0.000084,1.000000;;
    }

    Frame Bip01_Spine1 {
     

     FrameTransformMatrix {
      0.994377,0.105255,-0.011647,0.000000,-0.096544,0.855846,-0.508141,0.000000,-0.043516,0.506408,0.861195,0.000000,0.106484,-0.000043,-0.000073,1.000000;;
     }

     Frame Bip01_Neck {
      

      FrameTransformMatrix {
       0.968675,0.173466,0.177703,0.000000,-0.207958,0.957745,0.198691,0.000000,-0.135728,-0.229422,0.963817,0.000000,0.130508,0.000006,0.004626,1.000000;;
      }

      Frame Bip01_Head {
       

       FrameTransformMatrix {
        0.670194,-0.147195,-0.727443,0.000000,0.223442,0.974679,0.008635,0.000000,0.707752,-0.168329,0.686114,0.000000,0.033674,0.000000,0.000000,1.000000;;
       }

       Frame Bip01_HeadNub {
        

        FrameTransformMatrix {
         1.000000,0.000000,0.000000,0.000000,0.000000,1.000000,-0.000000,0.000000,0.000000,-0.000000,1.000000,0.000000,0.169824,-0.000000,0.000000,1.000000;;
        }
       }
      }

      Frame Bip01_L_Clavicle {
       

       FrameTransformMatrix {
        0.173465,0.957744,-0.229424,0.000000,0.968533,-0.208117,-0.136495,0.000000,-0.178475,-0.198528,-0.963708,0.000000,-0.021373,0.019122,-0.004801,1.000000;;
       }

       Frame Bip01_L_UpperArm {
        

        FrameTransformMatrix {
         0.714031,-0.470007,-0.518896,0.000000,0.074551,0.787989,-0.611160,0.000000,0.696133,0.397703,0.597688,0.000000,0.087086,-0.000000,-0.000000,1.000000;;
        }

        Frame Bip01_L_Forearm {
         

         FrameTransformMatrix {
          0.105859,0.000000,-0.994381,0.000000,-0.000000,1.000000,0.000000,0.000000,0.994381,-0.000000,0.105859,0.000000,0.137062,0.000000,0.000000,1.000000;;
         }

         Frame Bip01_L_Hand {
          

          FrameTransformMatrix {
           -0.082522,0.846531,-0.525905,0.000000,0.023001,0.529182,0.848196,0.000000,0.996324,0.057899,-0.063141,0.000000,0.137062,0.000000,-0.000000,1.000000;;
          }

          Frame Bip01_L_Finger0 {
           

           FrameTransformMatrix {
            0.829256,-0.514255,0.218807,0.000000,0.558537,0.749101,-0.356210,0.000000,0.019274,0.417601,0.908427,0.000000,0.057681,-0.023605,-0.000272,1.000000;;
           }

           Frame Bip01_L_Finger0Nub {
            

            FrameTransformMatrix {
             1.000000,0.000000,0.000000,0.000000,-0.000000,1.000000,0.000000,0.000000,-0.000000,0.000000,1.000000,0.000000,0.029435,-0.000000,0.000000,1.000000;;
            }
           }
          }

          Frame Bip01_L_Finger1 {
           

           FrameTransformMatrix {
            0.989590,-0.000115,0.143914,0.000000,0.000000,1.000000,0.000796,0.000000,-0.143914,-0.000788,0.989590,0.000000,0.084102,-0.000000,-0.000000,1.000000;;
           }

           Frame Bip01_L_Finger1Nub {
            

            FrameTransformMatrix {
             1.000000,0.000000,-0.000000,0.000000,0.000000,1.000000,-0.000000,0.000000,0.000000,-0.000000,1.000000,0.000000,0.047988,0.000000,-0.000000,1.000000;;
            }
           }
          }
         }
        }
       }
      }

      Frame Bip01_R_Clavicle {
       

       FrameTransformMatrix {
        0.331701,-0.940981,0.067299,0.000000,-0.928779,-0.313228,0.198137,0.000000,-0.165363,-0.128228,-0.977861,0.000000,-0.026825,-0.010979,0.002409,1.000000;;
       }

       Frame Bip01_R_UpperArm {
        

        FrameTransformMatrix {
         0.964366,-0.196580,-0.177070,0.000000,-0.036621,0.563649,-0.825202,0.000000,0.262023,0.802282,0.536365,0.000000,0.087086,0.000000,0.000000,1.000000;;
        }

        Frame Bip01_R_Forearm {
         

         FrameTransformMatrix {
          0.353213,-0.000000,-0.935543,0.000000,0.000000,1.000000,-0.000000,0.000000,0.935543,0.000000,0.353213,0.000000,0.137062,0.000000,0.000000,1.000000;;
         }

         Frame Bip01_R_Hand {
          

          FrameTransformMatrix {
           0.955362,-0.214517,0.203141,0.000000,0.264487,0.314628,-0.911623,0.000000,0.131644,0.924658,0.357321,0.000000,0.137062,0.000000,-0.000000,1.000000;;
          }

          Frame Bip01_R_Finger0 {
           

           FrameTransformMatrix {
            0.179011,0.174103,0.968320,0.000000,-0.675095,0.737690,-0.007833,0.000000,-0.715684,-0.652305,0.249591,0.000000,0.057681,0.023605,-0.000272,1.000000;;
           }

           Frame Bip01_R_Finger0Nub {
            

            FrameTransformMatrix {
             -1.000000,0.000000,0.000000,0.000000,0.000000,1.000000,-0.000000,0.000000,0.000000,-0.000000,-1.000000,0.000000,0.029435,0.000000,0.000000,1.000000;;
            }
           }
          }

          Frame Bip01_R_Finger1 {
           

           FrameTransformMatrix {
            0.785053,0.000493,0.619428,0.000000,0.000000,1.000000,-0.000796,0.000000,-0.619428,0.000625,0.785053,0.000000,0.084102,0.000000,0.000000,1.000000;;
           }

           Frame Bip01_R_Finger1Nub {
            

            FrameTransformMatrix {
             -1.000000,0.000000,-0.000000,0.000000,-0.000000,1.000000,-0.000000,0.000000,0.000000,-0.000000,-1.000000,0.000000,0.047988,-0.000000,0.000000,1.000000;;
            }
           }
          }
         }
        }
       }
      }
     }

     Frame Bip01_BackPack {
      

      FrameTransformMatrix {
       0.035097,-0.075887,-0.996499,0.000000,0.053820,0.995809,-0.073939,0.000000,0.997934,-0.051036,0.039035,0.000000,0.051182,0.000002,-0.091273,1.000000;;
      }

      Frame Bip01_BackPackNub {
       

       FrameTransformMatrix {
        0.000796,0.000003,1.000000,0.000000,0.000000,-1.000000,0.000003,0.000000,1.000000,-0.000000,-0.000796,0.000000,0.053240,-0.000000,0.000000,1.000000;;
       }
      }
     }
    }

    Frame Bip01_L_Thigh {
     

     FrameTransformMatrix {
      -0.986682,0.030625,-0.159752,0.000000,-0.053698,-0.988383,0.142184,0.000000,-0.153541,0.148869,0.976864,0.000000,-0.055830,0.050918,0.002579,1.000000;;
     }

     Frame Bip01_L_Calf {
      

      FrameTransformMatrix {
       0.961851,0.000000,-0.273575,0.000000,0.000000,1.000000,0.000000,0.000000,0.273575,0.000000,0.961851,0.000000,0.237500,0.000000,-0.000000,1.000000;;
      }

      Frame Bip01_L_Foot {
       

       FrameTransformMatrix {
        0.914502,0.015893,-0.404270,0.000000,0.014791,0.997247,0.072663,0.000000,0.404311,-0.072430,0.911749,0.000000,0.206841,-0.000000,-0.000000,1.000000;;
       }

       Frame Bip01_L_Toe0 {
        

        FrameTransformMatrix {
         -0.000001,0.311380,0.950286,0.000000,0.000000,0.950286,-0.311380,0.000000,-1.000000,0.000000,-0.000001,0.000000,0.065373,-0.000000,0.066450,1.000000;;
        }

        Frame Bip01_L_Toe0Nub {
         

         FrameTransformMatrix {
          -1.000000,0.000000,0.000000,0.000000,-0.000000,1.000000,-0.000000,0.000000,-0.000000,-0.000000,-1.000000,0.000000,0.006735,0.000000,0.000000,1.000000;;
         }
        }
       }
      }
     }
    }

    Frame Bip01_R_Thigh {
     

     FrameTransformMatrix {
      -0.971461,0.015078,-0.236718,0.000000,-0.002204,-0.998508,-0.054556,0.000000,-0.237187,-0.052477,0.970045,0.000000,-0.047014,-0.058716,-0.007530,1.000000;;
     }

     Frame Bip01_R_Calf {
      

      FrameTransformMatrix {
       0.982838,0.000000,-0.184470,0.000000,-0.000000,1.000000,0.000000,0.000000,0.184470,-0.000000,0.982838,0.000000,0.237500,0.000000,0.000000,1.000000;;
      }

      Frame Bip01_R_Foot {
       

       FrameTransformMatrix {
        0.894908,0.309566,-0.321418,0.000000,-0.211068,0.928229,0.306336,0.000000,0.393180,-0.206302,0.896018,0.000000,0.206841,0.000000,-0.000000,1.000000;;
       }

       Frame Bip01_R_Toe0 {
        

        FrameTransformMatrix {
         0.080993,0.265762,0.960630,0.000000,0.178859,0.944276,-0.276318,0.000000,-0.980535,0.194197,0.028946,0.000000,0.065373,0.000000,0.066450,1.000000;;
        }

        Frame Bip01_R_Toe0Nub {
         

         FrameTransformMatrix {
          1.000000,0.000000,0.000000,0.000000,0.000000,1.000000,-0.000000,0.000000,0.000000,-0.000000,1.000000,0.000000,0.006735,0.000000,0.000000,1.000000;;
         }
        }
       }
      }
     }
    }
   }

   Frame Bip01_DressFront {
    

    FrameTransformMatrix {
     -0.979091,0.023836,-0.202023,0.000000,0.020237,0.999598,0.019862,0.000000,0.202416,0.015358,-0.979179,0.000000,-0.040817,0.001641,0.045534,1.000000;;
    }

    Frame Bip01_DressFront02 {
     

     FrameTransformMatrix {
      0.991509,0.079394,0.102984,0.000000,-0.077172,0.996694,-0.025392,0.000000,-0.104660,0.017229,0.994359,0.000000,0.183338,-0.000002,-0.000131,1.000000;;
     }

     Frame Bip01_DressFrontNub {
      

      FrameTransformMatrix {
       0.000796,0.000003,1.000000,0.000000,0.000000,-1.000000,0.000003,0.000000,1.000000,-0.000000,-0.000796,0.000000,0.165302,0.000000,0.000000,1.000000;;
      }
     }
    }
   }

   Frame Bip01_DressBack {
    

    FrameTransformMatrix {
     -0.998775,-0.025095,-0.042662,0.000000,-0.020871,0.995094,-0.096709,0.000000,0.044879,-0.095700,-0.994398,0.000000,-0.047739,0.000014,-0.078280,1.000000;;
    }

    Frame Bip01_DressBack02 {
     

     FrameTransformMatrix {
      0.944348,0.187631,0.270189,0.000000,-0.180434,0.982240,-0.051466,0.000000,-0.275047,-0.000149,0.961431,0.000000,0.176189,0.000000,-0.000105,1.000000;;
     }

     Frame Bip01_DressBackNub {
      

      FrameTransformMatrix {
       0.000796,0.000003,1.000000,0.000000,-0.000000,-1.000000,0.000003,0.000000,1.000000,-0.000000,-0.000796,0.000000,0.136509,0.000000,0.000000,1.000000;;
      }
     }
    }
   }
  }

  Frame Bip01_Prop1 {
   

   FrameTransformMatrix {
    0.422404,-0.045727,-0.905253,0.000000,0.725946,-0.580963,0.368083,0.000000,-0.542750,-0.812645,-0.212206,0.000000,0.129765,0.513544,-0.081586,1.000000;;
   }
  }

  Frame Bip01_Prop2 {
   

   FrameTransformMatrix {
    1.000000,0.000000,-0.000000,0.000000,0.000000,1.000000,-0.000000,0.000000,-0.000000,0.000000,1.000000,0.000000,0.074027,0.138316,0.173076,1.000000;;
   }
  }
 }
}

Frame Translation_Data {
 

 FrameTransformMatrix {
  1.000000,0.000000,0.000000,0.000000,0.000000,-0.000000,-1.000000,0.000000,0.000000,1.000000,-0.000000,0.000000,0.000000,0.000000,0.000000,1.000000;;
 }
}

Frame Body {
 

 FrameTransformMatrix {
  1.000000,0.000000,0.000000,0.000000,0.000000,1.000000,0.000000,0.000000,0.000000,0.000000,1.000000,0.000000,0.000000,0.000000,0.000000,1.000000;;
 }

 Mesh Body {
  617;
  0.005400;0.129282;-0.241625;,
  -0.018719;0.100964;-0.236860;,
  -0.035363;0.118834;-0.260068;,
  0.017683;0.126792;-0.221724;,
  0.022395;0.123290;-0.202036;,
  0.012912;0.067850;-0.183610;,
  0.000583;0.083107;-0.211815;,
  0.025144;0.111665;-0.171758;,
  -0.060037;0.152521;-0.266806;,
  -0.037433;0.192979;-0.230554;,
  -0.027622;0.168900;-0.249482;,
  -0.065504;0.178126;-0.236350;,
  0.035610;0.084857;-0.028477;,
  -0.008090;0.100949;-0.029505;,
  -0.007426;0.102685;-0.016129;,
  0.027465;0.084828;-0.039547;,
  0.028377;0.030954;-0.055399;,
  0.041222;0.042207;-0.024115;,
  0.004612;-0.003138;-0.058150;,
  0.031664;0.006551;-0.008228;,
  0.004017;-0.008204;-0.000918;,
  -0.026224;0.032638;-0.191305;,
  -0.028645;0.055958;-0.221516;,
  -0.050371;0.094786;-0.025478;,
  -0.048893;0.096912;-0.010500;,
  -0.041101;0.143859;-0.111430;,
  -0.103509;0.138321;-0.147823;,
  -0.087816;0.125378;-0.113391;,
  -0.055520;0.166537;-0.144331;,
  0.032585;-0.013309;0.042587;,
  0.077643;0.017171;0.144824;,
  0.051841;-0.022492;0.140767;,
  0.054588;0.031785;0.048380;,
  0.063531;-0.036313;0.235130;,
  0.075035;0.015179;0.238738;,
  -0.018074;-0.008641;0.049808;,
  -0.021216;0.056339;0.159848;,
  -0.030754;0.076071;0.088821;,
  -0.001266;-0.016033;0.148204;,
  0.011258;0.032216;0.243754;,
  0.023474;-0.008230;0.243007;,
  0.055679;0.077417;0.153953;,
  0.035812;0.080966;0.077319;,
  0.049089;0.046601;0.238621;,
  0.062127;0.079065;0.498525;,
  0.007357;0.096848;0.480746;,
  0.023130;0.057603;0.505125;,
  0.038755;0.111499;0.476929;,
  0.058995;-0.009996;0.293811;,
  0.077134;0.034761;0.365994;,
  0.060125;-0.002509;0.367523;,
  0.078002;0.028068;0.291586;,
  0.071029;0.041105;0.443988;,
  0.063490;0.008780;0.450475;,
  0.012646;-0.001291;0.313316;,
  0.005742;0.047963;0.360037;,
  -0.005934;0.048042;0.295212;,
  0.023656;0.010507;0.370543;,
  0.032081;0.046970;0.432066;,
  0.038277;0.026307;0.453965;,
  0.063773;0.069924;0.357584;,
  0.060639;0.073593;0.283194;,
  0.054529;0.054709;0.425584;,
  0.048627;0.040550;0.004855;,
  -0.035147;-0.025942;0.004973;,
  -0.018074;-0.008641;0.049808;,
  -0.034275;-0.021174;0.041888;,
  0.045604;0.091673;0.023850;,
  -0.006269;0.109120;0.033165;,
  0.037615;0.082616;0.067676;,
  -0.009331;0.093998;0.072018;,
  -0.026420;0.118137;-0.072351;,
  -0.006275;0.142366;-0.114446;,
  0.010150;0.135202;-0.124310;,
  0.017873;0.061170;-0.101200;,
  0.026238;0.090366;-0.145851;,
  0.010309;0.106418;-0.081790;,
  0.011478;0.046206;-0.157515;,
  0.005896;0.027226;-0.107238;,
  -0.039217;0.015218;-0.163470;,
  -0.036991;0.005991;-0.103943;,
  0.042877;0.132688;-0.226496;,
  0.091166;0.131299;-0.211291;,
  0.010746;0.140527;-0.184048;,
  0.109705;0.144750;-0.144902;,
  0.065593;0.133735;-0.157162;,
  0.131954;0.141418;-0.187886;,
  0.025855;0.199267;-0.178288;,
  0.065593;0.133735;-0.157162;,
  0.072231;0.199472;-0.156853;,
  0.131761;0.181902;-0.133689;,
  0.109705;0.144750;-0.144902;,
  0.029486;0.206557;-0.186168;,
  0.097595;0.197141;-0.211213;,
  0.049904;0.198245;-0.225263;,
  0.154137;0.178479;-0.176425;,
  0.048341;0.161291;-0.233439;,
  0.121948;0.127816;-0.196141;,
  0.104546;0.070397;-0.144046;,
  0.094321;0.130182;-0.145827;,
  0.121654;0.071391;-0.176507;,
  0.114098;0.024395;-0.137461;,
  0.125219;0.024757;-0.158335;,
  0.094321;0.130182;-0.145827;,
  0.157055;0.082449;-0.124774;,
  0.147906;0.146037;-0.116529;,
  0.104546;0.070397;-0.144046;,
  0.152065;0.028804;-0.130186;,
  0.114098;0.024395;-0.137461;,
  0.169835;0.083439;-0.149869;,
  0.175260;0.143727;-0.166630;,
  0.158111;0.030543;-0.141748;,
  0.098909;0.016366;-0.267089;,
  0.142500;-0.010289;-0.241669;,
  0.096727;0.000269;-0.252255;,
  0.144121;0.005684;-0.256277;,
  0.078740;0.010194;-0.214684;,
  0.086082;0.023160;-0.222328;,
  0.085222;0.012265;-0.223600;,
  0.074398;0.020945;-0.213394;,
  0.151340;-0.004626;-0.168550;,
  0.102690;0.019208;-0.195202;,
  0.152062;0.003368;-0.205039;,
  0.102218;0.002151;-0.164908;,
  0.154226;0.020867;-0.214376;,
  0.158052;0.032553;-0.170566;,
  0.106920;0.040681;-0.165929;,
  0.106912;0.036458;-0.204209;,
  -0.005888;0.188813;-0.246277;,
  0.016450;0.171747;-0.256415;,
  -0.027622;0.168900;-0.249482;,
  -0.012030;0.149399;-0.254614;,
  -0.016808;0.174808;-0.148897;,
  -0.035356;0.137892;-0.266737;,
  0.027067;0.147999;-0.246491;,
  0.017683;0.126792;-0.221724;,
  0.005400;0.129282;-0.241625;,
  0.024429;0.141192;-0.217944;,
  -0.020335;0.197410;-0.186625;,
  -0.064755;0.178799;-0.179467;,
  -0.015875;0.197894;-0.191722;,
  -0.110281;0.142896;-0.183557;,
  -0.096943;0.143137;-0.242114;,
  -0.037433;0.192979;-0.230554;,
  -0.015875;0.197894;-0.191722;,
  0.006116;0.142991;-0.188131;,
  -0.009215;0.188565;-0.186399;,
  0.010746;0.140527;-0.184048;,
  0.002681;0.150965;-0.155754;,
  0.016223;0.120387;-0.164350;,
  0.022395;0.123290;-0.202036;,
  -0.001923;0.166672;-0.152793;,
  0.102218;0.002151;-0.164908;,
  -0.030548;0.144340;-0.284890;,
  -0.047704;0.155589;-0.276340;,
  -0.085136;0.138410;-0.272699;,
  -0.074211;0.151409;-0.278766;,
  0.106912;0.036458;-0.204209;,
  0.098909;0.016366;-0.267089;,
  0.144121;0.005684;-0.256277;,
  0.083563;0.002851;-0.196767;,
  0.081066;0.028629;-0.196274;,
  0.083563;0.002851;-0.196767;,
  0.095573;0.009241;-0.208243;,
  0.102061;0.032330;-0.202713;,
  0.102061;0.032330;-0.202713;,
  0.078740;0.010194;-0.214684;,
  0.074398;0.020945;-0.213394;,
  0.086082;0.023160;-0.222328;,
  0.102916;0.012653;0.516898;,
  0.092048;-0.023694;0.561005;,
  0.090080;-0.027847;0.541558;,
  0.108315;0.020102;0.538491;,
  0.012597;0.070806;0.457559;,
  0.023130;0.057603;0.505125;,
  0.007357;0.096848;0.480746;,
  0.026035;0.042872;0.484983;,
  0.032081;0.046970;0.432066;,
  0.050480;0.086611;0.450483;,
  0.054529;0.054709;0.425584;,
  0.062127;0.079065;0.498525;,
  0.038755;0.111499;0.476929;,
  0.068496;0.060565;0.469443;,
  0.063490;0.008780;0.450475;,
  0.071029;0.041105;0.443988;,
  0.060605;-0.030115;0.542165;,
  0.056261;-0.030624;0.559832;,
  0.108315;0.020102;0.538491;,
  0.056261;-0.030624;0.559832;,
  -0.001266;-0.016033;0.148204;,
  0.023474;-0.008230;0.243007;,
  0.012646;-0.001291;0.313316;,
  0.023656;0.010507;0.370543;,
  0.038277;0.026307;0.453965;,
  0.038277;0.026307;0.453965;,
  -0.038200;0.024215;0.066954;,
  -0.016322;0.144291;-0.302241;,
  -0.023220;0.121362;-0.314520;,
  -0.017146;0.130032;-0.318257;,
  -0.029826;0.127531;-0.293848;,
  -0.036694;0.165379;-0.291360;,
  -0.053127;0.177769;-0.278752;,
  -0.085589;0.239367;-0.380270;,
  -0.092568;0.213760;-0.402138;,
  -0.104749;0.234299;-0.384223;,
  -0.035811;0.173764;-0.388438;,
  -0.048616;0.162736;-0.395305;,
  -0.051464;0.198125;-0.395091;,
  -0.018127;0.147656;-0.330296;,
  -0.022460;0.170397;-0.311611;,
  -0.024271;0.156152;-0.300003;,
  -0.038822;0.205810;-0.313041;,
  -0.035494;0.205305;-0.337346;,
  -0.046689;0.216075;-0.382848;,
  -0.047440;0.232234;-0.360079;,
  -0.030055;0.189465;-0.358840;,
  -0.047144;0.214043;-0.300986;,
  -0.065546;0.223772;-0.288145;,
  -0.103909;0.211448;-0.282480;,
  -0.084082;0.253643;-0.321558;,
  -0.116954;0.244541;-0.316603;,
  -0.021916;0.171855;-0.347045;,
  -0.019063;0.130309;-0.338641;,
  -0.026236;0.152148;-0.366289;,
  -0.019932;0.099452;-0.338470;,
  -0.038701;0.090893;-0.327468;,
  -0.033350;0.084260;-0.346815;,
  -0.064841;0.215137;-0.397086;,
  -0.064554;0.240042;-0.373169;,
  -0.064216;0.250843;-0.335359;,
  -0.079863;0.255304;-0.352597;,
  -0.098985;0.254540;-0.351266;,
  -0.115784;0.249559;-0.351908;,
  -0.086950;0.175956;-0.274302;,
  -0.064216;0.250843;-0.335359;,
  -0.079863;0.255304;-0.352597;,
  -0.017665;0.175114;-0.312872;,
  -0.031933;0.218619;-0.325872;,
  -0.023073;0.208817;-0.309171;,
  -0.030217;0.198481;-0.322071;,
  -0.023073;0.208817;-0.309171;,
  -0.017665;0.175114;-0.312872;,
  -0.031933;0.218619;-0.325872;,
  -0.035494;0.205305;-0.337346;,
  -0.024531;0.183396;-0.331584;,
  -0.022460;0.170397;-0.311611;,
  -0.034362;0.169912;-0.376955;,
  -0.024531;0.183396;-0.331584;,
  -0.035356;0.137892;-0.266737;,
  -0.030548;0.144340;-0.284890;,
  -0.012030;0.149399;-0.254614;,
  -0.036694;0.165379;-0.291360;,
  -0.043672;0.084419;-0.261146;,
  -0.037737;0.072238;-0.241196;,
  -0.037785;-0.012795;-0.054981;,
  -0.047839;0.103759;0.037214;,
  -0.045395;0.092219;0.069424;,
  -0.052595;0.074288;0.082663;,
  -0.042863;0.093245;-0.302812;,
  -0.038200;0.024215;0.066954;,
  -0.098985;0.254540;-0.351266;,
  -0.115784;0.249559;-0.351908;,
  -0.029073;0.123107;-0.357980;,
  -0.041873;0.135384;-0.375508;,
  -0.038201;0.127590;-0.371150;,
  -0.085697;0.201375;-0.408412;,
  -0.074198;0.178708;-0.409574;,
  -0.049938;0.158181;-0.383181;,
  -0.070461;0.104669;-0.070580;,
  -0.012030;0.149399;-0.254614;,
  0.092048;-0.023694;0.561005;,
  -0.031441;0.109868;-0.360582;,
  -0.027329;0.117621;-0.354726;,
  -0.034344;0.115055;-0.359696;,
  -0.047794;0.119167;-0.376267;,
  -0.048164;0.122451;-0.388506;,
  -0.034599;0.116265;-0.365791;,
  -0.044691;0.109886;-0.361376;,
  -0.040624;0.102187;-0.363316;,
  -0.061420;0.151709;-0.402173;,
  -0.059181;0.145617;-0.394343;,
  -0.009215;0.188565;-0.186399;,
  -0.043727;0.109794;-0.370171;,
  -0.008060;0.153906;-0.185092;,
  0.006116;0.142991;-0.188131;,
  0.022395;0.123290;-0.202036;,
  -0.047144;0.214043;-0.300986;,
  0.058995;-0.009996;0.293811;,
  0.035245;-0.020802;0.356055;,
  0.018945;-0.031735;0.280958;,
  0.060125;-0.002509;0.367523;,
  0.063531;-0.036313;0.235130;,
  0.019142;-0.043466;0.227138;,
  0.051841;-0.022492;0.140767;,
  -0.002697;-0.035065;0.135662;,
  0.032585;-0.013309;0.042587;,
  -0.013884;-0.030980;0.047587;,
  0.004017;-0.008204;-0.000918;,
  0.043185;-0.017474;0.428070;,
  0.063490;0.008780;0.450475;,
  0.003047;0.073882;0.367394;,
  -0.005764;0.095502;0.445469;,
  0.009954;0.080437;0.436859;,
  -0.016372;0.086625;0.373440;,
  -0.023156;0.071013;0.307370;,
  -0.006827;0.062631;0.295961;,
  -0.031749;0.065473;0.249145;,
  -0.006143;0.057767;0.247257;,
  -0.027521;0.069787;0.161674;,
  -0.042710;0.076737;0.161167;,
  -0.044552;0.087818;0.096783;,
  -0.008060;0.153906;-0.185092;,
  -0.095669;0.053246;-0.280179;,
  -0.068947;0.058871;-0.248474;,
  -0.105019;0.033394;-0.266022;,
  -0.077969;0.083853;-0.270171;,
  -0.104264;0.016250;-0.235030;,
  -0.073781;0.009427;-0.196282;,
  -0.120365;0.013606;-0.193028;,
  -0.061181;0.031345;-0.226097;,
  -0.104236;0.116606;-0.277416;,
  -0.153882;0.096183;-0.258914;,
  -0.136234;0.118850;-0.252705;,
  -0.120094;0.097558;-0.278941;,
  -0.130025;0.067107;-0.022270;,
  -0.093010;0.089926;-0.025482;,
  -0.124051;0.065161;-0.032370;,
  -0.090943;0.093735;-0.013000;,
  -0.112660;0.012647;-0.048718;,
  -0.126146;0.024271;-0.017843;,
  -0.081348;-0.014295;-0.054078;,
  -0.107298;-0.009046;-0.002553;,
  -0.077505;-0.016940;0.002137;,
  -0.050371;0.094786;-0.025478;,
  -0.048893;0.096912;-0.010500;,
  -0.131020;0.099678;-0.116068;,
  -0.103509;0.138321;-0.147823;,
  -0.147001;0.104887;-0.157703;,
  -0.087816;0.125378;-0.113391;,
  -0.085358;-0.024728;0.050382;,
  -0.117059;-0.006529;0.159750;,
  -0.124557;0.006258;0.059221;,
  -0.075674;-0.028138;0.151046;,
  -0.062013;-0.033515;0.244257;,
  -0.097409;0.005373;0.250945;,
  -0.040112;0.006825;0.046804;,
  -0.051721;0.078356;0.152111;,
  -0.033165;0.004891;0.146639;,
  -0.054810;0.073494;0.089723;,
  -0.051711;0.052749;0.243182;,
  -0.041362;0.011651;0.244297;,
  -0.128112;0.057229;0.162592;,
  -0.126103;0.062161;0.082828;,
  -0.091768;0.045555;0.246050;,
  -0.090505;0.060576;0.506675;,
  -0.073865;0.115538;0.488389;,
  -0.104212;0.098574;0.485869;,
  -0.050077;0.079733;0.511530;,
  -0.060659;-0.005766;0.300512;,
  -0.084836;0.026370;0.377488;,
  -0.096365;0.017173;0.304245;,
  -0.051344;0.003067;0.373493;,
  -0.067585;0.036025;0.452461;,
  -0.041994;0.015452;0.456062;,
  -0.022401;0.026121;0.311646;,
  -0.032669;0.073856;0.359315;,
  -0.026721;0.032960;0.370552;,
  -0.035263;0.077259;0.293585;,
  -0.042533;0.064781;0.435984;,
  -0.035825;0.049442;0.459515;,
  -0.093047;0.063061;0.369002;,
  -0.106465;0.064810;0.295694;,
  -0.064894;0.056920;0.432923;,
  -0.130868;0.021314;0.011581;,
  -0.040112;0.006825;0.046804;,
  -0.137335;0.072069;0.030706;,
  -0.089785;0.100170;0.036294;,
  -0.128103;0.063765;0.073393;,
  -0.086081;0.089769;0.072066;,
  -0.113402;0.087971;-0.071362;,
  -0.150902;0.071305;-0.121906;,
  -0.154317;0.054393;-0.132793;,
  -0.113757;0.015520;-0.099704;,
  -0.135277;0.055928;-0.080134;,
  -0.127047;0.015052;-0.153758;,
  -0.082487;0.000038;-0.162362;,
  -0.083712;-0.003851;-0.106219;,
  -0.133374;0.079219;-0.339208;,
  -0.111237;0.034288;-0.319541;,
  -0.163250;0.067731;-0.378456;,
  -0.174269;0.001377;-0.399928;,
  -0.193200;0.045176;-0.408847;,
  -0.140107;0.013191;-0.369527;,
  -0.162922;0.015380;-0.293405;,
  -0.191780;-0.002644;-0.331518;,
  -0.140107;0.013191;-0.369527;,
  -0.217400;-0.016833;-0.388176;,
  -0.174269;0.001377;-0.399928;,
  -0.171715;0.021461;-0.289648;,
  -0.214887;0.052081;-0.340178;,
  -0.185057;0.062557;-0.301793;,
  -0.236343;0.026758;-0.397253;,
  -0.158588;0.079338;-0.323070;,
  -0.179473;0.053620;-0.416124;,
  -0.131012;0.009909;-0.461452;,
  -0.147173;0.042656;-0.465174;,
  -0.155662;0.002224;-0.406539;,
  -0.115224;0.008089;-0.501770;,
  -0.123204;0.033065;-0.508348;,
  -0.155662;0.002224;-0.406539;,
  -0.180544;-0.008349;-0.483522;,
  -0.131012;0.009909;-0.461452;,
  -0.207716;-0.026513;-0.427963;,
  -0.150474;0.000705;-0.517065;,
  -0.115224;0.008089;-0.501770;,
  -0.192790;0.016912;-0.485972;,
  -0.231385;0.024628;-0.437389;,
  -0.153516;0.016650;-0.523578;,
  -0.069669;0.011071;-0.625237;,
  -0.120649;-0.003900;-0.604415;,
  -0.117096;0.006454;-0.623158;,
  -0.072742;0.000650;-0.606110;,
  -0.076720;-0.003999;-0.559613;,
  -0.076185;0.001783;-0.575321;,
  -0.066998;0.001032;-0.563648;,
  -0.081706;-0.005752;-0.569506;,
  -0.139880;-0.006311;-0.549333;,
  -0.088143;0.022765;-0.560422;,
  -0.092992;0.000425;-0.534225;,
  -0.133515;0.008259;-0.583141;,
  -0.134651;0.027145;-0.589477;,
  -0.148021;0.030496;-0.546112;,
  -0.099445;0.038407;-0.529383;,
  -0.091342;0.041313;-0.566921;,
  -0.134832;0.098794;-0.308882;,
  -0.119233;0.077209;-0.322127;,
  -0.120094;0.097558;-0.278941;,
  -0.101642;0.082296;-0.290222;,
  -0.167377;0.073339;-0.170906;,
  -0.094413;0.090242;-0.281031;,
  -0.110253;0.055118;-0.312506;,
  -0.105019;0.033394;-0.266022;,
  -0.119588;0.046429;-0.302417;,
  -0.095669;0.053246;-0.280179;,
  -0.170885;0.066002;-0.225021;,
  -0.170625;0.063509;-0.231494;,
  -0.151963;0.105714;-0.199632;,
  -0.110281;0.142896;-0.183557;,
  -0.096943;0.143137;-0.242114;,
  -0.153882;0.096183;-0.258914;,
  -0.170625;0.063509;-0.231494;,
  -0.126618;0.033879;-0.228531;,
  -0.111237;0.034288;-0.319541;,
  -0.164887;0.056648;-0.232762;,
  -0.151322;0.047183;-0.178265;,
  -0.126664;0.024096;-0.185237;,
  -0.104264;0.016250;-0.235030;,
  -0.164515;0.057101;-0.176560;,
  -0.092992;0.000425;-0.534225;,
  -0.092129;0.114716;-0.299889;,
  -0.093262;0.133673;-0.287437;,
  -0.085136;0.138410;-0.272699;,
  -0.074211;0.151409;-0.278766;,
  -0.091342;0.041313;-0.566921;,
  -0.069669;0.011071;-0.625237;,
  -0.117096;0.006454;-0.623158;,
  -0.083170;0.006032;-0.543614;,
  -0.066609;0.020053;-0.557761;,
  -0.083170;0.006032;-0.543614;,
  -0.090516;0.007637;-0.559747;,
  -0.082396;0.027685;-0.571491;,
  -0.082396;0.027685;-0.571491;,
  -0.076720;-0.003999;-0.559613;,
  -0.066998;0.001032;-0.563648;,
  -0.076185;0.001783;-0.575321;,
  -0.059503;-0.011358;0.523295;,
  -0.021658;-0.023920;0.565658;,
  -0.067708;-0.011513;0.545285;,
  -0.018028;-0.024644;0.546021;,
  -0.056833;0.096221;0.464304;,
  -0.050077;0.079733;0.511530;,
  -0.040730;0.068889;0.490886;,
  -0.073865;0.115538;0.488389;,
  -0.042533;0.064781;0.435984;,
  -0.092041;0.074676;0.458721;,
  -0.064894;0.056920;0.432923;,
  -0.090505;0.060576;0.506675;,
  -0.080522;0.044764;0.477028;,
  -0.104212;0.098574;0.485869;,
  -0.041994;0.015452;0.456062;,
  -0.067585;0.036025;0.452461;,
  0.001000;-0.002013;0.545873;,
  0.004748;0.001133;0.563402;,
  -0.067708;-0.011513;0.545285;,
  0.004748;0.001133;0.563402;,
  -0.033165;0.004891;0.146639;,
  -0.041362;0.011651;0.244297;,
  -0.022401;0.026121;0.311646;,
  -0.026721;0.032960;0.370552;,
  -0.035825;0.049442;0.459515;,
  -0.035825;0.049442;0.459515;,
  -0.098385;0.103103;-0.310814;,
  -0.074100;0.095824;-0.319836;,
  -0.077529;0.104584;-0.305467;,
  -0.083920;0.096518;-0.325234;,
  -0.105056;0.131067;-0.298503;,
  -0.107399;0.150529;-0.284423;,
  -0.120616;0.221787;-0.383929;,
  -0.104749;0.234299;-0.384223;,
  -0.096174;0.143467;-0.394744;,
  -0.105300;0.171104;-0.400715;,
  -0.078797;0.147588;-0.398459;,
  -0.095364;0.108890;-0.338365;,
  -0.114003;0.124451;-0.321175;,
  -0.103544;0.116365;-0.308286;,
  -0.132365;0.158859;-0.322815;,
  -0.129885;0.157929;-0.347208;,
  -0.124382;0.177080;-0.390965;,
  -0.116912;0.145870;-0.367915;,
  -0.140556;0.185499;-0.369808;,
  -0.136047;0.169421;-0.310274;,
  -0.135163;0.188830;-0.295419;,
  -0.103909;0.211448;-0.282480;,
  -0.142558;0.224293;-0.327668;,
  -0.116954;0.244541;-0.316603;,
  -0.109616;0.127837;-0.356208;,
  -0.088246;0.121024;-0.372767;,
  -0.079648;0.099901;-0.344971;,
  -0.054641;0.082031;-0.342097;,
  -0.110684;0.192128;-0.401876;,
  -0.134607;0.204882;-0.380488;,
  -0.149646;0.207965;-0.344285;,
  -0.141206;0.224516;-0.359006;,
  -0.115784;0.249559;-0.351908;,
  -0.129656;0.239146;-0.354471;,
  -0.086950;0.175956;-0.274302;,
  -0.149646;0.207965;-0.344285;,
  -0.141206;0.224516;-0.359006;,
  -0.120343;0.123578;-0.323600;,
  -0.144445;0.162148;-0.337627;,
  -0.130068;0.148365;-0.332503;,
  -0.144589;0.147826;-0.321866;,
  -0.144589;0.147826;-0.321866;,
  -0.120343;0.123578;-0.323600;,
  -0.144445;0.162148;-0.337627;,
  -0.129885;0.157929;-0.347208;,
  -0.119822;0.135568;-0.341539;,
  -0.114003;0.124451;-0.321175;,
  -0.095858;0.139047;-0.383380;,
  -0.119822;0.135568;-0.341539;,
  -0.094413;0.090242;-0.281031;,
  -0.092129;0.114716;-0.299889;,
  -0.101642;0.082296;-0.290222;,
  -0.105056;0.131067;-0.298503;,
  -0.047839;0.103759;0.037214;,
  -0.045395;0.092219;0.069424;,
  -0.052595;0.074288;0.082663;,
  -0.038200;0.024215;0.066954;,
  -0.129656;0.239146;-0.354471;,
  -0.115784;0.249559;-0.351908;,
  -0.064880;0.105135;-0.361721;,
  -0.064266;0.124144;-0.377847;,
  -0.060936;0.116180;-0.373525;,
  -0.076410;0.144894;-0.385947;,
  -0.070461;0.104669;-0.070580;,
  -0.101642;0.082296;-0.290222;,
  -0.021658;-0.023920;0.565658;,
  -0.062076;0.100181;-0.358357;,
  -0.052543;0.099277;-0.362787;,
  -0.055118;0.104629;-0.361866;,
  -0.054923;0.106064;-0.367914;,
  -0.164887;0.056648;-0.232762;,
  -0.133261;0.046440;-0.223173;,
  -0.126618;0.033879;-0.228531;,
  -0.104264;0.016250;-0.235030;,
  -0.136047;0.169421;-0.310274;,
  -0.027201;-0.018871;0.284051;,
  0.000899;-0.021598;0.354949;,
  -0.025749;-0.010822;0.361067;,
  -0.008006;-0.025651;0.277914;,
  -0.035523;-0.031140;0.230387;,
  -0.013028;-0.033668;0.223691;,
  -0.034408;-0.023632;0.137170;,
  -0.021610;-0.027264;0.134489;,
  -0.038765;-0.023375;0.048199;,
  -0.028835;-0.026046;0.048983;,
  -0.035147;-0.025942;0.004973;,
  -0.077505;-0.016940;0.002137;,
  0.009074;-0.021970;0.420758;,
  -0.017966;-0.007013;0.433086;,
  -0.025748;0.102900;0.441183;,
  -0.093047;0.063061;0.369002;,
  -0.064881;0.056925;0.432921;,
  -0.037018;0.094595;0.367142;,
  -0.106465;0.064810;0.295694;,
  -0.045251;0.090736;0.297977;,
  -0.050456;0.087659;0.242460;,
  -0.091768;0.045555;0.246050;,
  -0.128112;0.057229;0.162592;,
  -0.053186;0.095768;0.153166;,
  -0.045395;0.092219;0.069424;,
  -0.086081;0.089769;0.072066;,
  -0.133261;0.046440;-0.223173;,
  -0.085358;-0.024728;0.050381;,
  -0.075674;-0.028138;0.151046;,
  -0.062013;-0.033515;0.244257;,
  -0.060659;-0.005766;0.300512;,
  -0.051344;0.003067;0.373493;,
  -0.041994;0.015452;0.456062;,
  0.055679;0.077417;0.153952;,
  -0.009331;0.093998;0.072018;,
  0.035812;0.080966;0.077319;,
  0.049089;0.046600;0.238621;,
  0.060639;0.073593;0.283194;,
  0.063773;0.069924;0.357584;,
  0.054529;0.054709;0.425584;,
  -0.126103;0.062161;0.082828;;
  916;
  3;0,1,2;,
  3;1,0,3;,
  3;4,5,6;,
  3;5,4,7;,
  3;8,9,10;,
  3;9,8,11;,
  3;12,13,14;,
  3;13,12,15;,
  3;16,12,17;,
  3;12,16,15;,
  3;18,19,20;,
  3;19,18,16;,
  3;6,21,22;,
  3;21,6,5;,
  3;14,23,24;,
  3;23,14,13;,
  3;25,26,27;,
  3;26,25,28;,
  3;29,30,31;,
  3;30,29,32;,
  3;30,33,31;,
  3;33,30,34;,
  3;35,36,37;,
  3;36,35,38;,
  3;38,39,36;,
  3;39,38,40;,
  3;37,41,42;,
  3;41,37,36;,
  3;36,43,41;,
  3;43,36,39;,
  3;42,30,32;,
  3;30,42,41;,
  3;41,34,30;,
  3;34,41,43;,
  3;44,45,46;,
  3;45,44,47;,
  3;48,49,50;,
  3;49,48,51;,
  3;50,52,53;,
  3;52,50,49;,
  3;54,55,56;,
  3;55,54,57;,
  3;57,58,55;,
  3;58,57,59;,
  3;56,60,61;,
  3;60,56,55;,
  3;55,62,60;,
  3;62,55,58;,
  3;61,49,51;,
  3;49,61,60;,
  3;60,52,49;,
  3;52,60,62;,
  3;32,19,63;,
  3;19,32,29;,
  3;64,65,66;,
  3;65,64,20;,
  3;14,67,12;,
  3;67,14,68;,
  3;68,69,67;,
  3;69,68,70;,
  3;70,42,69;,
  3;42,70,37;,
  3;48,34,51;,
  3;34,48,33;,
  3;51,43,61;,
  3;43,51,34;,
  3;43,56,61;,
  3;56,43,39;,
  3;39,54,56;,
  3;54,39,40;,
  3;12,63,17;,
  3;63,12,67;,
  3;67,32,63;,
  3;32,67,69;,
  3;69,42,32;,
  3;71,72,25;,
  3;73,74,75;,
  3;74,73,76;,
  3;74,77,75;,
  3;77,74,78;,
  3;79,78,80;,
  3;78,79,77;,
  3;81,82,83;,
  3;82,84,85;,
  3;84,82,86;,
  3;87,88,89;,
  3;88,90,89;,
  3;90,88,91;,
  3;92,93,94;,
  3;92,89,93;,
  3;92,87,89;,
  3;89,95,93;,
  3;95,89,90;,
  3;96,93,82;,
  3;93,86,82;,
  3;86,93,95;,
  3;97,98,99;,
  3;98,97,100;,
  3;100,101,98;,
  3;101,100,102;,
  3;103,104,105;,
  3;104,103,106;,
  3;106,107,104;,
  3;107,106,108;,
  3;105,109,110;,
  3;109,105,104;,
  3;104,111,109;,
  3;111,104,107;,
  3;110,100,97;,
  3;100,110,109;,
  3;109,102,100;,
  3;102,109,111;,
  3;112,113,114;,
  3;113,112,115;,
  3;116,117,118;,
  3;117,116,119;,
  3;120,121,122;,
  3;121,120,123;,
  3;120,124,125;,
  3;124,120,122;,
  3;126,124,127;,
  3;124,126,125;,
  3;95,97,86;,
  3;97,95,110;,
  3;86,99,84;,
  3;99,86,97;,
  3;90,103,105;,
  3;103,90,91;,
  3;105,95,90;,
  3;95,105,110;,
  3;128,96,129;,
  3;96,128,94;,
  3;129,130,128;,
  3;130,129,131;,
  3;72,28,25;,
  3;28,72,132;,
  3;10,133,8;,
  3;134,135,136;,
  3;135,134,137;,
  3;81,137,134;,
  3;138,11,139;,
  3;138,9,11;,
  3;138,140,9;,
  3;141,11,142;,
  3;11,141,139;,
  3;128,130,143;,
  3;94,144,92;,
  3;94,143,144;,
  3;94,128,143;,
  3;145,87,146;,
  3;87,145,147;,
  3;75,148,73;,
  3;148,75,149;,
  3;150,147,145;,
  3;7,149,75;,
  3;148,151,73;,
  3;102,152,101;,
  3;152,102,126;,
  3;102,125,126;,
  3;125,102,111;,
  3;111,120,125;,
  3;120,111,107;,
  3;120,108,123;,
  3;108,120,107;,
  3;8,153,154;,
  3;153,8,133;,
  3;154,155,8;,
  3;155,154,156;,
  3;122,114,113;,
  3;114,122,121;,
  3;121,112,114;,
  3;112,121,157;,
  3;158,124,159;,
  3;124,158,127;,
  3;159,122,113;,
  3;122,159,124;,
  3;126,160,152;,
  3;160,126,161;,
  3;162,121,123;,
  3;121,162,163;,
  3;121,164,157;,
  3;164,121,163;,
  3;165,126,127;,
  3;126,165,161;,
  3;161,166,160;,
  3;166,161,167;,
  3;162,118,163;,
  3;118,162,116;,
  3;163,117,164;,
  3;117,163,118;,
  3;165,167,161;,
  3;167,165,168;,
  3;169,170,171;,
  3;170,169,172;,
  3;173,174,175;,
  3;174,173,176;,
  3;177,178,179;,
  3;178,177,173;,
  3;180,178,181;,
  3;178,180,182;,
  3;183,169,171;,
  3;169,183,184;,
  3;174,185,186;,
  3;185,174,176;,
  3;46,187,44;,
  3;187,46,188;,
  3;180,169,182;,
  3;169,180,172;,
  3;20,29,65;,
  3;19,29,20;,
  3;29,31,189;,
  3;31,190,189;,
  3;190,31,33;,
  3;33,191,190;,
  3;191,33,48;,
  3;191,50,192;,
  3;50,191,48;,
  3;192,53,193;,
  3;53,192,50;,
  3;194,171,185;,
  3;171,194,183;,
  3;171,186,185;,
  3;186,171,170;,
  3;185,176,194;,
  3;194,173,177;,
  3;173,194,176;,
  3;178,175,181;,
  3;175,178,173;,
  3;179,182,184;,
  3;182,179,178;,
  3;182,169,184;,
  3;16,17,19;,
  3;17,63,19;,
  3;65,195,66;,
  3;196,197,198;,
  3;197,196,199;,
  3;200,154,153;,
  3;154,200,201;,
  3;202,203,204;,
  3;205,206,207;,
  3;196,208,209;,
  3;208,196,198;,
  3;210,209,211;,
  3;209,210,196;,
  3;212,213,214;,
  3;213,212,215;,
  3;212,214,211;,
  3;201,216,217;,
  3;216,201,200;,
  3;218,219,220;,
  3;219,218,217;,
  3;210,199,196;,
  3;213,205,207;,
  3;221,222,223;,
  3;198,197,224;,
  3;224,225,226;,
  3;225,224,197;,
  3;227,213,207;,
  3;228,229,214;,
  3;229,228,230;,
  3;220,231,232;,
  3;213,228,214;,
  3;156,201,233;,
  3;201,156,154;,
  3;233,217,218;,
  3;217,233,201;,
  3;219,217,234;,
  3;235,219,234;,
  3;236,237,238;,
  3;237,236,239;,
  3;209,240,211;,
  3;240,209,241;,
