xof 0303txt 0032
template ColorRGBA {
 <35ff44e0-6c7c-11cf-8f52-0040333594a3>
 FLOAT red;
 FLOAT green;
 FLOAT blue;
 FLOAT alpha;
}

template ColorRGB {
 <d3e16e81-7835-11cf-8f52-0040333594a3>
 FLOAT red;
 FLOAT green;
 FLOAT blue;
}

template Material {
 <3d82ab4d-62da-11cf-ab39-0020af71e433>
 ColorRGBA faceColor;
 FLOAT power;
 ColorRGB specularColor;
 ColorRGB emissiveColor;
 [...]
}

template TextureFilename {
 <a42790e1-7810-11cf-8f52-0040333594a3>
 STRING filename;
}

template Frame {
 <3d82ab46-62da-11cf-ab39-0020af71e433>
 [...]
}

template Matrix4x4 {
 <f6f23f45-7686-11cf-8f52-0040333594a3>
 array FLOAT matrix[16];
}

template FrameTransformMatrix {
 <f6f23f41-7686-11cf-8f52-0040333594a3>
 Matrix4x4 frameMatrix;
}

template Vector {
 <3d82ab5e-62da-11cf-ab39-0020af71e433>
 FLOAT x;
 FLOAT y;
 FLOAT z;
}

template MeshFace {
 <3d82ab5f-62da-11cf-ab39-0020af71e433>
 DWORD nFaceVertexIndices;
 array DWORD faceVertexIndices[nFaceVertexIndices];
}

template Mesh {
 <3d82ab44-62da-11cf-ab39-0020af71e433>
 DWORD nVertices;
 array Vector vertices[nVertices];
 DWORD nFaces;
 array MeshFace faces[nFaces];
 [...]
}

template MeshMaterialList {
 <f6f23f42-7686-11cf-8f52-0040333594a3>
 DWORD nMaterials;
 DWORD nFaceIndexes;
 array DWORD faceIndexes[nFaceIndexes];
 [Material <3d82ab4d-62da-11cf-ab39-0020af71e433>]
}

template VertexElement {
 <f752461c-1e23-48f6-b9f8-8350850f336f>
 DWORD Type;
 DWORD Method;
 DWORD Usage;
 DWORD UsageIndex;
}

template DeclData {
 <bf22e553-292c-4781-9fea-62bd554bdd93>
 DWORD nElements;
 array VertexElement Elements[nElements];
 DWORD nDWords;
 array DWORD data[nDWords];
}

template XSkinMeshHeader {
 <3cf169ce-ff7c-44ab-93c0-f78f62d172e2>
 WORD nMaxSkinWeightsPerVertex;
 WORD nMaxSkinWeightsPerFace;
 WORD nBones;
}

template SkinWeights {
 <6f0d123b-bad2-4167-a0d0-80224f25fabb>
 STRING transformNodeName;
 DWORD nWeights;
 array DWORD vertexIndices[nWeights];
 array FLOAT weights[nWeights];
 Matrix4x4 matrixOffset;
}

template AnimTicksPerSecond {
 <9e415a43-7ba6-4a73-8743-b73d47e88476>
 DWORD AnimTicksPerSecond;
}

template Animation {
 <3d82ab4f-62da-11cf-ab39-0020af71e433>
 [...]
}

template AnimationSet {
 <3d82ab50-62da-11cf-ab39-0020af71e433>
 [Animation <3d82ab4f-62da-11cf-ab39-0020af71e433>]
}

template FloatKeys {
 <10dd46a9-775b-11cf-8f52-0040333594a3>
 DWORD nValues;
 array FLOAT values[nValues];
}

template TimedFloatKeys {
 <f406b180-7b3b-11cf-8f52-0040333594a3>
 DWORD time;
 FloatKeys tfkeys;
}

template AnimationKey {
 <10dd46a8-775b-11cf-8f52-0040333594a3>
 DWORD keyType;
 DWORD nKeys;
 array TimedFloatKeys keys[nKeys];
}


Material _03_-_Default {
 1.000000;1.000000;1.000000;1.000000;;
 9.999999;
 0.000000;0.000000;0.000000;;
 0.000000;0.000000;0.000000;;

 TextureFilename {
  "MaleBody_full.png";
 }
}

Frame Dummy01 {
 

 FrameTransformMatrix {
  1.000000,0.000000,0.000000,0.000000,0.000000,-0.000000,-1.000000,0.000000,0.000000,1.000000,-0.000000,0.000000,0.000000,0.000000,0.000000,1.000000;;
 }

 Frame Bip01 {
  

  FrameTransformMatrix {
   0.179676,0.259554,-0.948867,0.000000,-0.063210,0.965617,0.252166,0.000000,0.981693,0.014670,0.189904,0.000000,-0.040476,-0.012371,0.026340,1.000000;;
  }

  Frame Bip01_Pelvis {
   

   FrameTransformMatrix {
    -0.000000,1.000000,-0.000001,0.000000,0.087154,0.000001,0.996195,0.000000,0.996195,0.000000,-0.087154,0.000000,0.000000,0.000000,0.000000,1.000000;;
   }

   Frame Bip01_Spine {
    

    FrameTransformMatrix {
     0.995911,-0.079818,-0.042316,0.000000,0.075512,0.992599,-0.095107,0.000000,0.049594,0.091522,0.994567,0.000000,0.051629,-0.000008,-0.000084,1.000000;;
    }

    Frame Bip01_Spine1 {
     

     FrameTransformMatrix {
      0.994377,0.105255,-0.011647,0.000000,-0.096544,0.855846,-0.508141,0.000000,-0.043516,0.506408,0.861195,0.000000,0.106484,-0.000043,-0.000073,1.000000;;
     }

     Frame Bip01_Neck {
      

      FrameTransformMatrix {
       0.968675,0.173466,0.177703,0.000000,-0.207958,0.957745,0.198691,0.000000,-0.135728,-0.229422,0.963817,0.000000,0.130508,0.000006,0.004626,1.000000;;
      }

      Frame Bip01_Head {
       

       FrameTransformMatrix {
        0.670194,-0.147195,-0.727443,0.000000,0.223442,0.974679,0.008636,0.000000,0.707752,-0.168329,0.686114,0.000000,0.033674,0.000000,0.000000,1.000000;;
       }

       Frame Bip01_HeadNub {
        

        FrameTransformMatrix {
         1.000000,-0.000000,-0.000000,0.000000,-0.000000,1.000000,0.000000,0.000000,0.000000,-0.000000,1.000000,0.000000,0.169824,0.000000,0.000000,1.000000;;
        }
       }
      }

      Frame Bip01_L_Clavicle {
       

       FrameTransformMatrix {
        0.173465,0.957744,-0.229424,0.000000,0.968533,-0.208116,-0.136495,0.000000,-0.178474,-0.198528,-0.963708,0.000000,-0.021373,0.019122,-0.004801,1.000000;;
       }

       Frame Bip01_L_UpperArm {
        

        FrameTransformMatrix {
         0.689290,-0.504742,-0.519726,0.000000,0.076957,0.764324,-0.640224,0.000000,0.720387,0.401303,0.565684,0.000000,0.087086,-0.000000,-0.000000,1.000000;;
        }

        Frame Bip01_L_Forearm {
         

         FrameTransformMatrix {
          0.176245,-0.000000,-0.984346,0.000000,-0.000000,1.000000,0.000000,0.000000,0.984346,0.000000,0.176245,0.000000,0.137062,0.000000,-0.000000,1.000000;;
         }

         Frame Bip01_L_Hand {
          

          FrameTransformMatrix {
           -0.127304,0.830425,-0.542392,0.000000,0.040633,0.550748,0.833682,0.000000,0.991031,0.084091,-0.103855,0.000000,0.137062,-0.000000,-0.000000,1.000000;;
          }

          Frame Bip01_L_Finger0 {
           

           FrameTransformMatrix {
            0.829256,-0.514255,0.218807,0.000000,0.558537,0.749101,-0.356210,0.000000,0.019274,0.417601,0.908427,0.000000,0.057681,-0.023605,-0.000272,1.000000;;
           }

           Frame Bip01_L_Finger0Nub {
            

            FrameTransformMatrix {
             1.000000,0.000000,0.000000,0.000000,0.000000,1.000000,0.000000,0.000000,0.000000,-0.000000,1.000000,0.000000,0.029435,0.000000,0.000000,1.000000;;
            }
           }
          }

          Frame Bip01_L_Finger1 {
           

           FrameTransformMatrix {
            0.989590,-0.000115,0.143914,0.000000,0.000000,1.000000,0.000796,0.000000,-0.143914,-0.000788,0.989590,0.000000,0.084102,0.000000,0.000000,1.000000;;
           }

           Frame Bip01_L_Finger1Nub {
            

            FrameTransformMatrix {
             1.000000,-0.000000,0.000000,0.000000,-0.000000,1.000000,0.000000,0.000000,0.000000,0.000000,1.000000,0.000000,0.047988,0.000000,0.000000,1.000000;;
            }
           }
          }
         }
        }
       }
      }

      Frame Bip01_R_Clavicle {
       

       FrameTransformMatrix {
        0.331701,-0.940981,0.067299,0.000000,-0.928778,-0.313228,0.198137,0.000000,-0.165363,-0.128228,-0.977861,0.000000,-0.026825,-0.010979,0.002409,1.000000;;
       }

       Frame Bip01_R_UpperArm {
        

        FrameTransformMatrix {
         0.964340,-0.196728,-0.177049,0.000000,-0.036542,0.563577,-0.825255,0.000000,0.262132,0.802296,0.536291,0.000000,0.087086,0.000000,-0.000000,1.000000;;
        }

        Frame Bip01_R_Forearm {
         

         FrameTransformMatrix {
          0.353360,-0.000000,-0.935487,0.000000,0.000000,1.000000,0.000000,0.000000,0.935488,0.000000,0.353360,0.000000,0.137062,0.000000,0.000000,1.000000;;
         }

         Frame Bip01_R_Hand {
          

          FrameTransformMatrix {
           0.955391,-0.214410,0.203117,0.000000,0.264419,0.314590,-0.911655,0.000000,0.131570,0.924695,0.357251,0.000000,0.137062,0.000000,0.000000,1.000000;;
          }

          Frame Bip01_R_Finger0 {
           

           FrameTransformMatrix {
            0.179011,0.174103,0.968320,0.000000,-0.675095,0.737690,-0.007833,0.000000,-0.715684,-0.652306,0.249591,0.000000,0.057681,0.023605,-0.000272,1.000000;;
           }

           Frame Bip01_R_Finger0Nub {
            

            FrameTransformMatrix {
             -1.000000,0.000000,0.000000,0.000000,0.000000,1.000000,0.000000,0.000000,-0.000000,0.000000,-1.000000,0.000000,0.029435,0.000000,0.000000,1.000000;;
            }
           }
          }

          Frame Bip01_R_Finger1 {
           

           FrameTransformMatrix {
            0.785053,0.000493,0.619428,0.000000,0.000000,1.000000,-0.000796,0.000000,-0.619428,0.000625,0.785053,0.000000,0.084102,0.000000,0.000000,1.000000;;
           }

           Frame Bip01_R_Finger1Nub {
            

            FrameTransformMatrix {
             -1.000000,0.000000,0.000000,0.000000,0.000000,1.000000,0.000000,0.000000,-0.000000,0.000000,-1.000000,0.000000,0.047988,0.000000,-0.000000,1.000000;;
            }
           }
          }
         }
        }
       }
      }
     }

     Frame Bip01_BackPack {
      

      FrameTransformMatrix {
       0.035097,-0.075887,-0.996499,0.000000,0.053820,0.995809,-0.073939,0.000000,0.997934,-0.051036,0.039035,0.000000,0.051182,0.000002,-0.091273,1.000000;;
      }

      Frame Bip01_BackPackNub {
       

       FrameTransformMatrix {
        0.000796,0.000003,1.000000,0.000000,0.000000,-1.000000,0.000003,0.000000,1.000000,-0.000000,-0.000796,0.000000,0.053240,-0.000000,0.000000,1.000000;;
       }
      }
     }
    }

    Frame Bip01_L_Thigh {
     

     FrameTransformMatrix {
      -0.986716,0.030683,-0.159529,0.000000,-0.053722,-0.988382,0.142178,0.000000,-0.153313,0.148859,0.976901,0.000000,-0.055830,0.050918,0.002579,1.000000;;
     }

     Frame Bip01_L_Calf {
      

      FrameTransformMatrix {
       0.961687,-0.000000,-0.274151,0.000000,-0.000000,1.000000,0.000000,0.000000,0.274151,0.000000,0.961687,0.000000,0.237500,-0.000000,0.000000,1.000000;;
      }

      Frame Bip01_L_Foot {
       

       FrameTransformMatrix {
        0.914650,0.015913,-0.403934,0.000000,0.014740,0.997248,0.072664,0.000000,0.403978,-0.072416,0.911898,0.000000,0.206841,0.000000,0.000000,1.000000;;
       }

       Frame Bip01_L_Toe0 {
        

        FrameTransformMatrix {
         -0.000001,0.311380,0.950286,0.000000,0.000000,0.950286,-0.311380,0.000000,-1.000000,-0.000000,-0.000001,0.000000,0.065373,0.000000,0.066450,1.000000;;
        }

        Frame Bip01_L_Toe0Nub {
         

         FrameTransformMatrix {
          -1.000000,0.000000,0.000000,0.000000,0.000000,1.000000,-0.000000,0.000000,0.000000,-0.000000,-1.000000,0.000000,0.006735,0.000000,-0.000000,1.000000;;
         }
        }
       }
      }
     }
    }

    Frame Bip01_R_Thigh {
     

     FrameTransformMatrix {
      -0.971539,0.015074,-0.236398,0.000000,-0.002217,-0.998508,-0.054560,0.000000,-0.236868,-0.052483,0.970123,0.000000,-0.047014,-0.058716,-0.007530,1.000000;;
     }

     Frame Bip01_R_Calf {
      

      FrameTransformMatrix {
       0.982687,-0.000000,-0.185274,0.000000,-0.000000,1.000000,0.000000,0.000000,0.185274,0.000000,0.982687,0.000000,0.237500,0.000000,-0.000000,1.000000;;
      }

      Frame Bip01_R_Foot {
       

       FrameTransformMatrix {
        0.895061,0.309577,-0.320980,0.000000,-0.211230,0.928226,0.306232,0.000000,0.392745,-0.206296,0.896211,0.000000,0.206841,-0.000000,0.000000,1.000000;;
       }

       Frame Bip01_R_Toe0 {
        

        FrameTransformMatrix {
         0.080993,0.265762,0.960630,0.000000,0.178859,0.944276,-0.276318,0.000000,-0.980535,0.194197,0.028946,0.000000,0.065373,-0.000000,0.066450,1.000000;;
        }

        Frame Bip01_R_Toe0Nub {
         

         FrameTransformMatrix {
          1.000000,-0.000000,0.000000,0.000000,0.000000,1.000000,-0.000000,0.000000,0.000000,0.000000,1.000000,0.000000,0.006735,0.000000,0.000000,1.000000;;
         }
        }
       }
      }
     }
    }
   }

   Frame Bip01_DressFront {
    

    FrameTransformMatrix {
     -0.979091,0.023836,-0.202023,0.000000,0.020237,0.999598,0.019862,0.000000,0.202416,0.015358,-0.979179,0.000000,-0.040817,0.001641,0.045534,1.000000;;
    }

    Frame Bip01_DressFront02 {
     

     FrameTransformMatrix {
      0.991509,0.079394,0.102984,0.000000,-0.077172,0.996694,-0.025392,0.000000,-0.104660,0.017229,0.994359,0.000000,0.183338,-0.000002,-0.000131,1.000000;;
     }

     Frame Bip01_DressFrontNub {
      

      FrameTransformMatrix {
       0.000796,0.000003,1.000000,0.000000,0.000000,-1.000000,0.000003,0.000000,1.000000,-0.000000,-0.000796,0.000000,0.165302,0.000000,0.000000,1.000000;;
      }
     }
    }
   }

   Frame Bip01_DressBack {
    

    FrameTransformMatrix {
     -0.998775,-0.025095,-0.042662,0.000000,-0.020871,0.995094,-0.096709,0.000000,0.044879,-0.095700,-0.994398,0.000000,-0.047739,0.000014,-0.078280,1.000000;;
    }

    Frame Bip01_DressBack02 {
     

     FrameTransformMatrix {
      0.944348,0.187631,0.270189,0.000000,-0.180434,0.982240,-0.051466,0.000000,-0.275047,-0.000149,0.961431,0.000000,0.176189,0.000000,-0.000105,1.000000;;
     }

     Frame Bip01_DressBackNub {
      

      FrameTransformMatrix {
       0.000796,0.000003,1.000000,0.000000,-0.000000,-1.000000,0.000003,0.000000,1.000000,-0.000000,-0.000796,0.000000,0.136508,-0.000000,0.000000,1.000000;;
      }
     }
    }
   }
  }

  Frame Bip01_Prop1 {
   

   FrameTransformMatrix {
    0.422404,-0.045727,-0.905253,0.000000,0.725946,-0.580963,0.368083,0.000000,-0.542750,-0.812645,-0.212206,0.000000,0.129746,0.513567,-0.081581,1.000000;;
   }
  }

  Frame Bip01_Prop2 {
   

   FrameTransformMatrix {
    1.000000,0.000000,-0.000000,0.000000,0.000000,1.000000,-0.000000,0.000000,-0.000000,0.000000,1.000000,0.000000,0.074354,0.128234,0.173285,1.000000;;
   }
  }
 }
}

Frame Translation_Data {
 

 FrameTransformMatrix {
  1.000000,0.000000,0.000000,0.000000,0.000000,-0.000000,-1.000000,0.000000,0.000000,1.000000,-0.000000,0.000000,0.000000,0.000000,0.000000,1.000000;;
 }
}

Frame Body {
 

 FrameTransformMatrix {
  1.000000,0.000000,0.000000,0.000000,0.000000,1.000000,0.000000,0.000000,0.000000,0.000000,1.000000,0.000000,0.000000,0.000000,0.000000,1.000000;;
 }

 Mesh Body {
  617;
  0.005400;0.129257;-0.241608;,
  -0.018719;0.100940;-0.236842;,
  -0.035363;0.118809;-0.260050;,
  0.017683;0.126767;-0.221706;,
  0.022311;0.123328;-0.202044;,
  0.012912;0.067825;-0.183592;,
  0.000583;0.083082;-0.211797;,
  0.025144;0.111640;-0.171740;,
  -0.060037;0.152496;-0.266789;,
  -0.037338;0.192963;-0.230575;,
  -0.027451;0.168908;-0.249549;,
  -0.065504;0.178101;-0.236332;,
  0.035610;0.084832;-0.028459;,
  -0.008090;0.100924;-0.029487;,
  -0.007426;0.102661;-0.016111;,
  0.027465;0.084803;-0.039529;,
  0.028377;0.030929;-0.055381;,
  0.041222;0.042182;-0.024097;,
  0.004612;-0.003162;-0.058133;,
  0.031663;0.006527;-0.008211;,
  0.004017;-0.008229;-0.000900;,
  -0.026224;0.032613;-0.191287;,
  -0.028645;0.055933;-0.221498;,
  -0.050371;0.094761;-0.025460;,
  -0.048893;0.096887;-0.010482;,
  -0.041101;0.143834;-0.111412;,
  -0.103509;0.138297;-0.147805;,
  -0.087816;0.125353;-0.113374;,
  -0.055520;0.166512;-0.144313;,
  0.032587;-0.013339;0.042596;,
  0.077657;0.017117;0.144832;,
  0.051853;-0.022545;0.140769;,
  0.054591;0.031753;0.048394;,
  0.063555;-0.036386;0.235140;,
  0.075059;0.015106;0.238746;,
  -0.018071;-0.008673;0.049821;,
  -0.021199;0.056284;0.159874;,
  -0.030754;0.076047;0.088839;,
  -0.001253;-0.016086;0.148214;,
  0.011283;0.032141;0.243761;,
  0.023498;-0.008304;0.243016;,
  0.055695;0.077362;0.153975;,
  0.035818;0.080931;0.077343;,
  0.049114;0.046526;0.238627;,
  0.062128;0.079063;0.498525;,
  0.007358;0.096847;0.480746;,
  0.023130;0.057601;0.505125;,
  0.038756;0.111497;0.476929;,
  0.059014;-0.010051;0.293824;,
  0.077144;0.034731;0.365994;,
  0.060136;-0.002539;0.367535;,
  0.078020;0.028012;0.291588;,
  0.071030;0.041103;0.443986;,
  0.063491;0.008778;0.450480;,
  0.012663;-0.001341;0.313322;,
  0.005752;0.047928;0.360025;,
  -0.005917;0.047985;0.295198;,
  0.023665;0.010477;0.370545;,
  0.032082;0.046965;0.432059;,
  0.038278;0.026305;0.453964;,
  0.063782;0.069891;0.357571;,
  0.060656;0.073533;0.283179;,
  0.054531;0.054703;0.425576;,
  0.048627;0.040525;0.004872;,
  -0.035147;-0.025967;0.004991;,
  -0.018071;-0.008673;0.049821;,
  -0.034275;-0.021199;0.041906;,
  0.045604;0.091648;0.023868;,
  -0.006269;0.109095;0.033182;,
  0.037618;0.082586;0.067698;,
  -0.009328;0.093969;0.072041;,
  -0.026420;0.118112;-0.072333;,
  -0.006275;0.142341;-0.114428;,
  0.010150;0.135177;-0.124292;,
  0.017873;0.061145;-0.101183;,
  0.026238;0.090341;-0.145834;,
  0.010309;0.106393;-0.081772;,
  0.011478;0.046181;-0.157497;,
  0.005896;0.027201;-0.107220;,
  -0.039217;0.015193;-0.163452;,
  -0.036991;0.005966;-0.103925;,
  0.041692;0.131553;-0.225152;,
  0.089411;0.128602;-0.208444;,
  0.008590;0.141090;-0.183813;,
  0.106448;0.141217;-0.141462;,
  0.062304;0.132650;-0.155164;,
  0.129824;0.136678;-0.183741;,
  0.025663;0.199311;-0.178265;,
  0.062304;0.132650;-0.155164;,
  0.071338;0.198101;-0.155406;,
  0.129090;0.179406;-0.130523;,
  0.106448;0.141217;-0.141462;,
  0.029797;0.206364;-0.186112;,
  0.098248;0.194163;-0.208924;,
  0.051081;0.196822;-0.224457;,
  0.152579;0.174787;-0.172553;,
  0.048412;0.159849;-0.232251;,
  0.121224;0.122262;-0.191121;,
  0.104263;0.066655;-0.136955;,
  0.092509;0.126011;-0.141505;,
  0.122007;0.066734;-0.169088;,
  0.114814;0.021289;-0.128293;,
  0.126448;0.021030;-0.148815;,
  0.092509;0.126011;-0.141505;,
  0.156027;0.080936;-0.117196;,
  0.145091;0.144466;-0.111833;,
  0.104263;0.066655;-0.136955;,
  0.152485;0.026729;-0.120715;,
  0.114814;0.021289;-0.128293;,
  0.169293;0.081206;-0.142056;,
  0.173542;0.140786;-0.161239;,
  0.158811;0.028357;-0.131913;,
  0.099810;0.013528;-0.257423;,
  0.143401;-0.013126;-0.232003;,
  0.097628;-0.002568;-0.242589;,
  0.145022;0.002846;-0.246611;,
  0.079641;0.007357;-0.205018;,
  0.086983;0.020323;-0.212662;,
  0.086123;0.009427;-0.213934;,
  0.075299;0.018108;-0.203728;,
  0.152241;-0.007463;-0.158884;,
  0.103591;0.016371;-0.185536;,
  0.152963;0.000530;-0.195373;,
  0.103119;-0.000686;-0.155242;,
  0.155127;0.018030;-0.204710;,
  0.158953;0.029716;-0.160900;,
  0.107821;0.037844;-0.156263;,
  0.107813;0.033620;-0.194543;,
  -0.005882;0.188786;-0.246260;,
  0.016455;0.171718;-0.256395;,
  -0.027451;0.168908;-0.249549;,
  -0.012029;0.149374;-0.254597;,
  -0.016808;0.174783;-0.148879;,
  -0.035356;0.137867;-0.266719;,
  0.027053;0.147961;-0.246458;,
  0.017683;0.126767;-0.221706;,
  0.005400;0.129257;-0.241608;,
  0.023949;0.141279;-0.217861;,
  -0.020253;0.197447;-0.186686;,
  -0.064755;0.178774;-0.179449;,
  -0.015777;0.197919;-0.191779;,
  -0.110281;0.142871;-0.183539;,
  -0.096943;0.143112;-0.242096;,
  -0.037338;0.192963;-0.230575;,
  -0.015777;0.197919;-0.191779;,
  0.006066;0.143025;-0.188146;,
  -0.009189;0.188604;-0.186443;,
  0.008590;0.141090;-0.183813;,
  0.002681;0.150940;-0.155736;,
  0.016223;0.120362;-0.164332;,
  0.022311;0.123328;-0.202044;,
  -0.001923;0.166647;-0.152775;,
  0.103119;-0.000686;-0.155242;,
  -0.030548;0.144315;-0.284872;,
  -0.047704;0.155564;-0.276322;,
  -0.085136;0.138385;-0.272682;,
  -0.074211;0.151384;-0.278748;,
  0.107813;0.033620;-0.194543;,
  0.099810;0.013528;-0.257423;,
  0.145022;0.002846;-0.246611;,
  0.084464;0.000014;-0.187100;,
  0.081967;0.025792;-0.186608;,
  0.084464;0.000014;-0.187100;,
  0.096474;0.006404;-0.198577;,
  0.102962;0.029493;-0.193047;,
  0.102962;0.029493;-0.193047;,
  0.079641;0.007357;-0.205018;,
  0.075299;0.018108;-0.203728;,
  0.086983;0.020323;-0.212662;,
  0.102917;0.012651;0.516897;,
  0.092048;-0.023696;0.561004;,
  0.090081;-0.027849;0.541557;,
  0.108315;0.020100;0.538490;,
  0.012598;0.070804;0.457559;,
  0.023130;0.057601;0.505125;,
  0.007358;0.096847;0.480746;,
  0.026036;0.042870;0.484982;,
  0.032082;0.046965;0.432059;,
  0.050480;0.086609;0.450482;,
  0.054531;0.054703;0.425576;,
  0.062128;0.079063;0.498525;,
  0.038756;0.111497;0.476929;,
  0.068497;0.060563;0.469443;,
  0.063491;0.008778;0.450480;,
  0.071030;0.041103;0.443986;,
  0.060605;-0.030117;0.542165;,
  0.056262;-0.030626;0.559831;,
  0.108315;0.020100;0.538490;,
  0.056262;-0.030626;0.559831;,
  -0.001253;-0.016086;0.148214;,
  0.023498;-0.008304;0.243016;,
  0.012663;-0.001341;0.313322;,
  0.023665;0.010477;0.370545;,
  0.038278;0.026305;0.453964;,
  0.038278;0.026305;0.453964;,
  -0.038200;0.024190;0.066971;,
  -0.016322;0.144267;-0.302223;,
  -0.023220;0.121337;-0.314502;,
  -0.017146;0.130007;-0.318240;,
  -0.029826;0.127506;-0.293830;,
  -0.036694;0.165354;-0.291343;,
  -0.053127;0.177744;-0.278734;,
  -0.085589;0.239342;-0.380252;,
  -0.092568;0.213735;-0.402120;,
  -0.104749;0.234274;-0.384205;,
  -0.035811;0.173739;-0.388420;,
  -0.048616;0.162711;-0.395288;,
  -0.051464;0.198100;-0.395073;,
  -0.018127;0.147631;-0.330278;,
  -0.022460;0.170372;-0.311593;,
  -0.024271;0.156128;-0.299986;,
  -0.038822;0.205785;-0.313024;,
  -0.035494;0.205280;-0.337328;,
  -0.046689;0.216050;-0.382830;,
  -0.047440;0.232209;-0.360062;,
  -0.030055;0.189440;-0.358823;,
  -0.047144;0.214018;-0.300968;,
  -0.065546;0.223747;-0.288127;,
  -0.103909;0.211423;-0.282462;,
  -0.084082;0.253618;-0.321540;,
  -0.116954;0.244516;-0.316585;,
  -0.021916;0.171830;-0.347027;,
  -0.019063;0.130284;-0.338623;,
  -0.026236;0.152123;-0.366271;,
  -0.019932;0.099427;-0.338453;,
  -0.038701;0.090868;-0.327450;,
  -0.033350;0.084235;-0.346797;,
  -0.064841;0.215112;-0.397068;,
  -0.064554;0.240017;-0.373151;,
  -0.064216;0.250818;-0.335342;,
  -0.079863;0.255279;-0.352579;,
  -0.098985;0.254516;-0.351248;,
  -0.115784;0.249534;-0.351890;,
  -0.086950;0.175931;-0.274284;,
  -0.064216;0.250818;-0.335342;,
  -0.079863;0.255279;-0.352579;,
  -0.017665;0.175089;-0.312854;,
  -0.031933;0.218594;-0.325854;,
  -0.023073;0.208792;-0.309153;,
  -0.030217;0.198457;-0.322053;,
  -0.023073;0.208792;-0.309153;,
  -0.017665;0.175089;-0.312854;,
  -0.031933;0.218594;-0.325854;,
  -0.035494;0.205280;-0.337328;,
  -0.024531;0.183371;-0.331566;,
  -0.022460;0.170372;-0.311593;,
  -0.034362;0.169888;-0.376937;,
  -0.024531;0.183371;-0.331566;,
  -0.035356;0.137867;-0.266719;,
  -0.030548;0.144315;-0.284872;,
  -0.012029;0.149374;-0.254597;,
  -0.036694;0.165354;-0.291343;,
  -0.043672;0.084394;-0.261128;,
  -0.037737;0.072213;-0.241178;,
  -0.037785;-0.012820;-0.054963;,
  -0.047839;0.103734;0.037232;,
  -0.045395;0.092194;0.069442;,
  -0.052590;0.074256;0.082690;,
  -0.042863;0.093220;-0.302794;,
  -0.038200;0.024190;0.066971;,
  -0.098985;0.254516;-0.351248;,
  -0.115784;0.249534;-0.351890;,
  -0.029073;0.123082;-0.357962;,
  -0.041873;0.135359;-0.375490;,
  -0.038201;0.127565;-0.371132;,
  -0.085697;0.201350;-0.408394;,
  -0.074198;0.178683;-0.409556;,
  -0.049938;0.158156;-0.383164;,
  -0.070461;0.104644;-0.070562;,
  -0.012029;0.149374;-0.254597;,
  0.092048;-0.023696;0.561004;,
  -0.031441;0.109843;-0.360564;,
  -0.027329;0.117596;-0.354708;,
  -0.034344;0.115031;-0.359678;,
  -0.047794;0.119142;-0.376249;,
  -0.048164;0.122426;-0.388488;,
  -0.034599;0.116240;-0.365773;,
  -0.044691;0.109861;-0.361358;,
  -0.040624;0.102162;-0.363298;,
  -0.061420;0.151684;-0.402155;,
  -0.059181;0.145592;-0.394326;,
  -0.009189;0.188604;-0.186443;,
  -0.043727;0.109769;-0.370153;,
  -0.008112;0.154003;-0.185160;,
  0.006066;0.143025;-0.188146;,
  0.022311;0.123328;-0.202044;,
  -0.047144;0.214018;-0.300968;,
  0.059014;-0.010051;0.293824;,
  0.035251;-0.020831;0.356075;,
  0.018955;-0.031777;0.280979;,
  0.060136;-0.002539;0.367535;,
  0.063555;-0.036386;0.235140;,
  0.019155;-0.043518;0.227148;,
  0.051853;-0.022545;0.140769;,
  -0.002690;-0.035104;0.135671;,
  0.032587;-0.013339;0.042595;,
  -0.013882;-0.031009;0.047597;,
  0.004017;-0.008229;-0.000900;,
  0.043187;-0.017490;0.428089;,
  0.063491;0.008778;0.450480;,
  0.003055;0.073850;0.367376;,
  -0.005765;0.095481;0.445472;,
  0.009954;0.080427;0.436840;,
  -0.016371;0.086594;0.373443;,
  -0.023153;0.070972;0.307374;,
  -0.006810;0.062574;0.295942;,
  -0.031746;0.065431;0.249154;,
  -0.006118;0.057691;0.247263;,
  -0.027504;0.069732;0.161704;,
  -0.042704;0.076699;0.161191;,
  -0.044552;0.087793;0.096801;,
  -0.008112;0.154003;-0.185160;,
  -0.095669;0.053221;-0.280161;,
  -0.068947;0.058846;-0.248456;,
  -0.105019;0.033369;-0.266004;,
  -0.077969;0.083828;-0.270153;,
  -0.104264;0.016225;-0.235012;,
  -0.073781;0.009403;-0.196264;,
  -0.120365;0.013581;-0.193010;,
  -0.061181;0.031320;-0.226079;,
  -0.104236;0.116581;-0.277399;,
  -0.153882;0.096158;-0.258897;,
  -0.136234;0.118825;-0.252687;,
  -0.120094;0.097532;-0.278923;,
  -0.130025;0.067082;-0.022252;,
  -0.093010;0.089901;-0.025464;,
  -0.124051;0.065136;-0.032352;,
  -0.090943;0.093711;-0.012982;,
  -0.112660;0.012622;-0.048700;,
  -0.126146;0.024246;-0.017825;,
  -0.081348;-0.014320;-0.054061;,
  -0.107298;-0.009071;-0.002536;,
  -0.077505;-0.016965;0.002155;,
  -0.050371;0.094761;-0.025460;,
  -0.048893;0.096887;-0.010482;,
  -0.131020;0.099653;-0.116051;,
  -0.103509;0.138297;-0.147805;,
  -0.147001;0.104863;-0.157685;,
  -0.087816;0.125353;-0.113374;,
  -0.085357;-0.024763;0.050387;,
  -0.117051;-0.006600;0.159761;,
  -0.124555;0.006222;0.059237;,
  -0.075667;-0.028207;0.151046;,
  -0.061998;-0.033616;0.244271;,
  -0.097393;0.005271;0.250958;,
  -0.040110;0.006788;0.046814;,
  -0.051710;0.078285;0.152144;,
  -0.033157;0.004822;0.146647;,
  -0.054810;0.073469;0.089741;,
  -0.051696;0.052647;0.243192;,
  -0.041346;0.011549;0.244309;,
  -0.128101;0.057158;0.162624;,
  -0.126099;0.062121;0.082857;,
  -0.091752;0.045453;0.246061;,
  -0.090505;0.060574;0.506675;,
  -0.073865;0.115536;0.488389;,
  -0.104212;0.098572;0.485870;,
  -0.050077;0.079731;0.511530;,
  -0.060646;-0.005843;0.300532;,
  -0.084830;0.026329;0.377490;,
  -0.096353;0.017096;0.304251;,
  -0.051337;0.003026;0.373508;,
  -0.067585;0.036023;0.452459;,
  -0.041993;0.015449;0.456070;,
  -0.022390;0.026052;0.311653;,
  -0.032664;0.073810;0.359298;,
  -0.026715;0.032919;0.370555;,
  -0.035253;0.077180;0.293566;,
  -0.042533;0.064774;0.435975;,
  -0.035825;0.049440;0.459515;,
  -0.093043;0.063016;0.368986;,
  -0.106455;0.064729;0.295676;,
  -0.064894;0.056913;0.432914;,
  -0.130868;0.021289;0.011599;,
  -0.040110;0.006788;0.046814;,
  -0.137335;0.072044;0.030724;,
  -0.089785;0.100145;0.036312;,
  -0.128101;0.063733;0.073418;,
  -0.086079;0.089739;0.072092;,
  -0.113402;0.087946;-0.071344;,
  -0.150902;0.071280;-0.121889;,
  -0.154317;0.054368;-0.132776;,
  -0.113757;0.015495;-0.099686;,
  -0.135277;0.055903;-0.080117;,
  -0.127047;0.015027;-0.153740;,
  -0.082487;0.000013;-0.162344;,
  -0.083712;-0.003876;-0.106201;,
  -0.133371;0.079201;-0.339188;,
  -0.111235;0.034267;-0.319526;,
  -0.163244;0.067718;-0.378439;,
  -0.174259;0.001367;-0.399924;,
  -0.193191;0.045167;-0.408838;,
  -0.140101;0.013177;-0.369517;,
  -0.162921;0.015354;-0.293396;,
  -0.191776;-0.002664;-0.331514;,
  -0.140101;0.013177;-0.369517;,
  -0.217393;-0.016845;-0.388174;,
  -0.174259;0.001367;-0.399924;,
  -0.171715;0.021435;-0.289639;,
  -0.214884;0.052062;-0.340167;,
  -0.185056;0.062533;-0.301778;,
  -0.236336;0.026747;-0.397246;,
  -0.158586;0.079316;-0.323051;,
  -0.179465;0.053611;-0.416116;,
  -0.131008;0.009903;-0.461452;,
  -0.147169;0.042651;-0.465170;,
  -0.155655;0.002214;-0.406539;,
  -0.115223;0.008088;-0.501771;,
  -0.123203;0.033064;-0.508347;,
  -0.155655;0.002214;-0.406539;,
  -0.180542;-0.008352;-0.483521;,
  -0.131008;0.009903;-0.461452;,
  -0.207710;-0.026521;-0.427962;,
  -0.150474;0.000705;-0.517065;,
  -0.115223;0.008088;-0.501771;,
  -0.192787;0.016910;-0.485967;,
  -0.231379;0.024622;-0.437381;,
  -0.153516;0.016651;-0.523577;,
  -0.069669;0.011071;-0.625237;,
  -0.120649;-0.003899;-0.604415;,
  -0.117096;0.006454;-0.623158;,
  -0.072742;0.000651;-0.606110;,
  -0.076720;-0.003999;-0.559613;,
  -0.076185;0.001783;-0.575321;,
  -0.066998;0.001032;-0.563648;,
  -0.081706;-0.005752;-0.569506;,
  -0.139880;-0.006311;-0.549333;,
  -0.088143;0.022765;-0.560422;,
  -0.092992;0.000425;-0.534224;,
  -0.133515;0.008259;-0.583141;,
  -0.134651;0.027145;-0.589477;,
  -0.148021;0.030496;-0.546112;,
  -0.099445;0.038407;-0.529382;,
  -0.091342;0.041313;-0.566921;,
  -0.134832;0.098769;-0.308864;,
  -0.119233;0.077184;-0.322109;,
  -0.120094;0.097532;-0.278923;,
  -0.101642;0.082271;-0.290204;,
  -0.167377;0.073315;-0.170888;,
  -0.094413;0.090217;-0.281014;,
  -0.110253;0.055093;-0.312488;,
  -0.105019;0.033369;-0.266004;,
  -0.119587;0.046405;-0.302399;,
  -0.095669;0.053221;-0.280161;,
  -0.170885;0.065977;-0.225004;,
  -0.170625;0.063483;-0.231477;,
  -0.151963;0.105689;-0.199614;,
  -0.110281;0.142871;-0.183539;,
  -0.096943;0.143112;-0.242096;,
  -0.153882;0.096158;-0.258897;,
  -0.170625;0.063483;-0.231477;,
  -0.126618;0.033854;-0.228513;,
  -0.111235;0.034267;-0.319526;,
  -0.164887;0.056623;-0.232745;,
  -0.151322;0.047158;-0.178247;,
  -0.126664;0.024071;-0.185219;,
  -0.104264;0.016225;-0.235012;,
  -0.164515;0.057076;-0.176542;,
  -0.092992;0.000425;-0.534224;,
  -0.092129;0.114691;-0.299872;,
  -0.093262;0.133648;-0.287419;,
  -0.085136;0.138385;-0.272682;,
  -0.074211;0.151384;-0.278748;,
  -0.091342;0.041313;-0.566921;,
  -0.069669;0.011071;-0.625237;,
  -0.117096;0.006454;-0.623158;,
  -0.083170;0.006032;-0.543614;,
  -0.066609;0.020054;-0.557761;,
  -0.083170;0.006032;-0.543614;,
  -0.090516;0.007637;-0.559746;,
  -0.082396;0.027685;-0.571491;,
  -0.082396;0.027685;-0.571491;,
  -0.076720;-0.003999;-0.559613;,
  -0.066998;0.001032;-0.563648;,
  -0.076185;0.001783;-0.575321;,
  -0.059503;-0.011360;0.523295;,
  -0.021658;-0.023922;0.565658;,
  -0.067708;-0.011515;0.545285;,
  -0.018028;-0.024646;0.546021;,
  -0.056833;0.096219;0.464304;,
  -0.050077;0.079731;0.511530;,
  -0.040730;0.068887;0.490886;,
  -0.073865;0.115536;0.488389;,
  -0.042533;0.064774;0.435975;,
  -0.092041;0.074674;0.458721;,
  -0.064894;0.056913;0.432914;,
  -0.090505;0.060574;0.506675;,
  -0.080522;0.044762;0.477028;,
  -0.104212;0.098572;0.485870;,
  -0.041993;0.015449;0.456070;,
  -0.067585;0.036023;0.452459;,
  0.001001;-0.002014;0.545873;,
  0.004749;0.001131;0.563402;,
  -0.067708;-0.011515;0.545285;,
  0.004749;0.001131;0.563402;,
  -0.033157;0.004822;0.146647;,
  -0.041346;0.011549;0.244309;,
  -0.022390;0.026052;0.311653;,
  -0.026715;0.032919;0.370555;,
  -0.035825;0.049440;0.459515;,
  -0.035825;0.049440;0.459515;,
  -0.098385;0.103078;-0.310797;,
  -0.074100;0.095799;-0.319818;,
  -0.077529;0.104559;-0.305449;,
  -0.083920;0.096493;-0.325216;,
  -0.105056;0.131042;-0.298485;,
  -0.107399;0.150504;-0.284405;,
  -0.120616;0.221762;-0.383912;,
  -0.104749;0.234274;-0.384205;,
  -0.096174;0.143442;-0.394726;,
  -0.105300;0.171079;-0.400697;,
  -0.078797;0.147563;-0.398441;,
  -0.095364;0.108865;-0.338348;,
  -0.114003;0.124426;-0.321157;,
  -0.103544;0.116340;-0.308268;,
  -0.132365;0.158834;-0.322797;,
  -0.129885;0.157904;-0.347190;,
  -0.124382;0.177055;-0.390947;,
  -0.116912;0.145845;-0.367897;,
  -0.140556;0.185474;-0.369790;,
  -0.136047;0.169396;-0.310257;,
  -0.135163;0.188805;-0.295401;,
  -0.103909;0.211423;-0.282462;,
  -0.142558;0.224268;-0.327650;,
  -0.116954;0.244516;-0.316585;,
  -0.109616;0.127812;-0.356190;,
  -0.088246;0.120999;-0.372749;,
  -0.079648;0.099876;-0.344953;,
  -0.054641;0.082007;-0.342079;,
  -0.110684;0.192103;-0.401858;,
  -0.134607;0.204857;-0.380470;,
  -0.149646;0.207940;-0.344267;,
  -0.141206;0.224491;-0.358988;,
  -0.115784;0.249534;-0.351890;,
  -0.129656;0.239121;-0.354453;,
  -0.086950;0.175931;-0.274284;,
  -0.149646;0.207940;-0.344267;,
  -0.141206;0.224491;-0.358988;,
  -0.120343;0.123553;-0.323582;,
  -0.144445;0.162123;-0.337609;,
  -0.130068;0.148340;-0.332486;,
  -0.144589;0.147801;-0.321849;,
  -0.144589;0.147801;-0.321849;,
  -0.120343;0.123553;-0.323582;,
  -0.144445;0.162123;-0.337609;,
  -0.129885;0.157904;-0.347190;,
  -0.119823;0.135543;-0.341522;,
  -0.114003;0.124426;-0.321157;,
  -0.095858;0.139022;-0.383362;,
  -0.119823;0.135543;-0.341522;,
  -0.094413;0.090217;-0.281014;,
  -0.092129;0.114691;-0.299872;,
  -0.101642;0.082271;-0.290204;,
  -0.105056;0.131042;-0.298485;,
  -0.047839;0.103734;0.037232;,
  -0.045395;0.092194;0.069442;,
  -0.052590;0.074256;0.082690;,
  -0.038200;0.024190;0.066971;,
  -0.129656;0.239121;-0.354453;,
  -0.115784;0.249534;-0.351890;,
  -0.064880;0.105111;-0.361703;,
  -0.064266;0.124120;-0.377830;,
  -0.060936;0.116155;-0.373507;,
  -0.076410;0.144869;-0.385929;,
  -0.070461;0.104644;-0.070562;,
  -0.101642;0.082271;-0.290204;,
  -0.021658;-0.023922;0.565658;,
  -0.062076;0.100156;-0.358339;,
  -0.052543;0.099252;-0.362769;,
  -0.055118;0.104604;-0.361848;,
  -0.054923;0.106039;-0.367897;,
  -0.164887;0.056623;-0.232745;,
  -0.133261;0.046415;-0.223155;,
  -0.126618;0.033854;-0.228513;,
  -0.104264;0.016225;-0.235012;,
  -0.136047;0.169396;-0.310257;,
  -0.027194;-0.018924;0.284076;,
  0.000903;-0.021628;0.354970;,
  -0.025744;-0.010856;0.361090;,
  -0.007999;-0.025693;0.277936;,
  -0.035515;-0.031208;0.230395;,
  -0.013023;-0.033712;0.223702;,
  -0.034404;-0.023681;0.137177;,
  -0.021607;-0.027300;0.134501;,
  -0.038765;-0.023407;0.048205;,
  -0.028834;-0.026075;0.048995;,
  -0.035147;-0.025967;0.004991;,
  -0.077505;-0.016965;0.002155;,
  0.009076;-0.021991;0.420779;,
  -0.017964;-0.007030;0.433109;,
  -0.025750;0.102890;0.441156;,
  -0.093043;0.063016;0.368986;,
  -0.064881;0.056918;0.432912;,
  -0.037015;0.094552;0.367118;,
  -0.106455;0.064729;0.295676;,
  -0.045243;0.090659;0.297951;,
  -0.050441;0.087556;0.242468;,
  -0.091752;0.045453;0.246061;,
  -0.128101;0.057158;0.162624;,
  -0.053174;0.095698;0.153205;,
  -0.045395;0.092194;0.069442;,
  -0.086079;0.089739;0.072091;,
  -0.133261;0.046415;-0.223155;,
  -0.085357;-0.024763;0.050387;,
  -0.075667;-0.028207;0.151046;,
  -0.061998;-0.033616;0.244271;,
  -0.060646;-0.005843;0.300532;,
  -0.051337;0.003026;0.373508;,
  -0.041993;0.015449;0.456070;,
  0.055695;0.077362;0.153975;,
  -0.009328;0.093969;0.072041;,
  0.035818;0.080931;0.077343;,
  0.049114;0.046526;0.238627;,
  0.060656;0.073533;0.283179;,
  0.063782;0.069891;0.357571;,
  0.054531;0.054703;0.425576;,
  -0.126099;0.062121;0.082857;;
  916;
  3;0,1,2;,
  3;1,0,3;,
  3;4,5,6;,
  3;5,4,7;,
  3;8,9,10;,
  3;9,8,11;,
  3;12,13,14;,
  3;13,12,15;,
  3;16,12,17;,
  3;12,16,15;,
  3;18,19,20;,
  3;19,18,16;,
  3;6,21,22;,
  3;21,6,5;,
  3;14,23,24;,
  3;23,14,13;,
  3;25,26,27;,
  3;26,25,28;,
  3;29,30,31;,
  3;30,29,32;,
  3;30,33,31;,
  3;33,30,34;,
  3;35,36,37;,
  3;36,35,38;,
  3;38,39,36;,
  3;39,38,40;,
  3;37,41,42;,
  3;41,37,36;,
  3;36,43,41;,
  3;43,36,39;,
  3;42,30,32;,
  3;30,42,41;,
  3;41,34,30;,
  3;34,41,43;,
  3;44,45,46;,
  3;45,44,47;,
  3;48,49,50;,
  3;49,48,51;,
  3;50,52,53;,
  3;52,50,49;,
  3;54,55,56;,
  3;55,54,57;,
  3;57,58,55;,
  3;58,57,59;,
  3;56,60,61;,
  3;60,56,55;,
  3;55,62,60;,
  3;62,55,58;,
  3;61,49,51;,
  3;49,61,60;,
  3;60,52,49;,
  3;52,60,62;,
  3;32,19,63;,
  3;19,32,29;,
  3;64,65,66;,
  3;65,64,20;,
  3;14,67,12;,
  3;67,14,68;,
  3;68,69,67;,
  3;69,68,70;,
  3;70,42,69;,
  3;42,70,37;,
  3;48,34,51;,
  3;34,48,33;,
  3;51,43,61;,
  3;43,51,34;,
  3;43,56,61;,
  3;56,43,39;,
  3;39,54,56;,
  3;54,39,40;,
  3;12,63,17;,
  3;63,12,67;,
  3;67,32,63;,
  3;32,67,69;,
  3;69,42,32;,
  3;71,72,25;,
  3;73,74,75;,
  3;74,73,76;,
  3;74,77,75;,
  3;77,74,78;,
  3;79,78,80;,
  3;78,79,77;,
  3;81,82,83;,
  3;82,84,85;,
  3;84,82,86;,
  3;87,88,89;,
  3;88,90,89;,
  3;90,88,91;,
  3;92,93,94;,
  3;92,89,93;,
  3;92,87,89;,
  3;89,95,93;,
  3;95,89,90;,
  3;96,93,82;,
  3;93,86,82;,
  3;86,93,95;,
  3;97,98,99;,
  3;98,97,100;,
  3;100,101,98;,
  3;101,100,102;,
  3;103,104,105;,
  3;104,103,106;,
  3;106,107,104;,
  3;107,106,108;,
  3;105,109,110;,
  3;109,105,104;,
  3;104,111,109;,
  3;111,104,107;,
  3;110,100,97;,
  3;100,110,109;,
  3;109,102,100;,
  3;102,109,111;,
  3;112,113,114;,
  3;113,112,115;,
  3;116,117,118;,
  3;117,116,119;,
  3;120,121,122;,
  3;121,120,123;,
  3;120,124,125;,
  3;124,120,122;,
  3;126,124,127;,
  3;124,126,125;,
  3;95,97,86;,
  3;97,95,110;,
  3;86,99,84;,
  3;99,86,97;,
  3;90,103,105;,
  3;103,90,91;,
  3;105,95,90;,
  3;95,105,110;,
  3;128,96,129;,
  3;96,128,94;,
  3;129,130,128;,
  3;130,129,131;,
  3;72,28,25;,
  3;28,72,132;,
  3;10,133,8;,
  3;134,135,136;,
  3;135,134,137;,
  3;81,137,134;,
  3;138,11,139;,
  3;138,9,11;,
  3;138,140,9;,
  3;141,11,142;,
  3;11,141,139;,
  3;128,130,143;,
  3;94,144,92;,
  3;94,143,144;,
  3;94,128,143;,
  3;145,87,146;,
  3;87,145,147;,
  3;75,148,73;,
  3;148,75,149;,
  3;150,147,145;,
  3;7,149,75;,
  3;148,151,73;,
  3;102,152,101;,
  3;152,102,126;,
  3;102,125,126;,
  3;125,102,111;,
  3;111,120,125;,
  3;120,111,107;,
  3;120,108,123;,
  3;108,120,107;,
  3;8,153,154;,
  3;153,8,133;,
  3;154,155,8;,
  3;155,154,156;,
  3;122,114,113;,
  3;114,122,121;,
  3;121,112,114;,
  3;112,121,157;,
  3;158,124,159;,
  3;124,158,127;,
  3;159,122,113;,
  3;122,159,124;,
  3;126,160,152;,
  3;160,126,161;,
  3;162,121,123;,
  3;121,162,163;,
  3;121,164,157;,
  3;164,121,163;,
  3;165,126,127;,
  3;126,165,161;,
  3;161,166,160;,
  3;166,161,167;,
  3;162,118,163;,
  3;118,162,116;,
  3;163,117,164;,
  3;117,163,118;,
  3;165,167,161;,
  3;167,165,168;,
  3;169,170,171;,
  3;170,169,172;,
  3;173,174,175;,
  3;174,173,176;,
  3;177,178,179;,
  3;178,177,173;,
  3;180,178,181;,
  3;178,180,182;,
  3;183,169,171;,
  3;169,183,184;,
  3;174,185,186;,
  3;185,174,176;,
  3;46,187,44;,
  3;187,46,188;,
  3;180,169,182;,
  3;169,180,172;,
  3;20,29,65;,
  3;19,29,20;,
  3;29,31,189;,
  3;31,190,189;,
  3;190,31,33;,
  3;33,191,190;,
  3;191,33,48;,
  3;191,50,192;,
  3;50,191,48;,
  3;192,53,193;,
  3;53,192,50;,
  3;194,171,185;,
  3;171,194,183;,
  3;171,186,185;,
  3;186,171,170;,
  3;185,176,194;,
  3;194,173,177;,
  3;173,194,176;,
  3;178,175,181;,
  3;175,178,173;,
  3;179,182,184;,
  3;182,179,178;,
  3;182,169,184;,
  3;16,17,19;,
  3;17,63,19;,
  3;65,195,66;,
  3;196,197,198;,
  3;197,196,199;,
  3;200,154,153;,
  3;154,200,201;,
  3;202,203,204;,
  3;205,206,207;,
  3;196,208,209;,
  3;208,196,198;,
  3;210,209,211;,
  3;209,210,196;,
  3;212,213,214;,
  3;213,212,215;,
  3;212,214,211;,
  3;201,216,217;,
  3;216,201,200;,
  3;218,219,220;,
  3;219,218,217;,
  3;210,199,196;,
  3;213,205,207;,
  3;221,222,223;,
  3;198,197,224;,
  3;224,225,226;,
  3;225,224,197;,
  3;227,213,207;,
  3;228,229,214;,
  3;229,228,230;,
  3;220,231,232;,
  3;213,228,214;,
  3;156,201,233;,
  3;201,156,154;,
  3;233,217,218;,
  3;217,233,201;,
  3;219,217,234;,
  3;235,219,234;,
  3;236,237,238;,
  3;237,236,239;,
  3;209,240,211;,
  3;240,209,241;,
