xof 0303txt 0032
template ColorRGBA {
 <35ff44e0-6c7c-11cf-8f52-0040333594a3>
 FLOAT red;
 FLOAT green;
 FLOAT blue;
 FLOAT alpha;
}

template ColorRGB {
 <d3e16e81-7835-11cf-8f52-0040333594a3>
 FLOAT red;
 FLOAT green;
 FLOAT blue;
}

template Material {
 <3d82ab4d-62da-11cf-ab39-0020af71e433>
 ColorRGBA faceColor;
 FLOAT power;
 ColorRGB specularColor;
 ColorRGB emissiveColor;
 [...]
}

template TextureFilename {
 <a42790e1-7810-11cf-8f52-0040333594a3>
 STRING filename;
}

template Frame {
 <3d82ab46-62da-11cf-ab39-0020af71e433>
 [...]
}

template Matrix4x4 {
 <f6f23f45-7686-11cf-8f52-0040333594a3>
 array FLOAT matrix[16];
}

template FrameTransformMatrix {
 <f6f23f41-7686-11cf-8f52-0040333594a3>
 Matrix4x4 frameMatrix;
}

template Vector {
 <3d82ab5e-62da-11cf-ab39-0020af71e433>
 FLOAT x;
 FLOAT y;
 FLOAT z;
}

template MeshFace {
 <3d82ab5f-62da-11cf-ab39-0020af71e433>
 DWORD nFaceVertexIndices;
 array DWORD faceVertexIndices[nFaceVertexIndices];
}

template Mesh {
 <3d82ab44-62da-11cf-ab39-0020af71e433>
 DWORD nVertices;
 array Vector vertices[nVertices];
 DWORD nFaces;
 array MeshFace faces[nFaces];
 [...]
}

template MeshMaterialList {
 <f6f23f42-7686-11cf-8f52-0040333594a3>
 DWORD nMaterials;
 DWORD nFaceIndexes;
 array DWORD faceIndexes[nFaceIndexes];
 [Material <3d82ab4d-62da-11cf-ab39-0020af71e433>]
}

template VertexElement {
 <f752461c-1e23-48f6-b9f8-8350850f336f>
 DWORD Type;
 DWORD Method;
 DWORD Usage;
 DWORD UsageIndex;
}

template DeclData {
 <bf22e553-292c-4781-9fea-62bd554bdd93>
 DWORD nElements;
 array VertexElement Elements[nElements];
 DWORD nDWords;
 array DWORD data[nDWords];
}

template XSkinMeshHeader {
 <3cf169ce-ff7c-44ab-93c0-f78f62d172e2>
 WORD nMaxSkinWeightsPerVertex;
 WORD nMaxSkinWeightsPerFace;
 WORD nBones;
}

template SkinWeights {
 <6f0d123b-bad2-4167-a0d0-80224f25fabb>
 STRING transformNodeName;
 DWORD nWeights;
 array DWORD vertexIndices[nWeights];
 array FLOAT weights[nWeights];
 Matrix4x4 matrixOffset;
}

template AnimTicksPerSecond {
 <9e415a43-7ba6-4a73-8743-b73d47e88476>
 DWORD AnimTicksPerSecond;
}

template Animation {
 <3d82ab4f-62da-11cf-ab39-0020af71e433>
 [...]
}

template AnimationSet {
 <3d82ab50-62da-11cf-ab39-0020af71e433>
 [Animation <3d82ab4f-62da-11cf-ab39-0020af71e433>]
}

template FloatKeys {
 <10dd46a9-775b-11cf-8f52-0040333594a3>
 DWORD nValues;
 array FLOAT values[nValues];
}

template TimedFloatKeys {
 <f406b180-7b3b-11cf-8f52-0040333594a3>
 DWORD time;
 FloatKeys tfkeys;
}

template AnimationKey {
 <10dd46a8-775b-11cf-8f52-0040333594a3>
 DWORD keyType;
 DWORD nKeys;
 array TimedFloatKeys keys[nKeys];
}


Material _03_-_Default {
 1.000000;1.000000;1.000000;1.000000;;
 9.999999;
 0.000000;0.000000;0.000000;;
 0.000000;0.000000;0.000000;;

 TextureFilename {
  "MaleBody_full.png";
 }
}

Frame Dummy01 {
 

 FrameTransformMatrix {
  1.000000,0.000000,0.000000,0.000000,0.000000,-0.000000,-1.000000,0.000000,0.000000,1.000000,-0.000000,0.000000,0.000000,0.000000,0.000000,1.000000;;
 }

 Frame Bip01 {
  

  FrameTransformMatrix {
   0.484444,0.819615,-0.305852,0.000000,0.122471,0.282633,0.951378,0.000000,0.866207,-0.498347,0.036540,0.000000,0.000000,-0.050407,0.508268,1.000000;;
  }

  Frame Bip01_Pelvis {
   

   FrameTransformMatrix {
    -0.000000,1.000000,-0.000001,0.000000,0.087154,0.000001,0.996195,0.000000,0.996195,-0.000000,-0.087154,0.000000,0.000000,0.000000,0.000000,1.000000;;
   }

   Frame Bip01_Spine {
    

    FrameTransformMatrix {
     0.998192,-0.005238,-0.059886,0.000000,-0.000001,0.996195,-0.087152,0.000000,0.060114,0.086994,0.994393,0.000000,0.051628,-0.000007,-0.000084,1.000000;;
    }

    Frame Bip01_Spine1 {
     

     FrameTransformMatrix {
      0.944325,-0.155507,0.289944,0.000000,0.115540,0.981865,0.150304,0.000000,-0.308059,-0.108436,0.945167,0.000000,0.106506,0.000009,-0.000080,1.000000;;
     }

     Frame Bip01_Neck {
      

      FrameTransformMatrix {
       0.903366,0.000001,0.428870,0.000000,-0.000001,1.000000,-0.000000,0.000000,-0.428870,-0.000000,0.903366,0.000000,0.130516,0.000000,0.004628,1.000000;;
      }

      Frame Bip01_Head {
       

       FrameTransformMatrix {
        0.909553,-0.336216,0.244276,0.000000,0.282255,0.931187,0.230699,0.000000,-0.305032,-0.140885,0.941864,0.000000,0.033674,0.000000,-0.000000,1.000000;;
       }

       Frame Bip01_HeadNub {
        

        FrameTransformMatrix {
         1.000000,0.000000,0.000000,0.000000,0.000000,1.000000,0.000000,0.000000,-0.000000,0.000000,1.000000,0.000000,0.169824,0.000000,0.000000,1.000000;;
        }
       }
      }

      Frame Bip01_L_Clavicle {
       

       FrameTransformMatrix {
        -0.000000,1.000000,-0.000003,0.000000,0.903024,-0.000001,-0.429589,0.000000,-0.429589,-0.000003,-0.903024,0.000000,-0.023698,0.015715,0.006128,1.000000;;
       }

       Frame Bip01_L_UpperArm {
        

        FrameTransformMatrix {
         0.255479,-0.912319,-0.320008,0.000000,0.628607,0.408226,-0.661971,0.000000,0.734563,-0.032039,0.677783,0.000000,0.087086,0.000000,-0.000000,1.000000;;
        }

        Frame Bip01_L_Forearm {
         

         FrameTransformMatrix {
          0.823668,-0.000000,-0.567072,0.000000,0.000000,1.000000,-0.000000,0.000000,0.567072,0.000000,0.823668,0.000000,0.137062,0.000000,0.000000,1.000000;;
         }

         Frame Bip01_L_Hand {
          

          FrameTransformMatrix {
           0.971486,-0.212704,0.104747,0.000000,-0.102153,0.023181,0.994499,0.000000,-0.213962,-0.976842,0.000792,0.000000,0.137062,0.000000,0.000000,1.000000;;
          }

          Frame Bip01_L_Finger0 {
           

           FrameTransformMatrix {
            0.556874,-0.020367,0.830347,0.000000,0.558537,0.749101,-0.356210,0.000000,-0.614759,0.662144,0.428531,0.000000,0.057681,-0.023605,-0.000272,1.000000;;
           }

           Frame Bip01_L_Finger0Nub {
            

            FrameTransformMatrix {
             1.000000,0.000000,0.000000,0.000000,0.000000,1.000000,-0.000000,0.000000,-0.000000,0.000000,1.000000,0.000000,0.029435,0.000000,0.000000,1.000000;;
            }
           }
          }

          Frame Bip01_L_Finger1 {
           

           FrameTransformMatrix {
            -0.342274,-0.000748,0.939600,0.000000,-0.000000,1.000000,0.000796,0.000000,-0.939600,0.000273,-0.342274,0.000000,0.084102,0.000000,0.000000,1.000000;;
           }

           Frame Bip01_L_Finger1Nub {
            

            FrameTransformMatrix {
             1.000000,-0.000000,0.000000,0.000000,0.000000,1.000000,-0.000000,0.000000,0.000000,0.000000,1.000000,0.000000,0.047988,0.000000,0.000000,1.000000;;
            }
           }
          }
         }
        }
       }
      }

      Frame Bip01_R_Clavicle {
       

       FrameTransformMatrix {
        -0.000000,-1.000000,0.000003,0.000000,-0.903024,0.000001,0.429589,0.000000,-0.429589,-0.000003,-0.903024,0.000000,-0.023698,-0.015715,0.006128,1.000000;;
       }

       Frame Bip01_R_UpperArm {
        

        FrameTransformMatrix {
         0.293951,0.955679,-0.016476,0.000000,-0.878307,0.276872,0.389767,0.000000,0.377054,-0.100101,0.920766,0.000000,0.087086,0.000000,0.000000,1.000000;;
        }

        Frame Bip01_R_Forearm {
         

         FrameTransformMatrix {
          0.816350,-0.000000,-0.577558,0.000000,-0.000000,1.000000,0.000000,0.000000,0.577558,0.000000,0.816350,0.000000,0.137062,-0.000000,0.000000,1.000000;;
         }

         Frame Bip01_R_Hand {
          

          FrameTransformMatrix {
           0.876127,0.250460,-0.411912,0.000000,-0.481675,0.489812,-0.726687,0.000000,0.019754,0.835078,0.549778,0.000000,0.137062,0.000000,-0.000000,1.000000;;
          }

          Frame Bip01_R_Finger0 {
           

           FrameTransformMatrix {
            0.556874,0.020367,0.830347,0.000000,-0.558537,0.749101,0.356210,0.000000,-0.614759,-0.662144,0.428531,0.000000,0.057681,0.023605,-0.000272,1.000000;;
           }

           Frame Bip01_R_Finger0Nub {
            

            FrameTransformMatrix {
             -1.000000,-0.000000,-0.000000,0.000000,0.000000,1.000000,0.000000,0.000000,-0.000000,-0.000000,-1.000000,0.000000,0.029435,-0.000000,0.000000,1.000000;;
            }
           }
          }

          Frame Bip01_R_Finger1 {
           

           FrameTransformMatrix {
            -0.342274,0.000748,0.939600,0.000000,0.000000,1.000000,-0.000796,0.000000,-0.939600,-0.000273,-0.342274,0.000000,0.084102,0.000000,0.000000,1.000000;;
           }

           Frame Bip01_R_Finger1Nub {
            

            FrameTransformMatrix {
             -1.000000,-0.000000,0.000000,0.000000,-0.000000,1.000000,-0.000000,0.000000,0.000000,0.000000,-1.000000,0.000000,0.047988,0.000000,-0.000000,1.000000;;
            }
           }
          }
         }
        }
       }
      }
     }

     Frame Bip01_BackPack {
      

      FrameTransformMatrix {
       0.180560,0.080500,-0.980264,0.000000,0.047560,0.994764,0.090451,0.000000,0.982413,-0.062954,0.175786,0.000000,0.063697,0.000003,-0.088856,1.000000;;
      }

      Frame Bip01_BackPackNub {
       

       FrameTransformMatrix {
        0.000796,0.000003,1.000000,0.000000,0.000000,-1.000000,0.000003,0.000000,1.000000,-0.000000,-0.000796,0.000000,0.053240,0.000000,0.000000,1.000000;;
       }
      }
     }
    }

    Frame Bip01_L_Thigh {
     

     FrameTransformMatrix {
      -0.901018,0.078754,0.426572,0.000000,-0.142537,-0.982528,-0.119676,0.000000,0.409693,-0.168633,0.896501,0.000000,-0.051829,0.055015,0.001785,1.000000;;
     }

     Frame Bip01_L_Calf {
      

      FrameTransformMatrix {
       0.963716,0.000000,-0.266932,0.000000,0.000000,1.000000,0.000000,0.000000,0.266932,-0.000000,0.963716,0.000000,0.237500,0.000000,-0.000000,1.000000;;
      }

      Frame Bip01_L_Foot {
       

       FrameTransformMatrix {
        0.985517,0.146777,0.084937,0.000000,-0.159649,0.971924,0.172845,0.000000,-0.057182,-0.183901,0.981280,0.000000,0.206841,-0.000000,0.000000,1.000000;;
       }

       Frame Bip01_L_Toe0 {
        

        FrameTransformMatrix {
         0.000337,-0.000049,1.000000,0.000000,0.000048,1.000000,0.000049,0.000000,-1.000000,0.000048,0.000337,0.000000,0.065373,0.000000,0.066450,1.000000;;
        }

        Frame Bip01_L_Toe0Nub {
         

         FrameTransformMatrix {
          -1.000000,-0.000000,0.000000,0.000000,-0.000000,1.000000,0.000000,0.000000,-0.000000,-0.000000,-1.000000,0.000000,0.006735,-0.000000,-0.000000,1.000000;;
         }
        }
       }
      }
     }
    }

    Frame Bip01_R_Thigh {
     

     FrameTransformMatrix {
      -0.875551,-0.110240,0.470381,0.000000,0.076537,-0.992973,-0.090253,0.000000,0.477025,-0.043020,0.877836,0.000000,-0.051251,-0.055015,-0.007823,1.000000;;
     }

     Frame Bip01_R_Calf {
      

      FrameTransformMatrix {
       0.926845,0.000000,-0.375443,0.000000,-0.000000,1.000000,0.000000,0.000000,0.375443,-0.000000,0.926845,0.000000,0.237500,-0.000000,0.000000,1.000000;;
      }

      Frame Bip01_R_Foot {
       

       FrameTransformMatrix {
        0.995182,-0.067426,0.071176,0.000000,0.004133,0.754177,0.656658,0.000000,-0.097955,-0.653200,0.750823,0.000000,0.206841,0.000000,0.000000,1.000000;;
       }

       Frame Bip01_R_Toe0 {
        

        FrameTransformMatrix {
         -0.087157,0.000000,0.996194,0.000000,-0.000000,1.000000,-0.000000,0.000000,-0.996195,-0.000000,-0.087157,0.000000,0.065373,0.000000,0.066450,1.000000;;
        }

        Frame Bip01_R_Toe0Nub {
         

         FrameTransformMatrix {
          1.000000,-0.000000,0.000000,0.000000,0.000000,1.000000,0.000000,0.000000,0.000000,0.000000,1.000000,0.000000,0.006735,0.000000,0.000000,1.000000;;
         }
        }
       }
      }
     }
    }
   }

   Frame Bip01_DressFront {
    

    FrameTransformMatrix {
     -0.830864,-0.008445,0.556411,0.000000,-0.032673,0.998900,-0.033627,0.000000,-0.555515,-0.046119,-0.830227,0.000000,-0.043921,0.001406,0.061063,1.000000;;
    }

    Frame Bip01_DressFront02 {
     

     FrameTransformMatrix {
      0.946511,0.081243,0.312276,0.000000,-0.077173,0.996694,-0.025393,0.000000,-0.313307,-0.000065,0.949652,0.000000,0.183366,-0.000000,-0.000125,1.000000;;
     }

     Frame Bip01_DressFrontNub {
      

      FrameTransformMatrix {
       0.000796,0.000003,1.000000,0.000000,0.000000,-1.000000,0.000003,0.000000,1.000000,-0.000000,-0.000796,0.000000,0.165302,0.000000,0.000000,1.000000;;
      }
     }
    }
   }

   Frame Bip01_DressBack {
    

    FrameTransformMatrix {
     -0.830379,0.045218,0.555361,0.000000,-0.011734,0.995061,-0.098565,0.000000,-0.557076,-0.088363,-0.825748,0.000000,-0.047654,0.000012,-0.078304,1.000000;;
    }

    Frame Bip01_DressBack02 {
     

     FrameTransformMatrix {
      0.961427,0.000001,0.275061,0.000000,-0.000001,1.000000,-0.000000,0.000000,-0.275061,-0.000000,0.961427,0.000000,0.176189,0.000000,-0.000105,1.000000;;
     }

     Frame Bip01_DressBackNub {
      

      FrameTransformMatrix {
       0.000796,0.000003,1.000000,0.000000,0.000000,-1.000000,0.000003,0.000000,1.000000,-0.000000,-0.000796,0.000000,0.136508,-0.000000,-0.000000,1.000000;;
      }
     }
    }
   }
  }

  Frame Bip01_Prop1 {
   

   FrameTransformMatrix {
    0.422404,-0.045727,-0.905253,0.000000,0.725946,-0.580963,0.368083,0.000000,-0.542750,-0.812645,-0.212206,0.000000,0.014366,-0.013322,-0.130180,1.000000;;
   }
  }

  Frame Bip01_Prop2 {
   

   FrameTransformMatrix {
    -0.073895,0.286878,0.955113,0.000000,0.997075,0.040017,0.065122,0.000000,-0.019538,0.957131,-0.288996,0.000000,0.109229,0.024051,0.111682,1.000000;;
   }
  }
 }
}

Frame Translation_Data {
 

 FrameTransformMatrix {
  1.000000,0.000000,0.000000,0.000000,0.000000,-0.000000,-1.000000,0.000000,0.000000,1.000000,-0.000000,0.000000,0.000000,0.000000,0.000000,1.000000;;
 }
}

Frame Body {
 

 FrameTransformMatrix {
  1.000000,0.000000,0.000000,0.000000,0.000000,1.000000,0.000000,0.000000,0.000000,0.000000,1.000000,0.000000,0.000000,0.000000,0.000000,1.000000;;
 }

 Mesh Body {
  617;
  0.100632;0.748353;-0.048539;,
  0.067470;0.732516;-0.056049;,
  0.059329;0.765221;-0.059639;,
  0.110671;0.730268;-0.037342;,
  0.113287;0.715080;-0.026364;,
  0.090534;0.671557;-0.030746;,
  0.078073;0.698083;-0.051504;,
  0.112665;0.690635;0.006679;,
  0.049025;0.801647;-0.040108;,
  0.085410;0.799512;0.007703;,
  0.087492;0.791505;-0.023362;,
  0.053516;0.801540;0.000377;,
  0.065756;0.567944;0.105111;,
  0.021250;0.580174;0.102052;,
  0.017866;0.570559;0.109813;,
  0.061130;0.576681;0.097230;,
  0.080239;0.561176;0.046735;,
  0.081126;0.540931;0.075050;,
  0.067789;0.547525;0.009386;,
  0.076653;0.510898;0.050129;,
  0.053907;0.497323;0.032376;,
  0.043624;0.662231;-0.056409;,
  0.040906;0.693768;-0.068397;,
  -0.017463;0.577465;0.083671;,
  -0.020603;0.566015;0.092960;,
  0.035192;0.684345;0.087317;,
  -0.009720;0.724657;0.055957;,
  -0.013310;0.682864;0.068478;,
  0.044514;0.729810;0.072821;,
  0.070245;0.472243;0.034371;,
  0.119836;0.377363;0.060895;,
  0.093743;0.379431;0.021268;,
  0.089749;0.471894;0.080605;,
  0.110075;0.285670;0.009046;,
  0.121921;0.283410;0.060550;,
  0.019409;0.467012;0.033811;,
  0.021971;0.358109;0.100703;,
  -0.023729;0.469974;0.130301;,
  0.041095;0.369464;0.028062;,
  0.058538;0.275397;0.077937;,
  0.070565;0.276171;0.037420;,
  0.098538;0.368206;0.121375;,
  0.064585;0.452468;0.133874;,
  0.096107;0.282666;0.092086;,
  0.125780;0.006959;0.097734;,
  0.068155;0.007501;0.115373;,
  0.089306;0.006942;0.071378;,
  0.097874;0.007473;0.133589;,
  0.108692;0.227287;0.036060;,
  0.130773;0.156658;0.081520;,
  0.113719;0.153823;0.044347;,
  0.127707;0.230930;0.074009;,
  0.128326;0.076892;0.090033;,
  0.122159;0.075196;0.055885;,
  0.063466;0.205476;0.045189;,
  0.059220;0.159010;0.094981;,
  0.044157;0.223131;0.094405;,
  0.077510;0.149041;0.057562;,
  0.088448;0.085539;0.097036;,
  0.097606;0.068214;0.069591;,
  0.117129;0.164748;0.116650;,
  0.110109;0.238907;0.119518;,
  0.110072;0.092313;0.106513;,
  0.081011;0.515125;0.090245;,
  0.020673;0.485952;0.006892;,
  0.019409;0.467012;0.033811;,
  0.010748;0.457442;0.028684;,
  0.059813;0.526868;0.139197;,
  0.004587;0.532525;0.138964;,
  0.057431;0.470893;0.141334;,
  0.005780;0.477775;0.143545;,
  0.028875;0.632320;0.094462;,
  0.071095;0.679066;0.086639;,
  0.088968;0.678609;0.075831;,
  0.084823;0.614926;0.041415;,
  0.105967;0.662922;0.028267;,
  0.068771;0.627279;0.087470;,
  0.089970;0.646292;-0.014506;,
  0.077286;0.601712;0.007917;,
  0.045711;0.644777;-0.043346;,
  0.035603;0.593315;-0.016603;,
  0.133882;0.725004;-0.038863;,
  0.154061;0.681109;-0.023665;,
  0.086065;0.732100;-0.015223;,
  0.121546;0.631202;0.020747;,
  0.100655;0.675198;0.002846;,
  0.164954;0.635531;-0.000642;,
  0.110290;0.745288;0.039101;,
  0.100655;0.675198;0.002846;,
  0.125399;0.700555;0.058616;,
  0.142237;0.647174;0.067712;,
  0.121546;0.631202;0.020747;,
  0.120409;0.749758;0.041561;,
  0.178863;0.706781;0.032034;,
  0.158179;0.749543;0.017316;,
  0.185551;0.651406;0.046458;,
  0.151235;0.737529;-0.017931;,
  0.166402;0.616699;-0.010031;,
  0.126217;0.550000;0.005787;,
  0.115488;0.608942;0.015424;,
  0.158334;0.557503;-0.010325;,
  0.131971;0.509917;0.003731;,
  0.154804;0.507323;-0.008156;,
  0.115488;0.608942;0.015424;,
  0.158584;0.550712;0.052965;,
  0.143073;0.609379;0.072167;,
  0.126217;0.550000;0.005787;,
  0.155923;0.508658;0.035291;,
  0.131971;0.509917;0.003731;,
  0.183031;0.556774;0.040328;,
  0.193756;0.617167;0.046938;,
  0.171683;0.505334;0.025605;,
  0.094678;0.437204;0.018209;,
  0.148255;0.448246;0.034465;,
  0.109237;0.448558;0.006250;,
  0.133556;0.437034;0.045840;,
  0.100401;0.441095;0.003308;,
  0.109208;0.426970;0.001480;,
  0.105410;0.433305;0.009635;,
  0.099227;0.434703;-0.006381;,
  0.138973;0.479864;0.042907;,
  0.127383;0.448986;-0.007664;,
  0.143901;0.442839;0.042082;,
  0.115055;0.480735;-0.000674;,
  0.158680;0.431958;0.034252;,
  0.172561;0.474560;0.026320;,
  0.148564;0.476205;-0.019762;,
  0.143215;0.438545;-0.013733;,
  0.112941;0.797153;-0.014481;,
  0.127361;0.784544;-0.037447;,
  0.087492;0.791505;-0.023362;,
  0.092410;0.776221;-0.042820;,
  0.085201;0.728967;0.071093;,
  0.066483;0.783564;-0.053888;,
  0.129057;0.758400;-0.046283;,
  0.110671;0.730268;-0.037342;,
  0.100632;0.748353;-0.048539;,
  0.122603;0.740273;-0.031574;,
  0.099489;0.769709;0.040194;,
  0.053416;0.765920;0.044738;,
  0.103774;0.771660;0.035741;,
  -0.002254;0.756804;0.030735;,
  0.011252;0.789825;-0.017577;,
  0.085410;0.799512;0.007703;,
  0.103774;0.771660;0.035741;,
  0.105025;0.724973;0.000018;,
  0.106270;0.760189;0.032295;,
  0.086065;0.732100;-0.015223;,
  0.099050;0.712412;0.047684;,
  0.105467;0.693871;0.019010;,
  0.113287;0.715080;-0.026364;,
  0.098187;0.722324;0.061104;,
  0.115055;0.480735;-0.000674;,
  0.069999;0.801648;-0.083995;,
  0.057208;0.819526;-0.077975;,
  0.020526;0.802529;-0.047483;,
  0.030658;0.825295;-0.080640;,
  0.143215;0.438545;-0.013733;,
  0.094678;0.437204;0.018209;,
  0.133556;0.437034;0.045840;,
  0.106482;0.459453;-0.001616;,
  0.110696;0.442452;-0.020700;,
  0.106482;0.459453;-0.001616;,
  0.117349;0.447045;0.005074;,
  0.130359;0.435867;-0.012578;,
  0.130359;0.435867;-0.012578;,
  0.100401;0.441095;0.003308;,
  0.099227;0.434703;-0.006381;,
  0.109208;0.426970;0.001480;,
  0.171883;0.027568;0.035592;,
  0.169725;0.005344;-0.018130;,
  0.164912;0.024021;-0.012905;,
  0.180271;0.005846;0.032645;,
  0.070844;0.040762;0.103983;,
  0.089306;0.006942;0.071378;,
  0.068155;0.007501;0.115373;,
  0.089665;0.031862;0.068213;,
  0.088448;0.085539;0.097036;,
  0.106396;0.043775;0.125476;,
  0.110072;0.092313;0.106513;,
  0.125780;0.006959;0.097734;,
  0.097874;0.007473;0.133589;,
  0.128318;0.041868;0.095840;,
  0.122159;0.075196;0.055885;,
  0.128326;0.076892;0.090033;,
  0.136030;0.021132;-0.018546;,
  0.134547;0.005501;-0.027747;,
  0.180271;0.005846;0.032645;,
  0.134547;0.005501;-0.027747;,
  0.041095;0.369464;0.028062;,
  0.070565;0.276171;0.037420;,
  0.063466;0.205476;0.045189;,
  0.077510;0.149041;0.057562;,
  0.097606;0.068214;0.069591;,
  0.097606;0.068214;0.069591;,
  -0.011331;0.461079;0.075621;,
  0.083940;0.784357;-0.104622;,
  0.067683;0.763367;-0.100227;,
  0.076397;0.764435;-0.107225;,
  0.065469;0.784796;-0.090128;,
  0.074389;0.812313;-0.114882;,
  0.065140;0.834467;-0.117373;,
  0.052340;0.816265;-0.238447;,
  0.034257;0.787027;-0.239318;,
  0.032503;0.816679;-0.242285;,
  0.071461;0.751337;-0.190832;,
  0.054882;0.743760;-0.191522;,
  0.066250;0.767901;-0.214941;,
  0.081578;0.768037;-0.127638;,
  0.087937;0.797024;-0.129733;,
  0.081501;0.796263;-0.112443;,
  0.086818;0.824578;-0.157360;,
  0.087903;0.806577;-0.173998;,
  0.078596;0.786332;-0.216604;,
  0.085935;0.812618;-0.210664;,
  0.085076;0.779800;-0.178179;,
  0.083319;0.840936;-0.155761;,
  0.071232;0.862173;-0.156793;,
  0.031640;0.870839;-0.153176;,
  0.063613;0.865057;-0.204604;,
  0.030271;0.873501;-0.202377;,
  0.086439;0.773648;-0.156366;,
  0.073271;0.751369;-0.122677;,
  0.073310;0.749150;-0.158563;,
  0.060313;0.731684;-0.102738;,
  0.040542;0.739885;-0.093333;,
  0.041422;0.720594;-0.101939;,
  0.060565;0.782092;-0.230388;,
  0.072390;0.814507;-0.229052;,
  0.079705;0.847187;-0.208440;,
  0.065881;0.843581;-0.227355;,
  0.048161;0.850385;-0.230127;,
  0.030761;0.852322;-0.231087;,
  0.033765;0.847630;-0.120450;,
  0.079705;0.847187;-0.208440;,
  0.065881;0.843581;-0.227355;,
  0.094099;0.797631;-0.132647;,
  0.097251;0.821873;-0.173484;,
  0.102711;0.823907;-0.153001;,
  0.091153;0.810777;-0.157279;,
  0.102711;0.823907;-0.153001;,
  0.094099;0.797631;-0.132647;,
  0.097251;0.821873;-0.173484;,
  0.087903;0.806577;-0.173998;,
  0.089719;0.792572;-0.153167;,
  0.087937;0.797024;-0.129733;,
  0.072102;0.756168;-0.179650;,
  0.089719;0.792572;-0.153167;,
  0.066483;0.783564;-0.053888;,
  0.069999;0.801648;-0.083995;,
  0.092410;0.776221;-0.042820;,
  0.074389;0.812313;-0.114882;,
  0.038744;0.743412;-0.078669;,
  0.039046;0.720571;-0.072021;,
  0.030107;0.543683;-0.012254;,
  -0.033681;0.529538;0.121648;,
  -0.036628;0.496096;0.128690;,
  -0.026852;0.453056;0.119014;,
  0.042620;0.757157;-0.094025;,
  -0.011331;0.461079;0.075621;,
  0.048161;0.850385;-0.230127;,
  0.030761;0.852322;-0.231087;,
  0.059856;0.736852;-0.134310;,
  0.051703;0.737184;-0.157873;,
  0.052308;0.733850;-0.148833;,
  0.035209;0.772390;-0.234336;,
  0.036714;0.752993;-0.217937;,
  0.052754;0.749496;-0.180030;,
  -0.014311;0.629795;0.075130;,
  0.092410;0.776221;-0.042820;,
  0.169725;0.005344;-0.018130;,
  0.052275;0.727250;-0.128147;,
  0.059526;0.734913;-0.127997;,
  0.051727;0.732203;-0.131508;,
  0.039826;0.728087;-0.149224;,
  0.039895;0.722011;-0.160349;,
  0.051529;0.728923;-0.136788;,
  0.040087;0.731152;-0.131673;,
  0.040634;0.723457;-0.127192;,
  0.038304;0.736183;-0.192211;,
  0.038520;0.736802;-0.182062;,
  0.106270;0.760189;0.032295;,
  0.040297;0.724778;-0.137805;,
  0.095394;0.735689;0.011418;,
  0.105025;0.724973;0.000018;,
  0.113287;0.715080;-0.026364;,
  0.083319;0.840936;-0.155761;,
  0.108692;0.227287;0.036060;,
  0.079303;0.148262;0.012286;,
  0.066253;0.223820;-0.001831;,
  0.113719;0.153823;0.044347;,
  0.110075;0.285670;0.009046;,
  0.068568;0.278991;-0.011620;,
  0.093743;0.379431;0.021268;,
  0.042766;0.368764;0.000510;,
  0.070245;0.472244;0.034371;,
  0.028209;0.455941;0.010053;,
  0.053907;0.497323;0.032376;,
  0.085619;0.075930;0.017185;,
  0.122159;0.075196;0.055885;,
  0.051695;0.155236;0.121180;,
  -0.010460;0.102508;0.110190;,
  0.060732;0.085900;0.128096;,
  -0.010799;0.175905;0.105552;,
  -0.006542;0.242418;0.093186;,
  0.043363;0.222498;0.109005;,
  -0.008238;0.308512;0.091801;,
  0.041425;0.271376;0.103618;,
  0.015806;0.356205;0.114204;,
  -0.021362;0.384826;0.109856;,
  -0.035751;0.469001;0.128955;,
  0.095394;0.735689;0.011418;,
  -0.027592;0.733206;-0.094739;,
  0.005238;0.725166;-0.078470;,
  -0.038425;0.712659;-0.091059;,
  0.006840;0.759022;-0.078551;,
  -0.044164;0.695845;-0.083960;,
  -0.008827;0.661384;-0.070970;,
  -0.054106;0.673561;-0.060835;,
  0.001548;0.689045;-0.079075;,
  -0.005273;0.795234;-0.059671;,
  -0.061537;0.782554;-0.045188;,
  -0.034119;0.791190;-0.031196;,
  -0.041909;0.776452;-0.070133;,
  -0.085129;0.566320;0.034261;,
  -0.055768;0.578877;0.064315;,
  -0.076287;0.574368;0.029898;,
  -0.058213;0.569739;0.074090;,
  -0.047675;0.559023;-0.015940;,
  -0.071338;0.539290;0.003459;,
  -0.010172;0.546213;-0.028814;,
  -0.049095;0.509663;-0.008710;,
  -0.020356;0.496524;-0.002494;,
  -0.017463;0.577465;0.083671;,
  -0.020603;0.566015;0.092960;,
  -0.058577;0.676694;0.043837;,
  -0.009720;0.724657;0.055957;,
  -0.060334;0.719076;0.030375;,
  -0.013310;0.682864;0.068478;,
  -0.031414;0.473950;-0.015262;,
  -0.073200;0.374816;-0.037251;,
  -0.078309;0.468953;0.000939;,
  -0.026863;0.382166;-0.044617;,
  -0.018743;0.287233;-0.067942;,
  -0.064118;0.281474;-0.041878;,
  0.004440;0.471770;0.021298;,
  -0.034469;0.356752;0.061270;,
  0.004638;0.374295;-0.001453;,
  -0.045643;0.469738;0.120012;,
  -0.033194;0.277009;0.016319;,
  -0.011862;0.279073;-0.019782;,
  -0.102178;0.360782;0.018951;,
  -0.099450;0.447113;0.054480;,
  -0.069572;0.280864;-0.001743;,
  -0.079389;0.006308;-0.018884;,
  -0.105379;0.010322;0.035342;,
  -0.118981;0.008549;0.003297;,
  -0.058739;0.008426;0.021042;,
  -0.033887;0.226796;-0.045039;,
  -0.077972;0.154735;-0.024884;,
  -0.074751;0.228917;-0.033177;,
  -0.039059;0.153242;-0.037699;,
  -0.075941;0.075701;-0.016155;,
  -0.044222;0.074390;-0.024903;,
  -0.008475;0.209347;-0.004368;,
  -0.039208;0.163820;0.036119;,
  -0.023766;0.151937;-0.002019;,
  -0.032283;0.229058;0.042015;,
  -0.065686;0.087616;0.020118;,
  -0.055094;0.069089;0.009509;,
  -0.094796;0.164298;0.008451;,
  -0.096452;0.238807;0.010132;,
  -0.082849;0.092632;0.005187;,
  -0.082500;0.513365;0.013466;,
  0.004440;0.471770;0.021298;,
  -0.106835;0.525074;0.060946;,
  -0.071492;0.531706;0.103240;,
  -0.103227;0.466913;0.064757;,
  -0.072002;0.475641;0.105315;,
  -0.055526;0.627210;0.051969;,
  -0.079726;0.666759;0.016704;,
  -0.082543;0.664615;-0.003698;,
  -0.042901;0.607192;-0.022889;,
  -0.072495;0.618725;0.016349;,
  -0.053882;0.649879;-0.045854;,
  -0.008019;0.638297;-0.059943;,
  -0.009663;0.596447;-0.035859;,
  -0.073238;0.697504;-0.103069;,
  -0.034366;0.710733;-0.068289;,
  -0.097645;0.656337;-0.086500;,
  -0.080353;0.616920;-0.026074;,
  -0.115505;0.615477;-0.059582;,
  -0.054469;0.657540;-0.044975;,
  -0.073270;0.732620;-0.026824;,
  -0.094111;0.691623;-0.004573;,
  -0.054469;0.657540;-0.044975;,
  -0.113721;0.640020;0.009065;,
  -0.080353;0.616920;-0.026074;,
  -0.083597;0.737049;-0.028295;,
  -0.137317;0.690715;-0.046240;,
  -0.112585;0.730877;-0.062000;,
  -0.148823;0.638508;-0.024269;,
  -0.095782;0.712923;-0.090814;,
  -0.114181;0.595433;-0.065533;,
  -0.080796;0.534419;-0.027107;,
  -0.106706;0.537515;-0.052923;,
  -0.073058;0.594581;-0.025426;,
  -0.088506;0.496108;-0.019074;,
  -0.104035;0.489318;-0.040536;,
  -0.073058;0.594581;-0.025426;,
  -0.125611;0.541692;0.007715;,
  -0.080796;0.534419;-0.027107;,
  -0.116126;0.603471;0.019829;,
  -0.121263;0.491695;-0.002663;,
  -0.088506;0.496108;-0.019074;,
  -0.145222;0.544330;-0.012349;,
  -0.157091;0.604403;-0.020005;,
  -0.130367;0.490935;-0.014437;,
  -0.044593;0.436697;0.011851;,
  -0.094592;0.429223;-0.014625;,
  -0.086535;0.416666;0.001140;,
  -0.052276;0.449680;-0.004159;,
  -0.041272;0.446176;-0.001152;,
  -0.039455;0.433358;-0.011775;,
  -0.031778;0.445493;-0.007898;,
  -0.044740;0.435580;-0.002384;,
  -0.108108;0.454041;0.004311;,
  -0.056111;0.453562;-0.026368;,
  -0.066821;0.479710;-0.006109;,
  -0.093773;0.421680;-0.007651;,
  -0.093802;0.413493;-0.025847;,
  -0.117856;0.451599;-0.032164;,
  -0.075384;0.479142;-0.043978;,
  -0.058084;0.444733;-0.044107;,
  -0.068337;0.775769;-0.079759;,
  -0.062119;0.762173;-0.105662;,
  -0.041909;0.776452;-0.070133;,
  -0.030794;0.761668;-0.087211;,
  -0.087370;0.711300;0.001231;,
  -0.005928;0.775012;-0.079976;,
  -0.053188;0.736477;-0.111873;,
  -0.038425;0.712659;-0.091059;,
  -0.055891;0.716066;-0.098018;,
  -0.027592;0.733206;-0.094739;,
  -0.084685;0.748916;-0.026621;,
  -0.085424;0.750430;-0.032722;,
  -0.054635;0.753158;0.005809;,
  -0.002254;0.756804;0.030735;,
  0.011252;0.789825;-0.017577;,
  -0.061537;0.782554;-0.045188;,
  -0.085424;0.750430;-0.032722;,
  -0.056206;0.705628;-0.058807;,
  -0.034366;0.710733;-0.068289;,
  -0.083186;0.738485;-0.036539;,
  -0.077457;0.694341;-0.023771;,
  -0.058299;0.677106;-0.047287;,
  -0.044164;0.695845;-0.083960;,
  -0.088163;0.703246;-0.014337;,
  -0.066821;0.479710;-0.006109;,
  0.002169;0.795580;-0.096257;,
  0.007027;0.815036;-0.087046;,
  0.020526;0.802529;-0.047483;,
  0.030658;0.825295;-0.080640;,
  -0.058084;0.444733;-0.044107;,
  -0.044593;0.436697;0.011851;,
  -0.086535;0.416666;0.001140;,
  -0.050806;0.463297;-0.004920;,
  -0.034361;0.457028;-0.023926;,
  -0.050806;0.463297;-0.004920;,
  -0.056210;0.447540;-0.011190;,
  -0.049087;0.444090;-0.034495;,
  -0.049087;0.444090;-0.034495;,
  -0.041272;0.446176;-0.001152;,
  -0.031778;0.445493;-0.007898;,
  -0.039455;0.433358;-0.011775;,
  -0.010879;0.024018;-0.056361;,
  0.041691;0.001873;-0.044930;,
  -0.006949;0.001829;-0.062924;,
  0.036007;0.020813;-0.042055;,
  -0.093364;0.043344;0.032425;,
  -0.058739;0.008426;0.021042;,
  -0.055294;0.033274;0.019692;,
  -0.105379;0.010322;0.035342;,
  -0.065686;0.087616;0.020118;,
  -0.109310;0.044263;-0.006044;,
  -0.082849;0.092632;0.005187;,
  -0.079389;0.006308;-0.018884;,
  -0.076770;0.040998;-0.023163;,
  -0.118981;0.008549;0.003297;,
  -0.044222;0.074390;-0.024903;,
  -0.075941;0.075701;-0.016155;,
  0.037268;0.019646;-0.012536;,
  0.045982;0.004115;-0.008783;,
  -0.006949;0.001829;-0.062924;,
  0.045982;0.004115;-0.008783;,
  0.004638;0.374295;-0.001453;,
  -0.011862;0.279073;-0.019782;,
  -0.008475;0.209347;-0.004368;,
  -0.023766;0.151937;-0.002019;,
  -0.055094;0.069089;0.009509;,
  -0.055094;0.069089;0.009509;,
  -0.008104;0.779142;-0.102343;,
  0.010615;0.760134;-0.098814;,
  0.012926;0.780096;-0.099627;,
  0.001503;0.760192;-0.105371;,
  -0.002287;0.807969;-0.112984;,
  0.004267;0.831018;-0.115866;,
  0.013053;0.814039;-0.237474;,
  0.032503;0.816679;-0.242285;,
  0.003756;0.747500;-0.189156;,
  0.005868;0.764480;-0.213446;,
  0.021030;0.741842;-0.190684;,
  -0.005052;0.763128;-0.125493;,
  -0.014739;0.791206;-0.127191;,
  -0.007413;0.791225;-0.110242;,
  -0.018102;0.818634;-0.154763;,
  -0.017967;0.800579;-0.171377;,
  -0.008546;0.781395;-0.214447;,
  -0.012344;0.774280;-0.175767;,
  -0.018504;0.806701;-0.208078;,
  -0.016396;0.835286;-0.153292;,
  -0.006851;0.857749;-0.154860;,
  0.031640;0.870839;-0.153176;,
  -0.001973;0.861341;-0.202981;,
  0.030271;0.873501;-0.202377;,
  -0.011927;0.768075;-0.153931;,
  0.003759;0.745210;-0.156841;,
  0.005318;0.747519;-0.120994;,
  0.021383;0.729479;-0.101774;,
  0.009147;0.779178;-0.229116;,
  -0.006183;0.810055;-0.227107;,
  -0.016114;0.841758;-0.206068;,
  -0.002922;0.839683;-0.225651;,
  0.030761;0.852322;-0.231087;,
  0.013759;0.848436;-0.229275;,
  0.033765;0.847630;-0.120450;,
  -0.016114;0.841758;-0.206068;,
  -0.002922;0.839683;-0.225651;,
  -0.021066;0.791106;-0.129796;,
  -0.028945;0.814723;-0.170361;,
  -0.020841;0.804431;-0.154507;,
  -0.033583;0.816184;-0.149627;,
  -0.033583;0.816184;-0.149627;,
  -0.021066;0.791106;-0.129796;,
  -0.028945;0.814723;-0.170361;,
  -0.017967;0.800579;-0.171377;,
  -0.017161;0.786516;-0.150521;,
  -0.014739;0.791206;-0.127191;,
  0.003126;0.752260;-0.177943;,
  -0.017161;0.786516;-0.150521;,
  -0.005928;0.775012;-0.079976;,
  0.002169;0.795580;-0.096257;,
  -0.030794;0.761668;-0.087211;,
  -0.002287;0.807969;-0.112984;,
  -0.033681;0.529538;0.121648;,
  -0.036628;0.496096;0.128690;,
  -0.026852;0.453056;0.119014;,
  -0.011331;0.461079;0.075621;,
  0.013759;0.848436;-0.229275;,
  0.030761;0.852322;-0.231087;,
  0.019695;0.734576;-0.133316;,
  0.026587;0.735761;-0.157252;,
  0.026809;0.732405;-0.148201;,
  0.023061;0.747813;-0.179295;,
  -0.014311;0.629795;0.075130;,
  -0.030794;0.761668;-0.087211;,
  0.041691;0.001873;-0.044930;,
  0.020553;0.732704;-0.127033;,
  0.028606;0.725909;-0.127561;,
  0.028426;0.730882;-0.130931;,
  0.028732;0.727631;-0.136224;,
  -0.083186;0.738485;-0.036539;,
  -0.057458;0.717336;-0.045084;,
  -0.056206;0.705628;-0.058807;,
  -0.044164;0.695845;-0.083960;,
  -0.016396;0.835286;-0.153292;,
  0.014502;0.222917;-0.036746;,
  0.041154;0.145575;-0.013560;,
  0.004844;0.146152;-0.032356;,
  0.038351;0.223266;-0.018324;,
  0.014914;0.283302;-0.048860;,
  0.039947;0.278859;-0.027851;,
  0.015873;0.373279;-0.019575;,
  0.028933;0.364333;-0.007686;,
  0.013789;0.460396;-0.000058;,
  0.020496;0.448523;0.007704;,
  0.020673;0.485952;0.006892;,
  -0.020356;0.496524;-0.002494;,
  0.045248;0.079218;-0.012998;,
  0.003090;0.073637;-0.029588;,
  -0.051288;0.086082;0.067078;,
  -0.094796;0.164298;0.008451;,
  -0.082840;0.092633;0.005196;,
  -0.048310;0.161082;0.060333;,
  -0.096452;0.238807;0.010132;,
  -0.046240;0.226318;0.051933;,
  -0.041767;0.273875;0.049681;,
  -0.069572;0.280864;-0.001743;,
  -0.102178;0.360782;0.018951;,
  -0.040918;0.352445;0.076965;,
  -0.036628;0.496096;0.128690;,
  -0.072002;0.475641;0.105315;,
  -0.057458;0.717336;-0.045084;,
  -0.031414;0.473950;-0.015262;,
  -0.026863;0.382166;-0.044617;,
  -0.018743;0.287233;-0.067942;,
  -0.033887;0.226796;-0.045039;,
  -0.039059;0.153242;-0.037699;,
  -0.044222;0.074390;-0.024903;,
  0.098538;0.368206;0.121375;,
  0.005780;0.477775;0.143545;,
  0.064585;0.452468;0.133874;,
  0.096107;0.282666;0.092086;,
  0.110109;0.238907;0.119518;,
  0.117129;0.164748;0.116650;,
  0.110072;0.092313;0.106513;,
  -0.099450;0.447113;0.054480;;
  916;
  3;0,1,2;,
  3;1,0,3;,
  3;4,5,6;,
  3;5,4,7;,
  3;8,9,10;,
  3;9,8,11;,
  3;12,13,14;,
  3;13,12,15;,
  3;16,12,17;,
  3;12,16,15;,
  3;18,19,20;,
  3;19,18,16;,
  3;6,21,22;,
  3;21,6,5;,
  3;14,23,24;,
  3;23,14,13;,
  3;25,26,27;,
  3;26,25,28;,
  3;29,30,31;,
  3;30,29,32;,
  3;30,33,31;,
  3;33,30,34;,
  3;35,36,37;,
  3;36,35,38;,
  3;38,39,36;,
  3;39,38,40;,
  3;37,41,42;,
  3;41,37,36;,
  3;36,43,41;,
  3;43,36,39;,
  3;42,30,32;,
  3;30,42,41;,
  3;41,34,30;,
  3;34,41,43;,
  3;44,45,46;,
  3;45,44,47;,
  3;48,49,50;,
  3;49,48,51;,
  3;50,52,53;,
  3;52,50,49;,
  3;54,55,56;,
  3;55,54,57;,
  3;57,58,55;,
  3;58,57,59;,
  3;56,60,61;,
  3;60,56,55;,
  3;55,62,60;,
  3;62,55,58;,
  3;61,49,51;,
  3;49,61,60;,
  3;60,52,49;,
  3;52,60,62;,
  3;32,19,63;,
  3;19,32,29;,
  3;64,65,66;,
  3;65,64,20;,
  3;14,67,12;,
  3;67,14,68;,
  3;68,69,67;,
  3;69,68,70;,
  3;70,42,69;,
  3;42,70,37;,
  3;48,34,51;,
  3;34,48,33;,
  3;51,43,61;,
  3;43,51,34;,
  3;43,56,61;,
  3;56,43,39;,
  3;39,54,56;,
  3;54,39,40;,
  3;12,63,17;,
  3;63,12,67;,
  3;67,32,63;,
  3;32,67,69;,
  3;69,42,32;,
  3;71,72,25;,
  3;73,74,75;,
  3;74,73,76;,
  3;74,77,75;,
  3;77,74,78;,
  3;79,78,80;,
  3;78,79,77;,
  3;81,82,83;,
  3;82,84,85;,
  3;84,82,86;,
  3;87,88,89;,
  3;88,90,89;,
  3;90,88,91;,
  3;92,93,94;,
  3;92,89,93;,
  3;92,87,89;,
  3;89,95,93;,
  3;95,89,90;,
  3;96,93,82;,
  3;93,86,82;,
  3;86,93,95;,
  3;97,98,99;,
  3;98,97,100;,
  3;100,101,98;,
  3;101,100,102;,
  3;103,104,105;,
  3;104,103,106;,
  3;106,107,104;,
  3;107,106,108;,
  3;105,109,110;,
  3;109,105,104;,
  3;104,111,109;,
  3;111,104,107;,
  3;110,100,97;,
  3;100,110,109;,
  3;109,102,100;,
  3;102,109,111;,
  3;112,113,114;,
  3;113,112,115;,
  3;116,117,118;,
  3;117,116,119;,
  3;120,121,122;,
  3;121,120,123;,
  3;120,124,125;,
  3;124,120,122;,
  3;126,124,127;,
  3;124,126,125;,
  3;95,97,86;,
  3;97,95,110;,
  3;86,99,84;,
  3;99,86,97;,
  3;90,103,105;,
  3;103,90,91;,
  3;105,95,90;,
  3;95,105,110;,
  3;128,96,129;,
  3;96,128,94;,
  3;129,130,128;,
  3;130,129,131;,
  3;72,28,25;,
  3;28,72,132;,
  3;10,133,8;,
  3;134,135,136;,
  3;135,134,137;,
  3;81,137,134;,
  3;138,11,139;,
  3;138,9,11;,
  3;138,140,9;,
  3;141,11,142;,
  3;11,141,139;,
  3;128,130,143;,
  3;94,144,92;,
  3;94,143,144;,
  3;94,128,143;,
  3;145,87,146;,
  3;87,145,147;,
  3;75,148,73;,
  3;148,75,149;,
  3;150,147,145;,
  3;7,149,75;,
  3;148,151,73;,
  3;102,152,101;,
  3;152,102,126;,
  3;102,125,126;,
  3;125,102,111;,
  3;111,120,125;,
  3;120,111,107;,
  3;120,108,123;,
  3;108,120,107;,
  3;8,153,154;,
  3;153,8,133;,
  3;154,155,8;,
  3;155,154,156;,
  3;122,114,113;,
  3;114,122,121;,
  3;121,112,114;,
  3;112,121,157;,
  3;158,124,159;,
  3;124,158,127;,
  3;159,122,113;,
  3;122,159,124;,
  3;126,160,152;,
  3;160,126,161;,
  3;162,121,123;,
  3;121,162,163;,
  3;121,164,157;,
  3;164,121,163;,
  3;165,126,127;,
  3;126,165,161;,
  3;161,166,160;,
  3;166,161,167;,
  3;162,118,163;,
  3;118,162,116;,
  3;163,117,164;,
  3;117,163,118;,
  3;165,167,161;,
  3;167,165,168;,
  3;169,170,171;,
  3;170,169,172;,
  3;173,174,175;,
  3;174,173,176;,
  3;177,178,179;,
  3;178,177,173;,
  3;180,178,181;,
  3;178,180,182;,
  3;183,169,171;,
  3;169,183,184;,
  3;174,185,186;,
  3;185,174,176;,
  3;46,187,44;,
  3;187,46,188;,
  3;180,169,182;,
  3;169,180,172;,
  3;20,29,65;,
  3;19,29,20;,
  3;29,31,189;,
  3;31,190,189;,
  3;190,31,33;,
  3;33,191,190;,
  3;191,33,48;,
  3;191,50,192;,
  3;50,191,48;,
  3;192,53,193;,
  3;53,192,50;,
  3;194,171,185;,
  3;171,194,183;,
  3;171,186,185;,
  3;186,171,170;,
  3;185,176,194;,
  3;194,173,177;,
  3;173,194,176;,
  3;178,175,181;,
  3;175,178,173;,
  3;179,182,184;,
  3;182,179,178;,
  3;182,169,184;,
  3;16,17,19;,
  3;17,63,19;,
  3;65,195,66;,
  3;196,197,198;,
  3;197,196,199;,
  3;200,154,153;,
  3;154,200,201;,
  3;202,203,204;,
  3;205,206,207;,
  3;196,208,209;,
  3;208,196,198;,
  3;210,209,211;,
  3;209,210,196;,
  3;212,213,214;,
  3;213,212,215;,
  3;212,214,211;,
  3;201,216,217;,
  3;216,201,200;,
  3;218,219,220;,
  3;219,218,217;,
  3;210,199,196;,
  3;213,205,207;,
  3;221,222,223;,
  3;198,197,224;,
  3;224,225,226;,
  3;225,224,197;,
  3;227,213,207;,
  3;228,229,214;,
  3;229,228,230;,
  3;220,231,232;,
  3;213,228,214;,
  3;156,201,233;,
  3;201,156,154;,
  3;233,217,218;,
  3;217,233,201;,
  3;219,217,234;,
  3;235,219,234;,
  3;236,237,238;,
  3;237,236,239;,
  3;209,240,211;,
  3;240,209,241;,
  3;211,242,212;,
  3;242,211,240;,
  3;243,239,244;,
  3;239,243,237;,
  3;244,236,245;,
  3;236,244,239;,
  3;246,221,223;,
  3;221,246,215;,
  3;221,212,247;,
  3;212,221,215;,
  3;199,248,2;,
  3;248,199,249;,
  3;133,10,250;,
  3;249,210,251;,
  3;210,249,199;,
  3;210,211,251;,
  3;252,1,253;,
