xof 0303txt 0032
template ColorRGBA {
 <35ff44e0-6c7c-11cf-8f52-0040333594a3>
 FLOAT red;
 FLOAT green;
 FLOAT blue;
 FLOAT alpha;
}

template ColorRGB {
 <d3e16e81-7835-11cf-8f52-0040333594a3>
 FLOAT red;
 FLOAT green;
 FLOAT blue;
}

template Material {
 <3d82ab4d-62da-11cf-ab39-0020af71e433>
 ColorRGBA faceColor;
 FLOAT power;
 ColorRGB specularColor;
 ColorRGB emissiveColor;
 [...]
}

template TextureFilename {
 <a42790e1-7810-11cf-8f52-0040333594a3>
 STRING filename;
}

template Frame {
 <3d82ab46-62da-11cf-ab39-0020af71e433>
 [...]
}

template Matrix4x4 {
 <f6f23f45-7686-11cf-8f52-0040333594a3>
 array FLOAT matrix[16];
}

template FrameTransformMatrix {
 <f6f23f41-7686-11cf-8f52-0040333594a3>
 Matrix4x4 frameMatrix;
}

template Vector {
 <3d82ab5e-62da-11cf-ab39-0020af71e433>
 FLOAT x;
 FLOAT y;
 FLOAT z;
}

template MeshFace {
 <3d82ab5f-62da-11cf-ab39-0020af71e433>
 DWORD nFaceVertexIndices;
 array DWORD faceVertexIndices[nFaceVertexIndices];
}

template Mesh {
 <3d82ab44-62da-11cf-ab39-0020af71e433>
 DWORD nVertices;
 array Vector vertices[nVertices];
 DWORD nFaces;
 array MeshFace faces[nFaces];
 [...]
}

template MeshMaterialList {
 <f6f23f42-7686-11cf-8f52-0040333594a3>
 DWORD nMaterials;
 DWORD nFaceIndexes;
 array DWORD faceIndexes[nFaceIndexes];
 [Material <3d82ab4d-62da-11cf-ab39-0020af71e433>]
}

template VertexElement {
 <f752461c-1e23-48f6-b9f8-8350850f336f>
 DWORD Type;
 DWORD Method;
 DWORD Usage;
 DWORD UsageIndex;
}

template DeclData {
 <bf22e553-292c-4781-9fea-62bd554bdd93>
 DWORD nElements;
 array VertexElement Elements[nElements];
 DWORD nDWords;
 array DWORD data[nDWords];
}

template XSkinMeshHeader {
 <3cf169ce-ff7c-44ab-93c0-f78f62d172e2>
 WORD nMaxSkinWeightsPerVertex;
 WORD nMaxSkinWeightsPerFace;
 WORD nBones;
}

template SkinWeights {
 <6f0d123b-bad2-4167-a0d0-80224f25fabb>
 STRING transformNodeName;
 DWORD nWeights;
 array DWORD vertexIndices[nWeights];
 array FLOAT weights[nWeights];
 Matrix4x4 matrixOffset;
}

template AnimTicksPerSecond {
 <9e415a43-7ba6-4a73-8743-b73d47e88476>
 DWORD AnimTicksPerSecond;
}

template Animation {
 <3d82ab4f-62da-11cf-ab39-0020af71e433>
 [...]
}

template AnimationSet {
 <3d82ab50-62da-11cf-ab39-0020af71e433>
 [Animation <3d82ab4f-62da-11cf-ab39-0020af71e433>]
}

template FloatKeys {
 <10dd46a9-775b-11cf-8f52-0040333594a3>
 DWORD nValues;
 array FLOAT values[nValues];
}

template TimedFloatKeys {
 <f406b180-7b3b-11cf-8f52-0040333594a3>
 DWORD time;
 FloatKeys tfkeys;
}

template AnimationKey {
 <10dd46a8-775b-11cf-8f52-0040333594a3>
 DWORD keyType;
 DWORD nKeys;
 array TimedFloatKeys keys[nKeys];
}


Material _03_-_Default {
 1.000000;1.000000;1.000000;1.000000;;
 9.999999;
 0.000000;0.000000;0.000000;;
 0.000000;0.000000;0.000000;;

 TextureFilename {
  "MaleBody_full.png";
 }
}

Frame Dummy01 {
 

 FrameTransformMatrix {
  1.000000,0.000000,0.000000,0.000000,0.000000,-0.000000,-1.000000,0.000000,0.000000,1.000000,-0.000000,0.000000,0.000000,0.000000,0.000000,1.000000;;
 }

 Frame Bip01 {
  

  FrameTransformMatrix {
   0.338216,0.221703,-0.914581,0.000000,-0.268393,0.954215,0.132058,0.000000,0.901984,0.200803,0.382234,0.000000,-0.000603,-0.013603,0.046578,1.000000;;
  }

  Frame Bip01_Pelvis {
   

   FrameTransformMatrix {
    -0.014425,0.993511,0.112816,0.000000,0.303526,-0.103153,0.947223,0.000000,0.952714,0.047906,-0.300069,0.000000,0.000000,0.000000,0.000000,1.000000;;
   }

   Frame Bip01_Spine {
    

    FrameTransformMatrix {
     0.981829,-0.174390,0.074828,0.000000,0.186395,0.960238,-0.207846,0.000000,-0.035606,0.218017,0.975295,0.000000,0.051301,-0.005345,0.002391,1.000000;;
    }

    Frame Bip01_Spine1 {
     

     FrameTransformMatrix {
      0.961385,-0.002127,0.275198,0.000000,-0.004761,0.999692,0.024360,0.000000,-0.275166,-0.024729,0.961079,0.000000,0.106503,0.000002,-0.000082,1.000000;;
     }

     Frame Bip01_Neck {
      

      FrameTransformMatrix {
       0.847329,0.316069,-0.426771,0.000000,-0.303531,0.947645,0.099188,0.000000,0.435778,0.045493,0.898904,0.000000,0.130493,-0.000001,0.004628,1.000000;;
      }

      Frame Bip01_Head {
       

       FrameTransformMatrix {
        0.903691,-0.074489,0.421657,0.000000,0.206349,0.938620,-0.276430,0.000000,-0.375184,0.336815,0.863593,0.000000,0.033674,-0.000000,0.000000,1.000000;;
       }

       Frame Bip01_HeadNub {
        

        FrameTransformMatrix {
         1.000000,0.000000,-0.000000,0.000000,-0.000000,1.000000,0.000000,0.000000,0.000000,0.000000,1.000000,0.000000,0.169824,0.000000,0.000000,1.000000;;
        }
       }
      }

      Frame Bip01_L_Clavicle {
       

       FrameTransformMatrix {
        -0.047949,0.979504,0.195637,0.000000,0.863620,-0.057754,0.500825,0.000000,0.501858,0.192970,-0.843149,0.000000,-0.013405,0.021723,-0.013909,1.000000;;
       }

       Frame Bip01_L_UpperArm {
        

        FrameTransformMatrix {
         0.952531,-0.213713,-0.216824,0.000000,-0.113705,0.410925,-0.904550,0.000000,0.282413,0.886266,0.367119,0.000000,0.087086,0.000000,-0.000000,1.000000;;
        }

        Frame Bip01_L_Forearm {
         

         FrameTransformMatrix {
          0.556788,-0.000000,-0.830654,0.000000,0.000000,1.000000,0.000000,0.000000,0.830654,-0.000000,0.556788,0.000000,0.137062,-0.000000,0.000000,1.000000;;
         }

         Frame Bip01_L_Hand {
          

          FrameTransformMatrix {
           0.970536,-0.210927,-0.116488,0.000000,0.129166,0.047313,0.990494,0.000000,-0.203410,-0.976356,0.073163,0.000000,0.137062,-0.000000,0.000000,1.000000;;
          }

          Frame Bip01_L_Finger0 {
           

           FrameTransformMatrix {
            0.556874,-0.020367,0.830347,0.000000,0.558537,0.749101,-0.356210,0.000000,-0.614759,0.662144,0.428531,0.000000,0.057681,-0.023605,-0.000272,1.000000;;
           }

           Frame Bip01_L_Finger0Nub {
            

            FrameTransformMatrix {
             1.000000,0.000000,-0.000000,0.000000,-0.000000,1.000000,-0.000000,0.000000,0.000000,0.000000,1.000000,0.000000,0.029435,0.000000,0.000000,1.000000;;
            }
           }
          }

          Frame Bip01_L_Finger1 {
           

           FrameTransformMatrix {
            0.963133,-0.000214,0.269027,0.000000,0.000000,1.000000,0.000796,0.000000,-0.269027,-0.000767,0.963132,0.000000,0.084102,-0.000000,-0.000000,1.000000;;
           }

           Frame Bip01_L_Finger1Nub {
            

            FrameTransformMatrix {
             1.000000,0.000000,0.000000,0.000000,-0.000000,1.000000,0.000000,0.000000,0.000000,0.000000,1.000000,0.000000,0.047988,0.000000,0.000000,1.000000;;
            }
           }
          }
         }
        }
       }
      }

      Frame Bip01_R_Clavicle {
       

       FrameTransformMatrix {
        -0.293378,-0.953291,-0.071876,0.000000,-0.850485,0.294595,-0.435762,0.000000,0.436582,-0.066713,-0.897187,0.000000,-0.023338,-0.008061,-0.015339,1.000000;;
       }

       Frame Bip01_R_UpperArm {
        

        FrameTransformMatrix {
         0.625892,0.776570,-0.072102,0.000000,-0.288982,0.316789,0.903401,0.000000,0.724395,-0.544596,0.422690,0.000000,0.087086,0.000000,-0.000000,1.000000;;
        }

        Frame Bip01_R_Forearm {
         

         FrameTransformMatrix {
          -0.457206,-0.000000,-0.889361,0.000000,-0.000000,1.000000,0.000000,0.000000,0.889361,0.000000,-0.457206,0.000000,0.137062,0.000000,-0.000000,1.000000;;
         }

         Frame Bip01_R_Hand {
          

          FrameTransformMatrix {
           0.990952,0.002661,-0.134192,0.000000,-0.126130,-0.323359,-0.937833,0.000000,-0.045888,0.946273,-0.320098,0.000000,0.137062,0.000000,0.000000,1.000000;;
          }

          Frame Bip01_R_Finger0 {
           

           FrameTransformMatrix {
            0.556874,0.020367,0.830347,0.000000,-0.558537,0.749101,0.356210,0.000000,-0.614759,-0.662144,0.428531,0.000000,0.057681,0.023605,-0.000272,1.000000;;
           }

           Frame Bip01_R_Finger0Nub {
            

            FrameTransformMatrix {
             -1.000000,-0.000000,0.000000,0.000000,0.000000,1.000000,0.000000,0.000000,0.000000,-0.000000,-1.000000,0.000000,0.029435,0.000000,-0.000000,1.000000;;
            }
           }
          }

          Frame Bip01_R_Finger1 {
           

           FrameTransformMatrix {
            0.864703,0.000400,0.502282,0.000000,0.000000,1.000000,-0.000796,0.000000,-0.502283,0.000689,0.864703,0.000000,0.084102,0.000000,-0.000000,1.000000;;
           }

           Frame Bip01_R_Finger1Nub {
            

            FrameTransformMatrix {
             -1.000000,0.000000,0.000000,0.000000,0.000000,1.000000,0.000000,0.000000,0.000000,0.000000,-1.000000,0.000000,0.047988,-0.000000,0.000000,1.000000;;
            }
           }
          }
         }
        }
       }
      }
     }

     Frame Bip01_BackPack {
      

      FrameTransformMatrix {
       0.180560,0.080500,-0.980264,0.000000,0.047560,0.994765,0.090451,0.000000,0.982413,-0.062954,0.175786,0.000000,0.063697,0.000003,-0.088856,1.000000;;
      }

      Frame Bip01_BackPackNub {
       

       FrameTransformMatrix {
        0.000796,0.000003,1.000000,0.000000,0.000000,-1.000000,0.000003,0.000000,1.000000,-0.000000,-0.000796,0.000000,0.053240,0.000000,0.000000,1.000000;;
       }
      }
     }
    }

    Frame Bip01_L_Thigh {
     

     FrameTransformMatrix {
      -0.982322,0.163837,0.090554,0.000000,-0.174032,-0.977479,-0.119363,0.000000,0.068959,-0.133012,0.988713,0.000000,-0.061111,0.049096,0.012700,1.000000;;
     }

     Frame Bip01_L_Calf {
      

      FrameTransformMatrix {
       0.936377,0.000000,-0.350996,0.000000,-0.000000,1.000000,0.000000,0.000000,0.350996,0.000000,0.936377,0.000000,0.237500,-0.000000,0.000000,1.000000;;
      }

      Frame Bip01_L_Foot {
       

       FrameTransformMatrix {
        0.976931,0.208845,-0.044611,0.000000,-0.174454,0.900935,0.397344,0.000000,0.123175,-0.380395,0.916585,0.000000,0.206841,0.000000,0.000000,1.000000;;
       }

       Frame Bip01_L_Toe0 {
        

        FrameTransformMatrix {
         -0.672770,-0.067730,0.736745,0.000000,-0.409983,0.863055,-0.295041,0.000000,-0.615868,-0.500548,-0.608406,0.000000,0.065373,-0.000000,0.066450,1.000000;;
        }

        Frame Bip01_L_Toe0Nub {
         

         FrameTransformMatrix {
          -1.000000,0.000000,-0.000000,0.000000,0.000000,1.000000,0.000000,0.000000,0.000000,0.000000,-1.000000,0.000000,0.006735,0.000000,0.000000,1.000000;;
         }
        }
       }
      }
     }
    }

    Frame Bip01_R_Thigh {
     

     FrameTransformMatrix {
      -0.980208,-0.185960,-0.067905,0.000000,0.179128,-0.979156,0.095739,0.000000,-0.084293,0.081681,0.993088,0.000000,-0.041849,-0.056963,-0.011380,1.000000;;
     }

     Frame Bip01_R_Calf {
      

      FrameTransformMatrix {
       0.946144,0.000000,-0.323746,0.000000,-0.000000,1.000000,0.000000,0.000000,0.323746,0.000000,0.946144,0.000000,0.237500,0.000000,0.000000,1.000000;;
      }

      Frame Bip01_R_Foot {
       

       FrameTransformMatrix {
        0.987673,0.148293,-0.050106,0.000000,-0.151207,0.986652,-0.060453,0.000000,0.040473,0.067284,0.996913,0.000000,0.206841,-0.000000,0.000000,1.000000;;
       }

       Frame Bip01_R_Toe0 {
        

        FrameTransformMatrix {
         -0.029522,-0.728314,0.684607,0.000000,-0.639476,0.540165,0.547075,0.000000,-0.768244,-0.421639,-0.481687,0.000000,0.065373,0.000000,0.066450,1.000000;;
        }

        Frame Bip01_R_Toe0Nub {
         

         FrameTransformMatrix {
          1.000000,0.000000,0.000000,0.000000,0.000000,1.000000,0.000000,0.000000,0.000000,-0.000000,1.000000,0.000000,0.006735,0.000000,0.000000,1.000000;;
         }
        }
       }
      }
     }
    }
   }

   Frame Bip01_DressFront {
    

    FrameTransformMatrix {
     -0.983318,0.040432,-0.177344,0.000000,0.037281,0.999083,0.021066,0.000000,0.178033,0.014103,-0.983924,0.000000,-0.043227,0.001461,0.056662,1.000000;;
    }

    Frame Bip01_DressFront02 {
     

     FrameTransformMatrix {
      0.999660,0.025930,-0.002552,0.000000,-0.025568,0.995096,0.095549,0.000000,0.005017,-0.095451,0.995422,0.000000,0.183324,0.000013,-0.000131,1.000000;;
     }

     Frame Bip01_DressFrontNub {
      

      FrameTransformMatrix {
       0.000796,0.000003,1.000000,0.000000,-0.000000,-1.000000,0.000003,0.000000,1.000000,0.000000,-0.000796,0.000000,0.165302,0.000000,0.000000,1.000000;;
      }
     }
    }
   }

   Frame Bip01_DressBack {
    

    FrameTransformMatrix {
     -0.990890,0.121831,0.057395,0.000000,0.127464,0.985981,0.107677,0.000000,-0.043472,0.114012,-0.992528,0.000000,-0.047726,-0.000016,-0.078280,1.000000;;
    }

    Frame Bip01_DressBack02 {
     

     FrameTransformMatrix {
      0.988615,0.121618,-0.088600,0.000000,-0.114029,0.989730,0.086211,0.000000,0.098175,-0.075127,0.992329,0.000000,0.176148,0.000008,-0.000108,1.000000;;
     }

     Frame Bip01_DressBackNub {
      

      FrameTransformMatrix {
       0.000796,0.000003,1.000000,0.000000,0.000000,-1.000000,0.000003,0.000000,1.000000,0.000000,-0.000796,0.000000,0.136508,0.000000,0.000000,1.000000;;
      }
     }
    }
   }
  }

  Frame Bip01_Prop1 {
   

   FrameTransformMatrix {
    0.422404,-0.045727,-0.905253,0.000000,0.725946,-0.580963,0.368083,0.000000,-0.542750,-0.812645,-0.212206,0.000000,0.040939,0.120939,-0.074975,1.000000;;
   }
  }

  Frame Bip01_Prop2 {
   

   FrameTransformMatrix {
    -0.073895,0.286878,0.955113,0.000000,0.997075,0.040016,0.065122,0.000000,-0.019538,0.957131,-0.288996,0.000000,0.136104,0.032881,0.178561,1.000000;;
   }
  }
 }
}

Frame Translation_Data {
 

 FrameTransformMatrix {
  1.000000,0.000000,0.000000,0.000000,0.000000,-0.000000,-1.000000,0.000000,0.000000,1.000000,-0.000000,0.000000,0.000000,0.000000,0.000000,1.000000;;
 }
}

Frame Body {
 

 FrameTransformMatrix {
  1.000000,0.000000,0.000000,0.000000,0.000000,1.000000,0.000000,0.000000,0.000000,0.000000,1.000000,0.000000,0.000000,0.000000,0.000000,1.000000;;
 }

 Mesh Body {
  617;
  -0.008727;0.028505;-0.250135;,
  -0.035734;0.027535;-0.239275;,
  -0.053294;0.037906;-0.266270;,
  0.005386;0.031168;-0.233902;,
  0.019330;0.045047;-0.226342;,
  0.005954;0.022256;-0.185816;,
  -0.015171;0.017173;-0.211195;,
  0.029598;0.062000;-0.198222;,
  -0.068883;0.071413;-0.285489;,
  -0.023162;0.107739;-0.279953;,
  -0.019486;0.069058;-0.276859;,
  -0.057074;0.107671;-0.274853;,
  0.071597;0.099599;-0.039816;,
  0.025287;0.117211;-0.038242;,
  0.030762;0.119640;-0.023901;,
  0.059223;0.100158;-0.051377;,
  0.058564;0.045359;-0.062500;,
  0.076621;0.057184;-0.033082;,
  0.035051;0.011461;-0.059199;,
  0.067184;0.022840;-0.014191;,
  0.041156;0.009732;-0.002195;,
  -0.040776;-0.000357;-0.169139;,
  -0.052199;0.002754;-0.200878;,
  -0.015859;0.111683;-0.028253;,
  -0.009889;0.115636;-0.013129;,
  -0.019835;0.141084;-0.141255;,
  -0.082387;0.132961;-0.167610;,
  -0.068605;0.129524;-0.126616;,
  -0.029685;0.145099;-0.186173;,
  0.076107;0.003533;0.031921;,
  0.162094;0.027130;0.105054;,
  0.131335;-0.007831;0.114383;,
  0.104154;0.045441;0.027029;,
  0.177943;-0.022096;0.198949;,
  0.196511;0.026805;0.192433;,
  0.033997;0.016015;0.056850;,
  0.084014;0.082146;0.154143;,
  0.019253;0.101047;0.084676;,
  0.087027;0.007331;0.141297;,
  0.142477;0.053868;0.219203;,
  0.148084;0.012194;0.218240;,
  0.154503;0.090278;0.117305;,
  0.100449;0.098477;0.058502;,
  0.176876;0.061751;0.198733;,
  0.283906;0.097196;0.446654;,
  0.225843;0.108487;0.458195;,
  0.252792;0.067854;0.460652;,
  0.251687;0.129227;0.447381;,
  0.199783;0.009557;0.252500;,
  0.248587;0.057489;0.306010;,
  0.229466;0.023604;0.318927;,
  0.220566;0.043849;0.238107;,
  0.272371;0.074132;0.380684;,
  0.266375;0.041600;0.389137;,
  0.165473;0.027102;0.285959;,
  0.182125;0.080961;0.324408;,
  0.146923;0.076813;0.268889;,
  0.198485;0.042328;0.333008;,
  0.232738;0.082301;0.383337;,
  0.246482;0.054623;0.400557;,
  0.236954;0.093359;0.298027;,
  0.206387;0.090531;0.230094;,
  0.251135;0.089314;0.369136;,
  0.087330;0.057268;-0.005115;,
  0.002524;-0.006260;0.009429;,
  0.033997;0.016015;0.056850;,
  0.007839;0.000990;0.045559;,
  0.087826;0.109642;0.010386;,
  0.037853;0.129387;0.024342;,
  0.093749;0.101551;0.051931;,
  0.047512;0.117355;0.065984;,
  -0.002925;0.129403;-0.092594;,
  0.014306;0.133685;-0.150803;,
  0.027851;0.121101;-0.160575;,
  0.036567;0.064801;-0.114792;,
  0.035434;0.068825;-0.167474;,
  0.032293;0.114280;-0.106199;,
  0.014511;0.025045;-0.159251;,
  0.023725;0.030538;-0.109602;,
  -0.034352;0.003154;-0.148394;,
  -0.018510;0.012145;-0.092366;,
  0.039198;0.020895;-0.211796;,
  0.087337;0.007207;-0.204039;,
  0.033297;0.073274;-0.200971;,
  0.138341;0.052146;-0.181596;,
  0.091329;0.063302;-0.183366;,
  0.136138;0.006372;-0.197663;,
  0.061844;0.091171;-0.251731;,
  0.091329;0.063302;-0.183366;,
  0.111614;0.083883;-0.242783;,
  0.166334;0.066253;-0.221682;,
  0.138341;0.052146;-0.181596;,
  0.062865;0.085818;-0.261667;,
  0.107359;0.027756;-0.263649;,
  0.060209;0.041926;-0.270659;,
  0.164306;0.020600;-0.237651;,
  0.046915;0.023028;-0.240642;,
  0.133830;-0.002751;-0.182274;,
  0.161318;0.024230;-0.112775;,
  0.136919;0.050757;-0.161592;,
  0.158103;-0.008996;-0.128042;,
  0.181132;0.010335;-0.081524;,
  0.181891;-0.015583;-0.084373;,
  0.136919;0.050757;-0.161592;,
  0.211111;0.023792;-0.140958;,
  0.192287;0.059490;-0.190831;,
  0.161318;0.024230;-0.112775;,
  0.217070;0.006723;-0.097287;,
  0.181132;0.010335;-0.081524;,
  0.208206;-0.001627;-0.152770;,
  0.189172;0.006302;-0.211482;,
  0.216324;-0.011526;-0.099282;,
  0.205302;-0.004079;0.044802;,
  0.241511;0.016123;0.005591;,
  0.200662;0.012228;0.030787;,
  0.245570;0.000021;0.019569;,
  0.185889;0.022980;-0.009538;,
  0.191552;0.011494;0.001254;,
  0.195481;0.019965;-0.004567;,
  0.178572;0.018027;-0.001920;,
  0.226581;0.017124;-0.063098;,
  0.185487;-0.003515;-0.023977;,
  0.237354;0.004404;-0.029662;,
  0.178374;0.017272;-0.050924;,
  0.239424;-0.014298;-0.023023;,
  0.227382;-0.020553;-0.066456;,
  0.176761;-0.021343;-0.054668;,
  0.189419;-0.022193;-0.018304;,
  0.017656;0.067880;-0.275810;,
  0.022735;0.038478;-0.274058;,
  -0.019486;0.069058;-0.276859;,
  -0.014825;0.045184;-0.270413;,
  0.007903;0.139107;-0.200709;,
  -0.050317;0.050505;-0.281398;,
  0.018253;0.020404;-0.251961;,
  0.005386;0.031168;-0.233902;,
  -0.008727;0.028505;-0.250135;,
  0.021606;0.033582;-0.220377;,
  0.005911;0.124631;-0.250239;,
  -0.038308;0.134019;-0.228052;,
  0.008580;0.120303;-0.254998;,
  -0.090775;0.121691;-0.206290;,
  -0.097011;0.089706;-0.256738;,
  -0.023162;0.107739;-0.279953;,
  0.008580;0.120303;-0.254998;,
  0.013248;0.069829;-0.220129;,
  0.015306;0.111293;-0.243413;,
  0.033297;0.073274;-0.200971;,
  0.020129;0.109674;-0.198897;,
  0.024824;0.075355;-0.194393;,
  0.019330;0.045047;-0.226342;,
  0.019563;0.126003;-0.202864;,
  0.178374;0.017272;-0.050924;,
  -0.056654;0.074722;-0.294148;,
  -0.072669;0.089419;-0.290199;,
  -0.097259;0.067298;-0.279624;,
  -0.099590;0.087380;-0.289376;,
  0.189419;-0.022193;-0.018304;,
  0.205302;-0.004079;0.044802;,
  0.245570;0.000021;0.019569;,
  0.179427;0.019492;-0.028093;,
  0.168847;0.003189;-0.010968;,
  0.179427;0.019492;-0.028093;,
  0.192944;0.010626;-0.020644;,
  0.185778;-0.011246;-0.011926;,
  0.185778;-0.011246;-0.011926;,
  0.185889;0.022980;-0.009538;,
  0.178572;0.018027;-0.001920;,
  0.191552;0.011494;0.001254;,
  0.332473;0.037130;0.425553;,
  0.343624;-0.010964;0.456331;,
  0.333797;-0.010112;0.438953;,
  0.346118;0.039470;0.444506;,
  0.222215;0.090968;0.427811;,
  0.252792;0.067854;0.460652;,
  0.225843;0.108487;0.458195;,
  0.247690;0.059795;0.437411;,
  0.232738;0.082301;0.383337;,
  0.252454;0.114876;0.412029;,
  0.251135;0.089314;0.369136;,
  0.283906;0.097196;0.446654;,
  0.251687;0.129227;0.447381;,
  0.278339;0.088584;0.413136;,
  0.266375;0.041600;0.389137;,
  0.272371;0.074132;0.380684;,
  0.307588;-0.017929;0.450192;,
  0.311235;-0.023899;0.466993;,
  0.346118;0.039470;0.444506;,
  0.311235;-0.023899;0.466993;,
  0.087027;0.007331;0.141297;,
  0.148084;0.012194;0.218240;,
  0.165473;0.027102;0.285959;,
  0.198485;0.042328;0.333008;,
  0.246482;0.054623;0.400557;,
  0.246482;0.054623;0.400557;,
  0.008009;0.048091;0.067589;,
  -0.042216;0.068256;-0.305947;,
  -0.046657;0.044009;-0.295153;,
  -0.038825;0.047353;-0.302469;,
  -0.057521;0.056590;-0.295391;,
  -0.062882;0.083913;-0.323435;,
  -0.081351;0.096985;-0.331833;,
  -0.070027;0.043429;-0.442094;,
  -0.071468;0.010058;-0.433916;,
  -0.087009;0.032920;-0.445183;,
  -0.027362;0.011867;-0.378596;,
  -0.038003;-0.002799;-0.376498;,
  -0.037189;0.016577;-0.406237;,
  -0.033776;0.047477;-0.323229;,
  -0.042053;0.074041;-0.333759;,
  -0.049216;0.074814;-0.316758;,
  -0.053254;0.088933;-0.368060;,
  -0.041727;0.070166;-0.378876;,
  -0.035211;0.037495;-0.413545;,
  -0.042234;0.064447;-0.415643;,
  -0.030749;0.045513;-0.375114;,
  -0.064389;0.101149;-0.371087;,
  -0.085041;0.112445;-0.377725;,
  -0.124000;0.100946;-0.375335;,
  -0.087670;0.098353;-0.424059;,
  -0.120941;0.089399;-0.423158;,
  -0.029042;0.046895;-0.352515;,
  -0.033475;0.030894;-0.313412;,
  -0.028329;0.019547;-0.347139;,
  -0.037434;0.013490;-0.288225;,
  -0.059619;0.012969;-0.280865;,
  -0.048549;-0.004832;-0.283614;,
  -0.047254;0.021390;-0.424888;,
  -0.052834;0.054410;-0.433309;,
  -0.064624;0.090534;-0.423188;,
  -0.072746;0.075675;-0.439775;,
  -0.091106;0.071782;-0.443747;,
  -0.107034;0.064503;-0.444602;,
  -0.114603;0.091500;-0.337432;,
  -0.064624;0.090534;-0.423188;,
  -0.072746;0.075675;-0.439775;,
  -0.036672;0.076824;-0.336942;,
  -0.041078;0.087584;-0.383096;,
  -0.039628;0.097413;-0.364259;,
  -0.042821;0.079691;-0.364186;,
  -0.039628;0.097413;-0.364259;,
  -0.036672;0.076824;-0.336942;,
  -0.041078;0.087584;-0.383096;,
  -0.041727;0.070166;-0.378876;,
  -0.035715;0.065019;-0.354986;,
  -0.042053;0.074041;-0.333759;,
  -0.030402;0.019150;-0.369296;,
  -0.035715;0.065019;-0.354986;,
  -0.050317;0.050505;-0.281398;,
  -0.056654;0.074722;-0.294148;,
  -0.014825;0.045184;-0.270413;,
  -0.062882;0.083913;-0.323435;,
  -0.070475;0.013262;-0.248108;,
  -0.062221;0.010269;-0.224922;,
  -0.006290;0.002394;-0.049739;,
  -0.003075;0.125691;0.033530;,
  0.002844;0.116305;0.065988;,
  0.014240;0.102689;0.089773;,
  -0.073495;0.024527;-0.288846;,
  0.008009;0.048091;0.067589;,
  -0.091106;0.071782;-0.443747;,
  -0.107034;0.064503;-0.444602;,
  -0.036780;0.009150;-0.319919;,
  -0.041364;-0.000875;-0.342285;,
  -0.040243;-0.000930;-0.332696;,
  -0.064117;-0.000250;-0.424989;,
  -0.055267;-0.011186;-0.403789;,
  -0.043920;0.003941;-0.367062;,
  -0.046730;0.118197;-0.078440;,
  -0.014825;0.045184;-0.270413;,
  0.343624;-0.010964;0.456331;,
  -0.039404;-0.000909;-0.310999;,
  -0.036838;0.009061;-0.313307;,
  -0.041899;0.002021;-0.315615;,
  -0.048241;-0.011987;-0.330977;,
  -0.043988;-0.019932;-0.339893;,
  -0.039889;-0.002192;-0.319725;,
  -0.051473;-0.004661;-0.315059;,
  -0.047777;-0.009562;-0.308586;,
  -0.048644;-0.017466;-0.374401;,
  -0.049898;-0.014151;-0.364868;,
  0.015306;0.111293;-0.243413;,
  -0.047515;-0.011457;-0.319113;,
  0.005710;0.086142;-0.223548;,
  0.013248;0.069829;-0.220129;,
  0.019330;0.045047;-0.226342;,
  -0.064389;0.101149;-0.371087;,
  0.199783;0.009557;0.252500;,
  0.156562;0.001457;0.339459;,
  0.122460;-0.010190;0.270644;,
  0.229466;0.023604;0.318927;,
  0.177943;-0.022096;0.198949;,
  0.112514;-0.023951;0.214358;,
  0.131335;-0.007831;0.114383;,
  0.066083;-0.015757;0.132715;,
  0.076107;0.003533;0.031921;,
  0.030885;-0.013003;0.051739;,
  0.041156;0.009732;-0.002195;,
  0.181492;0.005680;0.407409;,
  0.266375;0.041600;0.389137;,
  0.179584;0.100848;0.330317;,
  0.121881;0.065122;0.423957;,
  0.212039;0.109440;0.391391;,
  0.096749;0.074888;0.357713;,
  0.073152;0.077397;0.295123;,
  0.147974;0.091371;0.267802;,
  0.050878;0.085462;0.240984;,
  0.131216;0.081865;0.226130;,
  0.080964;0.096468;0.157227;,
  0.029855;0.102141;0.159945;,
  0.009903;0.112188;0.092497;,
  0.005710;0.086142;-0.223548;,
  -0.133814;0.000385;-0.221772;,
  -0.096532;0.008701;-0.219819;,
  -0.137507;-0.003707;-0.198859;,
  -0.104710;0.022151;-0.250561;,
  -0.135731;-0.002589;-0.178772;,
  -0.092533;-0.008871;-0.154244;,
  -0.135707;0.009756;-0.145231;,
  -0.089933;-0.005986;-0.187270;,
  -0.122140;0.055183;-0.269603;,
  -0.168956;0.066135;-0.236347;,
  -0.142689;0.081150;-0.247456;,
  -0.152251;0.040081;-0.246998;,
  -0.092555;0.087790;-0.013300;,
  -0.057877;0.107084;-0.022304;,
  -0.089160;0.082089;-0.022940;,
  -0.052007;0.113686;-0.010531;,
  -0.079557;0.028540;-0.036030;,
  -0.089248;0.045252;-0.006288;,
  -0.049131;0.001210;-0.043066;,
  -0.068690;0.012389;0.008494;,
  -0.039637;0.003921;0.010856;,
  -0.015859;0.111683;-0.028253;,
  -0.009889;0.115636;-0.013129;,
  -0.114548;0.110392;-0.110826;,
  -0.082387;0.132961;-0.167610;,
  -0.133612;0.112253;-0.152858;,
  -0.068605;0.129524;-0.126616;,
  -0.036786;-0.001167;0.056481;,
  -0.067533;0.002471;0.165747;,
  -0.079814;0.022496;0.067559;,
  -0.022749;-0.009406;0.155316;,
  -0.005981;-0.017850;0.250551;,
  -0.048830;0.012224;0.257281;,
  0.002556;0.038812;0.053394;,
  -0.021467;0.099451;0.163335;,
  0.011853;0.031992;0.152823;,
  -0.004588;0.099332;0.088528;,
  -0.014287;0.068142;0.249920;,
  0.004562;0.030467;0.250864;,
  -0.091550;0.062195;0.172930;,
  -0.087938;0.078119;0.093187;,
  -0.051864;0.052486;0.252623;,
  -0.046897;0.082624;0.519581;,
  -0.024568;0.137987;0.511312;,
  -0.057119;0.125683;0.509284;,
  -0.003869;0.095348;0.523006;,
  -0.012119;0.012866;0.307986;,
  -0.045333;0.043996;0.381948;,
  -0.052129;0.027435;0.309411;,
  -0.007392;0.028560;0.380252;,
  -0.034030;0.064840;0.456671;,
  -0.005301;0.045913;0.459442;,
  0.017721;0.053194;0.317350;,
  -0.004442;0.100586;0.361159;,
  0.010065;0.062930;0.375503;,
  -0.005573;0.098790;0.295325;,
  -0.012388;0.096256;0.440484;,
  0.000491;0.076219;0.464343;,
  -0.061202;0.077247;0.370621;,
  -0.072265;0.070900;0.297174;,
  -0.034496;0.086314;0.437275;,
  -0.090558;0.044471;0.023620;,
  0.002556;0.038812;0.053394;,
  -0.093475;0.096600;0.039672;,
  -0.044915;0.123433;0.037712;,
  -0.086271;0.084287;0.083065;,
  -0.044519;0.113645;0.077329;,
  -0.089903;0.103129;-0.066104;,
  -0.138032;0.084319;-0.101861;,
  -0.145385;0.064962;-0.104919;,
  -0.095057;0.025040;-0.074705;,
  -0.113285;0.070304;-0.061862;,
  -0.126023;0.016504;-0.115601;,
  -0.084463;-0.007028;-0.127453;,
  -0.065878;0.003470;-0.082313;,
  -0.154947;-0.008413;-0.175253;,
  -0.146288;0.044621;-0.178091;,
  -0.176583;-0.019799;-0.130900;,
  -0.204607;0.030816;-0.087676;,
  -0.211460;-0.016788;-0.093543;,
  -0.166212;0.038253;-0.120302;,
  -0.205109;0.057897;-0.186792;,
  -0.227196;0.053046;-0.140979;,
  -0.166212;0.038253;-0.120302;,
  -0.234528;0.037285;-0.073201;,
  -0.204607;0.030816;-0.087676;,
  -0.213300;0.051559;-0.191392;,
  -0.237562;-0.005067;-0.151900;,
  -0.215952;0.006906;-0.195059;,
  -0.241254;-0.010216;-0.078754;,
  -0.182753;-0.009106;-0.186322;,
  -0.201269;-0.019513;-0.116553;,
  -0.132958;0.020946;-0.113313;,
  -0.141730;-0.014607;-0.115841;,
  -0.191480;0.036979;-0.112916;,
  -0.093952;0.011752;-0.111128;,
  -0.091884;-0.012733;-0.111367;,
  -0.191480;0.036979;-0.112916;,
  -0.138070;0.010218;-0.057342;,
  -0.132958;0.020946;-0.113313;,
  -0.198217;0.034694;-0.050754;,
  -0.092724;0.006720;-0.072595;,
  -0.093952;0.011752;-0.111128;,
  -0.145078;-0.016980;-0.059633;,
  -0.207904;-0.021458;-0.054605;,
  -0.092046;-0.014004;-0.073788;,
  0.028645;0.004596;-0.147384;,
  0.003468;0.026460;-0.101071;,
  0.022161;0.015433;-0.101388;,
  0.009618;0.015633;-0.147586;,
  -0.027490;0.017706;-0.145613;,
  -0.014502;0.007544;-0.142700;,
  -0.023500;0.010764;-0.154097;,
  -0.018620;0.016968;-0.138788;,
  -0.057280;0.024474;-0.085400;,
  -0.038672;-0.007410;-0.133173;,
  -0.067456;0.012078;-0.132463;,
  -0.021668;0.013426;-0.087764;,
  -0.013445;-0.004435;-0.084377;,
  -0.057184;-0.011634;-0.074102;,
  -0.068694;-0.025523;-0.122854;,
  -0.030502;-0.024743;-0.127756;,
  -0.180195;0.035799;-0.240933;,
  -0.176519;0.006139;-0.240083;,
  -0.152251;0.040081;-0.246998;,
  -0.142802;0.019115;-0.243092;,
  -0.163151;0.085046;-0.145876;,
  -0.121406;0.028921;-0.260544;,
  -0.161322;-0.010181;-0.222299;,
  -0.137507;-0.003707;-0.198859;,
  -0.154160;0.001996;-0.195274;,
  -0.133814;0.000385;-0.221772;,
  -0.181186;0.070934;-0.192722;,
  -0.183706;0.065709;-0.196137;,
  -0.143868;0.101319;-0.194272;,
  -0.090775;0.121691;-0.206290;,
  -0.097011;0.089706;-0.256738;,
  -0.168956;0.066135;-0.236347;,
  -0.183706;0.065709;-0.196137;,
  -0.145782;0.024869;-0.174802;,
  -0.146288;0.044621;-0.178091;,
  -0.178622;0.058741;-0.187428;,
  -0.154825;0.054381;-0.142813;,
  -0.137503;0.024052;-0.142357;,
  -0.135731;-0.002589;-0.178772;,
  -0.165149;0.067626;-0.143652;,
  -0.067456;0.012078;-0.132463;,
  -0.121037;0.049060;-0.292543;,
  -0.120300;0.070434;-0.289012;,
  -0.097259;0.067298;-0.279624;,
  -0.099590;0.087380;-0.289376;,
  -0.030502;-0.024743;-0.127756;,
  0.028645;0.004596;-0.147384;,
  0.022161;0.015433;-0.101388;,
  -0.046693;0.013513;-0.142164;,
  -0.034777;-0.005629;-0.154915;,
  -0.046693;0.013513;-0.142164;,
  -0.033458;0.007987;-0.131624;,
  -0.027177;-0.015333;-0.136367;,
  -0.027177;-0.015333;-0.136367;,
  -0.027490;0.017706;-0.145613;,
  -0.023500;0.010764;-0.154097;,
  -0.014502;0.007544;-0.142700;,
  -0.024915;0.005694;0.516361;,
  0.014912;-0.020472;0.549735;,
  -0.030751;0.001502;0.538706;,
  0.016361;-0.017133;0.530087;,
  -0.013032;0.122802;0.481654;,
  -0.003869;0.095348;0.523006;,
  0.001662;0.088466;0.499486;,
  -0.024568;0.137987;0.511312;,
  -0.012388;0.096256;0.440484;,
  -0.051336;0.107329;0.476330;,
  -0.034496;0.086314;0.437275;,
  -0.046897;0.082624;0.519581;,
  -0.042373;0.072910;0.486207;,
  -0.057119;0.125683;0.509284;,
  -0.005301;0.045913;0.459442;,
  -0.034030;0.064840;0.456671;,
  0.038303;0.002572;0.532224;,
  0.044245;0.001196;0.549371;,
  -0.030751;0.001502;0.538706;,
  0.044245;0.001196;0.549371;,
  0.011853;0.031992;0.152823;,
  0.004562;0.030467;0.250864;,
  0.017721;0.053194;0.317350;,
  0.010065;0.062930;0.375503;,
  0.000491;0.076219;0.464343;,
  0.000491;0.076219;0.464343;,
  -0.119821;0.018924;-0.299001;,
  -0.094773;0.013423;-0.290846;,
  -0.107394;0.036712;-0.294149;,
  -0.101971;0.007212;-0.296817;,
  -0.127530;0.042817;-0.317648;,
  -0.132675;0.064359;-0.327239;,
  -0.103150;0.022373;-0.439129;,
  -0.087009;0.032920;-0.445183;,
  -0.084446;-0.024420;-0.373487;,
  -0.088100;-0.015786;-0.401680;,
  -0.066545;-0.020943;-0.373944;,
  -0.106817;0.001046;-0.316691;,
  -0.128623;0.019011;-0.326010;,
  -0.124181;0.027160;-0.310048;,
  -0.141716;0.032700;-0.360142;,
  -0.130990;0.013424;-0.370886;,
  -0.108683;-0.009209;-0.406968;,
  -0.112887;-0.006701;-0.367761;,
  -0.130290;0.008471;-0.407761;,
  -0.148462;0.047705;-0.363561;,
  -0.150876;0.070595;-0.371832;,
  -0.124000;0.100946;-0.375335;,
  -0.142968;0.063201;-0.419109;,
  -0.120941;0.089399;-0.423158;,
  -0.111977;-0.005825;-0.345092;,
  -0.086970;-0.017729;-0.341890;,
  -0.090768;-0.005526;-0.308284;,
  -0.070257;-0.007374;-0.285287;,
  -0.090606;-0.006169;-0.421008;,
  -0.119081;0.012298;-0.427379;,
  -0.145412;0.039178;-0.415957;,
  -0.130756;0.038800;-0.434582;,
  -0.107034;0.064503;-0.444602;,
  -0.120110;0.053344;-0.441151;,
  -0.114603;0.091500;-0.337432;,
  -0.145412;0.039178;-0.415957;,
  -0.130756;0.038800;-0.434582;,
  -0.133772;0.015099;-0.328251;,
  -0.147477;0.019948;-0.373572;,
  -0.137247;0.019666;-0.355734;,
  -0.154542;0.024364;-0.353973;,
  -0.154542;0.024364;-0.353973;,
  -0.133772;0.015099;-0.328251;,
  -0.147477;0.019948;-0.373572;,
  -0.130990;0.013424;-0.370886;,
  -0.125830;0.007735;-0.346920;,
  -0.128623;0.019011;-0.326010;,
  -0.088558;-0.017819;-0.364090;,
  -0.125830;0.007735;-0.346920;,
  -0.121406;0.028921;-0.260544;,
  -0.121037;0.049060;-0.292543;,
  -0.142802;0.019115;-0.243092;,
  -0.127530;0.042817;-0.317648;,
  -0.003075;0.125691;0.033530;,
  0.002844;0.116305;0.065988;,
  0.014240;0.102689;0.089773;,
  0.008009;0.048091;0.067589;,
  -0.120110;0.053344;-0.441151;,
  -0.107034;0.064503;-0.444602;,
  -0.070640;-0.012374;-0.316888;,
  -0.062541;-0.014337;-0.340390;,
  -0.061742;-0.014597;-0.330771;,
  -0.068954;-0.011973;-0.364821;,
  -0.046730;0.118197;-0.078440;,
  -0.142802;0.019115;-0.243092;,
  0.014912;-0.020472;0.549735;,
  -0.069697;-0.011828;-0.310366;,
  -0.059360;-0.013595;-0.309213;,
  -0.061545;-0.010467;-0.313857;,
  -0.059110;-0.014410;-0.318005;,
  -0.178622;0.058741;-0.187428;,
  -0.148634;0.042418;-0.179616;,
  -0.145782;0.024869;-0.174802;,
  -0.135731;-0.002589;-0.178772;,
  -0.148462;0.047705;-0.363561;,
  0.034154;0.002020;0.291395;,
  0.091161;-0.000821;0.354784;,
  0.036836;0.009958;0.368162;,
  0.072507;-0.004355;0.279615;,
  0.024826;-0.007900;0.235480;,
  0.057384;-0.011505;0.224959;,
  0.018707;0.000565;0.141644;,
  0.036262;-0.007208;0.137114;,
  0.008322;0.001144;0.052978;,
  0.016311;-0.008330;0.053729;,
  0.002524;-0.006260;0.009429;,
  -0.039637;0.003921;0.010856;,
  0.107851;-0.001604;0.418822;,
  0.046190;0.014663;0.439678;,
  0.005555;0.127390;0.438851;,
  -0.061202;0.077247;0.370621;,
  -0.034483;0.086320;0.437273;,
  -0.003555;0.115433;0.365982;,
  -0.072265;0.070900;0.297174;,
  -0.018441;0.109960;0.298536;,
  -0.020506;0.102291;0.249156;,
  -0.051864;0.052486;0.252623;,
  -0.091550;0.062195;0.172930;,
  -0.026502;0.116068;0.165563;,
  0.002844;0.116305;0.065988;,
  -0.044519;0.113645;0.077329;,
  -0.148634;0.042418;-0.179616;,
  -0.036786;-0.001167;0.056481;,
  -0.022749;-0.009406;0.155316;,
  -0.005981;-0.017850;0.250551;,
  -0.012119;0.012866;0.307986;,
  -0.007392;0.028560;0.380252;,
  -0.005301;0.045913;0.459442;,
  0.154503;0.090278;0.117305;,
  0.047512;0.117355;0.065984;,
  0.100449;0.098477;0.058502;,
  0.176876;0.061751;0.198733;,
  0.206387;0.090531;0.230094;,
  0.236954;0.093359;0.298027;,
  0.251135;0.089314;0.369136;,
  -0.087938;0.078119;0.093187;;
  916;
  3;0,1,2;,
  3;1,0,3;,
  3;4,5,6;,
  3;5,4,7;,
  3;8,9,10;,
  3;9,8,11;,
  3;12,13,14;,
  3;13,12,15;,
  3;16,12,17;,
  3;12,16,15;,
  3;18,19,20;,
  3;19,18,16;,
  3;6,21,22;,
  3;21,6,5;,
  3;14,23,24;,
  3;23,14,13;,
  3;25,26,27;,
  3;26,25,28;,
  3;29,30,31;,
  3;30,29,32;,
  3;30,33,31;,
  3;33,30,34;,
  3;35,36,37;,
  3;36,35,38;,
  3;38,39,36;,
  3;39,38,40;,
  3;37,41,42;,
  3;41,37,36;,
  3;36,43,41;,
  3;43,36,39;,
  3;42,30,32;,
  3;30,42,41;,
  3;41,34,30;,
  3;34,41,43;,
  3;44,45,46;,
  3;45,44,47;,
  3;48,49,50;,
  3;49,48,51;,
  3;50,52,53;,
  3;52,50,49;,
  3;54,55,56;,
  3;55,54,57;,
  3;57,58,55;,
  3;58,57,59;,
  3;56,60,61;,
  3;60,56,55;,
  3;55,62,60;,
  3;62,55,58;,
  3;61,49,51;,
  3;49,61,60;,
  3;60,52,49;,
  3;52,60,62;,
  3;32,19,63;,
  3;19,32,29;,
  3;64,65,66;,
  3;65,64,20;,
  3;14,67,12;,
  3;67,14,68;,
  3;68,69,67;,
  3;69,68,70;,
  3;70,42,69;,
  3;42,70,37;,
  3;48,34,51;,
  3;34,48,33;,
  3;51,43,61;,
  3;43,51,34;,
  3;43,56,61;,
  3;56,43,39;,
  3;39,54,56;,
  3;54,39,40;,
  3;12,63,17;,
  3;63,12,67;,
  3;67,32,63;,
  3;32,67,69;,
  3;69,42,32;,
  3;71,72,25;,
  3;73,74,75;,
  3;74,73,76;,
  3;74,77,75;,
  3;77,74,78;,
  3;79,78,80;,
  3;78,79,77;,
  3;81,82,83;,
  3;82,84,85;,
  3;84,82,86;,
  3;87,88,89;,
  3;88,90,89;,
  3;90,88,91;,
  3;92,93,94;,
  3;92,89,93;,
  3;92,87,89;,
  3;89,95,93;,
  3;95,89,90;,
  3;96,93,82;,
  3;93,86,82;,
  3;86,93,95;,
  3;97,98,99;,
  3;98,97,100;,
  3;100,101,98;,
  3;101,100,102;,
  3;103,104,105;,
  3;104,103,106;,
  3;106,107,104;,
  3;107,106,108;,
  3;105,109,110;,
  3;109,105,104;,
  3;104,111,109;,
  3;111,104,107;,
  3;110,100,97;,
  3;100,110,109;,
  3;109,102,100;,
  3;102,109,111;,
  3;112,113,114;,
  3;113,112,115;,
  3;116,117,118;,
  3;117,116,119;,
  3;120,121,122;,
  3;121,120,123;,
  3;120,124,125;,
  3;124,120,122;,
  3;126,124,127;,
  3;124,126,125;,
  3;95,97,86;,
  3;97,95,110;,
  3;86,99,84;,
  3;99,86,97;,
  3;90,103,105;,
  3;103,90,91;,
  3;105,95,90;,
  3;95,105,110;,
  3;128,96,129;,
  3;96,128,94;,
  3;129,130,128;,
  3;130,129,131;,
  3;72,28,25;,
  3;28,72,132;,
  3;10,133,8;,
  3;134,135,136;,
  3;135,134,137;,
  3;81,137,134;,
  3;138,11,139;,
  3;138,9,11;,
  3;138,140,9;,
  3;141,11,142;,
  3;11,141,139;,
  3;128,130,143;,
  3;94,144,92;,
  3;94,143,144;,
  3;94,128,143;,
  3;145,87,146;,
  3;87,145,147;,
  3;75,148,73;,
  3;148,75,149;,
  3;150,147,145;,
  3;7,149,75;,
  3;148,151,73;,
  3;102,152,101;,
  3;152,102,126;,
  3;102,125,126;,
  3;125,102,111;,
  3;111,120,125;,
  3;120,111,107;,
  3;120,108,123;,
  3;108,120,107;,
  3;8,153,154;,
  3;153,8,133;,
  3;154,155,8;,
  3;155,154,156;,
  3;122,114,113;,
  3;114,122,121;,
  3;121,112,114;,
  3;112,121,157;,
  3;158,124,159;,
  3;124,158,127;,
  3;159,122,113;,
  3;122,159,124;,
  3;126,160,152;,
  3;160,126,161;,
  3;162,121,123;,
  3;121,162,163;,
  3;121,164,157;,
  3;164,121,163;,
  3;165,126,127;,
  3;126,165,161;,
  3;161,166,160;,
  3;166,161,167;,
  3;162,118,163;,
  3;118,162,116;,
  3;163,117,164;,
  3;117,163,118;,
  3;165,167,161;,
  3;167,165,168;,
  3;169,170,171;,
  3;170,169,172;,
  3;173,174,175;,
  3;174,173,176;,
  3;177,178,179;,
  3;178,177,173;,
  3;180,178,181;,
  3;178,180,182;,
  3;183,169,171;,
  3;169,183,184;,
  3;174,185,186;,
  3;185,174,176;,
  3;46,187,44;,
  3;187,46,188;,
  3;180,169,182;,
  3;169,180,172;,
  3;20,29,65;,
  3;19,29,20;,
  3;29,31,189;,
  3;31,190,189;,
  3;190,31,33;,
  3;33,191,190;,
  3;191,33,48;,
  3;191,50,192;,
  3;50,191,48;,
  3;192,53,193;,
  3;53,192,50;,
  3;194,171,185;,
  3;171,194,183;,
  3;171,186,185;,
  3;186,171,170;,
  3;185,176,194;,
  3;194,173,177;,
  3;173,194,176;,
  3;178,175,181;,
  3;175,178,173;,
  3;179,182,184;,
  3;182,179,178;,
  3;182,169,184;,
  3;16,17,19;,
  3;17,63,19;,
  3;65,195,66;,
  3;196,197,198;,
  3;197,196,199;,
  3;200,154,153;,
  3;154,200,201;,
  3;202,203,204;,
  3;205,206,207;,
  3;196,208,209;,
  3;208,196,198;,
  3;210,209,211;,
  3;209,210,196;,
  3;212,213,214;,
  3;213,212,215;,
  3;212,214,211;,
  3;201,216,217;,
  3;216,201,200;,
  3;218,219,220;,
  3;219,218,217;,
  3;210,199,196;,
  3;213,205,207;,
  3;221,222,223;,
  3;198,197,224;,
  3;224,225,226;,
  3;225,224,197;,
  3;227,213,207;,
  3;228,229,214;,
  3;229,228,230;,
  3;220,231,232;,
  3;213,228,214;,
  3;156,201,233;,
  3;201,156,154;,
  3;233,217,218;,
  3;217,233,201;,
  3;219,217,234;,
  3;235,219,234;,
  3;236,237,238;,
  3;237,236,239;,
  3;209,240,211;,
  3;240,209,241;,
  3;211,242,212;,
  3;242,211,240;,
  3;243,239,244;,
