xof 0303txt 0032
template ColorRGBA {
 <35ff44e0-6c7c-11cf-8f52-0040333594a3>
 FLOAT red;
 FLOAT green;
 FLOAT blue;
 FLOAT alpha;
}

template ColorRGB {
 <d3e16e81-7835-11cf-8f52-0040333594a3>
 FLOAT red;
 FLOAT green;
 FLOAT blue;
}

template Material {
 <3d82ab4d-62da-11cf-ab39-0020af71e433>
 ColorRGBA faceColor;
 FLOAT power;
 ColorRGB specularColor;
 ColorRGB emissiveColor;
 [...]
}

template TextureFilename {
 <a42790e1-7810-11cf-8f52-0040333594a3>
 STRING filename;
}

template Frame {
 <3d82ab46-62da-11cf-ab39-0020af71e433>
 [...]
}

template Matrix4x4 {
 <f6f23f45-7686-11cf-8f52-0040333594a3>
 array FLOAT matrix[16];
}

template FrameTransformMatrix {
 <f6f23f41-7686-11cf-8f52-0040333594a3>
 Matrix4x4 frameMatrix;
}

template Vector {
 <3d82ab5e-62da-11cf-ab39-0020af71e433>
 FLOAT x;
 FLOAT y;
 FLOAT z;
}

template MeshFace {
 <3d82ab5f-62da-11cf-ab39-0020af71e433>
 DWORD nFaceVertexIndices;
 array DWORD faceVertexIndices[nFaceVertexIndices];
}

template Mesh {
 <3d82ab44-62da-11cf-ab39-0020af71e433>
 DWORD nVertices;
 array Vector vertices[nVertices];
 DWORD nFaces;
 array MeshFace faces[nFaces];
 [...]
}

template MeshNormals {
 <f6f23f43-7686-11cf-8f52-0040333594a3>
 DWORD nNormals;
 array Vector normals[nNormals];
 DWORD nFaceNormals;
 array MeshFace faceNormals[nFaceNormals];
}

template MeshMaterialList {
 <f6f23f42-7686-11cf-8f52-0040333594a3>
 DWORD nMaterials;
 DWORD nFaceIndexes;
 array DWORD faceIndexes[nFaceIndexes];
 [Material <3d82ab4d-62da-11cf-ab39-0020af71e433>]
}

template Coords2d {
 <f6f23f44-7686-11cf-8f52-0040333594a3>
 FLOAT u;
 FLOAT v;
}

template MeshTextureCoords {
 <f6f23f40-7686-11cf-8f52-0040333594a3>
 DWORD nTextureCoords;
 array Coords2d textureCoords[nTextureCoords];
}

template XSkinMeshHeader {
 <3cf169ce-ff7c-44ab-93c0-f78f62d172e2>
 WORD nMaxSkinWeightsPerVertex;
 WORD nMaxSkinWeightsPerFace;
 WORD nBones;
}

template SkinWeights {
 <6f0d123b-bad2-4167-a0d0-80224f25fabb>
 STRING transformNodeName;
 DWORD nWeights;
 array DWORD vertexIndices[nWeights];
 array FLOAT weights[nWeights];
 Matrix4x4 matrixOffset;
}

template AnimTicksPerSecond {
 <9e415a43-7ba6-4a73-8743-b73d47e88476>
 DWORD AnimTicksPerSecond;
}

template Animation {
 <3d82ab4f-62da-11cf-ab39-0020af71e433>
 [...]
}

template AnimationSet {
 <3d82ab50-62da-11cf-ab39-0020af71e433>
 [Animation <3d82ab4f-62da-11cf-ab39-0020af71e433>]
}

template FloatKeys {
 <10dd46a9-775b-11cf-8f52-0040333594a3>
 DWORD nValues;
 array FLOAT values[nValues];
}

template TimedFloatKeys {
 <f406b180-7b3b-11cf-8f52-0040333594a3>
 DWORD time;
 FloatKeys tfkeys;
}

template AnimationKey {
 <10dd46a8-775b-11cf-8f52-0040333594a3>
 DWORD keyType;
 DWORD nKeys;
 array TimedFloatKeys keys[nKeys];
}


Material Material__180 {
 1.000000;1.000000;1.000000;1.000000;;
 9.999999;
 0.000000;0.000000;0.000000;;
 0.000000;0.000000;0.000000;;

 TextureFilename {
  "ALICEpack.png";
 }
}

Frame Dummy01 {
 

 FrameTransformMatrix {
  1.000000,0.000000,0.000000,0.000000,0.000000,-0.000000,-1.000000,0.000000,0.000000,1.000000,-0.000000,0.000000,0.000000,0.000000,0.000000,1.000000;;
 }

 Frame Bip01 {
  

  FrameTransformMatrix {
   -0.087155,0.982405,-0.165183,0.000000,-0.000001,0.165814,0.986157,0.000000,0.996195,0.085949,-0.014450,0.000000,-0.010000,-0.012284,0.490453,1.000000;;
  }

  Frame Bip01_Pelvis {
   

   FrameTransformMatrix {
    0.000000,1.000000,-0.000001,0.000000,-0.000001,0.000001,1.000000,0.000000,1.000000,0.000000,0.000001,0.000000,0.000000,0.000000,0.000000,1.000000;;
   }

   Frame Bip01_Spine {
    

    FrameTransformMatrix {
     0.984686,0.000002,-0.174337,0.000000,-0.000001,1.000000,0.000004,0.000000,0.174337,-0.000004,0.984686,0.000000,0.051619,0.000000,-0.000083,1.000000;;
    }

    Frame Bip01_Spine1 {
     

     FrameTransformMatrix {
      0.997819,0.052687,0.039774,0.000000,-0.044862,0.983198,-0.176942,0.000000,-0.048428,0.174771,0.983417,0.000000,0.106484,-0.000015,-0.000083,1.000000;;
     }

     Frame Bip01_Neck {
      

      FrameTransformMatrix {
       0.966067,-0.020835,0.257451,0.000000,0.025191,0.999590,-0.013632,0.000000,-0.257061,0.019655,0.966195,0.000000,0.130511,-0.000001,0.004626,1.000000;;
      }

      Frame Bip01_Head {
       

       FrameTransformMatrix {
        0.989321,-0.051753,-0.136255,0.000000,0.064251,0.993958,0.088989,0.000000,0.130826,-0.096793,0.986669,0.000000,0.033674,-0.000000,-0.000000,1.000000;;
       }
      }

      Frame Bip01_L_Clavicle {
       

       FrameTransformMatrix {
        -0.205975,0.976135,0.068811,0.000000,0.943873,0.216738,-0.249254,0.000000,-0.258220,0.013609,-0.965990,0.000000,-0.024734,0.015166,0.002017,1.000000;;
       }

       Frame Bip01_L_UpperArm {
        

        FrameTransformMatrix {
         0.385871,-0.777669,0.496320,0.000000,0.922466,0.332598,-0.196046,0.000000,-0.012616,0.533487,0.845714,0.000000,0.087086,-0.000000,-0.000000,1.000000;;
        }

        Frame Bip01_L_Forearm {
         

         FrameTransformMatrix {
          0.943939,0.000000,-0.330119,0.000000,0.000000,1.000000,-0.000000,0.000000,0.330119,-0.000000,0.943939,0.000000,0.137062,0.000000,0.000000,1.000000;;
         }

         Frame Bip01_L_Hand {
          

          FrameTransformMatrix {
           1.000000,-0.000000,0.000000,0.000000,0.000000,0.000796,1.000000,0.000000,0.000000,-1.000000,0.000796,0.000000,0.137062,0.000000,0.000000,1.000000;;
          }

          Frame Bip01_L_Finger0 {
           

           FrameTransformMatrix {
            0.690342,-0.181727,0.700288,0.000000,0.558537,0.749101,-0.356210,0.000000,-0.459853,0.637043,0.618637,0.000000,0.057681,-0.023605,-0.000272,1.000000;;
           }

           Frame Bip01_L_Finger0Nub {
            

            FrameTransformMatrix {
             1.000000,0.000000,0.000000,0.000000,0.000000,1.000000,0.000000,0.000000,-0.000000,0.000000,1.000000,0.000000,0.029435,-0.000000,-0.000000,1.000000;;
            }
           }
          }

          Frame Bip01_L_Finger1 {
           

           FrameTransformMatrix {
            0.728079,-0.000546,0.685493,0.000000,0.000000,1.000000,0.000796,0.000000,-0.685493,-0.000580,0.728079,0.000000,0.084102,0.000000,0.000000,1.000000;;
           }

           Frame Bip01_L_Finger1Nub {
            

            FrameTransformMatrix {
             1.000000,0.000000,0.000000,0.000000,-0.000000,1.000000,-0.000000,0.000000,-0.000000,0.000000,1.000000,0.000000,0.047988,0.000000,-0.000000,1.000000;;
            }
           }
          }
         }
        }
       }
      }

      Frame Bip01_R_Clavicle {
       

       FrameTransformMatrix {
        -0.028509,-0.999573,-0.006461,0.000000,-0.965665,0.025871,0.258498,0.000000,-0.258220,0.013609,-0.965990,0.000000,-0.024080,-0.016250,0.001399,1.000000;;
       }

       Frame Bip01_R_UpperArm {
        

        FrameTransformMatrix {
         0.221390,0.975047,0.016433,0.000000,-0.974986,0.221654,-0.016512,0.000000,-0.019742,-0.012366,0.999729,0.000000,0.087086,0.000000,0.000000,1.000000;;
        }

        Frame Bip01_R_Forearm {
         

         FrameTransformMatrix {
          0.915660,-0.000000,-0.401954,0.000000,-0.000000,1.000000,-0.000000,0.000000,0.401954,-0.000000,0.915660,0.000000,0.137062,0.000000,0.000000,1.000000;;
         }

         Frame Bip01_R_Hand {
          

          FrameTransformMatrix {
           0.975195,-0.000000,-0.221346,0.000000,-0.221346,0.000796,-0.975195,0.000000,0.000176,1.000000,0.000777,0.000000,0.137062,-0.000000,0.000000,1.000000;;
          }

          Frame Bip01_R_Finger0 {
           

           FrameTransformMatrix {
            0.417774,-0.116941,0.900994,0.000000,-0.558537,0.749101,0.356210,0.000000,-0.716591,-0.652054,0.247639,0.000000,0.057681,0.023605,-0.000272,1.000000;;
           }
          }

          Frame Bip01_R_Finger1 {
           

           FrameTransformMatrix {
            0.352436,0.000745,0.935835,0.000000,0.000000,1.000000,-0.000796,0.000000,-0.935836,0.000281,0.352436,0.000000,0.084102,0.000000,0.000000,1.000000;;
           }
          }
         }
        }
       }
      }
     }

     Frame Bip01_BackPack {
      

      FrameTransformMatrix {
       0.180560,0.080500,-0.980264,0.000000,0.047560,0.994764,0.090451,0.000000,0.982413,-0.062954,0.175786,0.000000,0.063697,0.000003,-0.088856,1.000000;;
      }
     }
    }

    Frame Bip01_L_Thigh {
     

     FrameTransformMatrix {
      -0.888504,0.030427,0.457858,0.000000,-0.032107,-0.999476,0.004114,0.000000,0.457744,-0.011045,0.889016,0.000000,-0.050843,0.055225,-0.008917,1.000000;;
     }

     Frame Bip01_L_Calf {
      

      FrameTransformMatrix {
       0.942235,-0.000000,-0.334952,0.000000,-0.000000,1.000000,-0.000000,0.000000,0.334952,-0.000000,0.942235,0.000000,0.237500,0.000000,-0.000000,1.000000;;
      }

      Frame Bip01_L_Foot {
       

       FrameTransformMatrix {
        0.924325,-0.026487,0.380687,0.000000,-0.068962,0.969570,0.234901,0.000000,-0.375325,-0.243378,0.894371,0.000000,0.206841,0.000000,0.000000,1.000000;;
       }

       Frame Bip01_L_Toe0 {
        

        FrameTransformMatrix {
         0.000000,0.000000,1.000000,0.000000,0.000000,1.000000,-0.000000,0.000000,-1.000000,0.000000,0.000000,0.000000,0.065373,0.000000,0.066450,1.000000;;
        }
       }
      }
     }
    }

    Frame Bip01_R_Thigh {
     

     FrameTransformMatrix {
      -0.996965,0.030321,-0.071704,0.000000,-0.029454,-0.999480,-0.013113,0.000000,-0.072065,-0.010961,0.997340,0.000000,-0.050843,-0.055225,-0.008917,1.000000;;
     }

     Frame Bip01_R_Calf {
      

      FrameTransformMatrix {
       0.730239,0.000000,-0.683192,0.000000,0.000000,1.000000,0.000000,0.000000,0.683192,0.000000,0.730239,0.000000,0.237500,0.000000,0.000000,1.000000;;
      }

      Frame Bip01_R_Foot {
       

       FrameTransformMatrix {
        0.991957,0.087165,-0.091782,0.000000,-0.093276,0.993546,-0.064539,0.000000,0.085565,0.072581,0.993685,0.000000,0.206841,0.000000,0.000000,1.000000;;
       }

       Frame Bip01_R_Toe0 {
        

        FrameTransformMatrix {
         0.000000,0.000000,1.000000,0.000000,0.000000,1.000000,-0.000000,0.000000,-1.000000,0.000000,0.000000,0.000000,0.065373,0.000000,0.066450,1.000000;;
        }
       }
      }
     }
    }
   }

   Frame Bip01_DressFront {
    

    FrameTransformMatrix {
     -0.880185,-0.088339,0.466338,0.000000,0.121847,0.907542,0.401896,0.000000,-0.458725,0.410564,-0.788041,0.000000,-0.043935,0.001339,0.061057,1.000000;;
    }

    Frame Bip01_DressFront02 {
     

     FrameTransformMatrix {
      0.912593,0.000001,0.408870,0.000000,-0.000001,1.000000,-0.000000,0.000000,-0.408870,-0.000000,0.912593,0.000000,0.183378,-0.000000,-0.000120,1.000000;;
     }
    }
   }

   Frame Bip01_DressBack {
    

    FrameTransformMatrix {
     -0.886023,0.038029,0.462080,0.000000,0.191625,0.937561,0.290274,0.000000,-0.422190,0.345735,-0.837988,0.000000,-0.047673,-0.000048,-0.078302,1.000000;;
    }

    Frame Bip01_DressBack02 {
     

     FrameTransformMatrix {
      0.936852,0.174932,-0.302833,0.000000,-0.166408,0.984581,0.053939,0.000000,0.307600,-0.000139,0.951516,0.000000,0.176125,0.000000,-0.000103,1.000000;;
     }
    }
   }
  }

  Frame Bip01_Prop1 {
   

   FrameTransformMatrix {
    -0.233929,-0.108090,0.966227,0.000000,0.687222,0.684611,0.242967,0.000000,-0.687752,0.720849,-0.085868,0.000000,0.076452,-0.048658,-0.145664,1.000000;;
   }
  }

  Frame Bip01_Prop2 {
   

   FrameTransformMatrix {
    -0.163643,-0.967062,0.194966,0.000000,0.985576,-0.168906,-0.010564,0.000000,0.043147,0.190425,0.980753,0.000000,-0.138405,-0.102098,0.114818,1.000000;;
   }
  }
 }
}

Frame Translation_Data {
 

 FrameTransformMatrix {
  -0.000000,0.000000,-1.000000,0.000000,-1.000000,-0.000000,0.000000,0.000000,-0.000000,1.000000,0.000000,0.000000,0.000000,-0.000000,0.000000,1.000000;;
 }
}

Frame ALICE_Pack_LHand {
 

 FrameTransformMatrix {
  1.000000,0.000000,-0.000000,0.000000,-0.000000,1.000000,0.000000,0.000000,0.000000,-0.000000,1.000000,0.000000,0.000000,0.000000,0.000000,1.000000;;
 }

 Mesh ALICE_Pack_LHand {
  390;
  0.645419;0.732395;0.120792;,
  0.655834;0.625289;0.091171;,
  0.688392;0.663066;0.065992;,
  0.618167;0.688125;0.140006;,
  0.677453;0.586491;0.043436;,
  0.653620;0.560493;0.059169;,
  0.469729;0.790394;-0.006529;,
  0.455988;0.744828;-0.051273;,
  0.436311;0.771403;-0.015461;,
  0.518064;0.777654;-0.042891;,
  0.492994;0.683093;-0.099252;,
  0.556435;0.713643;-0.092638;,
  0.549675;0.658171;-0.109735;,
  0.512263;0.644697;-0.113934;,
  0.691658;0.724015;0.077729;,
  0.643395;0.722424;-0.030183;,
  0.634172;0.758447;-0.010230;,
  0.700719;0.688263;0.057987;,
  0.692826;0.596927;0.021959;,
  0.654113;0.661463;-0.062067;,
  0.709604;0.629747;0.023766;,
  0.638424;0.629346;-0.061717;,
  0.677453;0.586491;0.043436;,
  0.577436;0.593336;-0.041851;,
  0.604978;0.629681;-0.068038;,
  0.653620;0.560493;0.059169;,
  0.618799;0.544622;0.075481;,
  0.498014;0.659320;0.013161;,
  0.536495;0.585417;-0.040492;,
  0.576562;0.615337;0.130339;,
  0.532588;0.688440;0.187252;,
  0.450285;0.729235;0.071280;,
  0.555571;0.724061;0.186289;,
  0.507570;0.791076;0.057824;,
  0.470144;0.762412;0.071051;,
  0.580045;0.747886;0.169297;,
  0.691658;0.724015;0.077729;,
  0.665153;0.747594;0.104097;,
  0.688392;0.663066;0.065992;,
  0.616204;0.706500;-0.045573;,
  0.616204;0.706500;-0.045573;,
  0.573909;0.776401;0.009008;,
  0.634172;0.758447;-0.010230;,
  0.573909;0.776401;0.009008;,
  0.665153;0.747594;0.104097;,
  0.607829;0.781755;0.015927;,
  0.645419;0.732395;0.120792;,
  0.573909;0.776401;0.009008;,
  0.616204;0.706500;-0.045573;,
  0.604978;0.629681;-0.068038;,
  0.512263;0.644697;-0.113934;,
  0.549675;0.658171;-0.109735;,
  0.489492;0.627324;-0.097234;,
  0.498014;0.659320;0.013161;,
  0.462327;0.660990;-0.079251;,
  0.432790;0.713352;-0.040475;,
  0.419274;0.744464;-0.006195;,
  0.469729;0.790394;-0.006529;,
  0.436311;0.771403;-0.015461;,
  0.532588;0.688440;0.187252;,
  0.576562;0.615337;0.130339;,
  0.555571;0.724061;0.186289;,
  0.450285;0.729235;0.071280;,
  0.532588;0.688440;0.187252;,
  0.419274;0.744464;-0.006195;,
  0.432790;0.713352;-0.040475;,
  0.419274;0.744464;-0.006195;,
  0.462327;0.660990;-0.079251;,
  0.489492;0.627324;-0.097234;,
  0.536495;0.585417;-0.040492;,
  0.489492;0.627324;-0.097234;,
  0.618799;0.544622;0.075481;,
  0.618799;0.544622;0.075481;,
  0.507570;0.791076;0.057824;,
  0.562268;0.813524;0.053704;,
  0.641982;0.762328;0.119373;,
  0.587143;0.797791;0.031436;,
  0.618107;0.778935;0.141330;,
  0.580045;0.747886;0.169297;,
  0.604978;0.629681;-0.068038;,
  0.654113;0.661463;-0.062067;,
  0.704928;0.660777;0.038829;,
  0.651364;0.693527;-0.044626;,
  0.677453;0.586491;0.043436;,
  0.692826;0.596927;0.021959;,
  0.709604;0.629747;0.023766;,
  0.641982;0.762328;0.119373;,
  0.618107;0.778935;0.141330;,
  0.507570;0.791076;0.057824;,
  0.562268;0.813524;0.053704;,
  0.586951;0.774706;0.159948;,
  0.530182;0.808536;0.072632;,
  0.530182;0.808536;0.072632;,
  0.587143;0.797791;0.031436;,
  0.586951;0.774706;0.159948;,
  0.580045;0.747886;0.169297;,
  0.651364;0.693527;-0.044626;,
  0.638424;0.629346;-0.061717;,
  0.704928;0.660777;0.038829;,
  0.607829;0.781755;0.015927;,
  0.643395;0.722424;-0.030183;,
  0.700719;0.688263;0.057987;,
  0.515119;0.624524;-0.045732;,
  0.502209;0.607715;-0.066933;,
  0.522978;0.610526;-0.053676;,
  0.493948;0.621337;-0.058816;,
  0.513195;0.630350;-0.055495;,
  0.495497;0.612387;-0.078903;,
  0.487236;0.626009;-0.070786;,
  0.521054;0.616352;-0.063439;,
  0.515119;0.624524;-0.045732;,
  0.521054;0.616352;-0.063439;,
  0.513195;0.630350;-0.055495;,
  0.522978;0.610526;-0.053676;,
  0.522978;0.610526;-0.053676;,
  0.495497;0.612387;-0.078903;,
  0.521054;0.616352;-0.063439;,
  0.502209;0.607715;-0.066933;,
  0.608891;0.567661;0.069115;,
  0.603736;0.572261;0.091874;,
  0.614317;0.562555;0.077941;,
  0.598310;0.577368;0.083047;,
  0.493948;0.621337;-0.058816;,
  0.513195;0.630350;-0.055495;,
  0.487236;0.626009;-0.070786;,
  0.515119;0.624524;-0.045732;,
  0.480392;0.609347;-0.059902;,
  0.489432;0.596204;-0.068035;,
  0.472656;0.612505;-0.070714;,
  0.480392;0.609347;-0.059902;,
  0.481695;0.599362;-0.078847;,
  0.472656;0.612505;-0.070714;,
  0.489432;0.596204;-0.068035;,
  0.481695;0.599362;-0.078847;,
  0.474927;0.615044;-0.056378;,
  0.492572;0.589514;-0.071973;,
  0.467826;0.617960;-0.066303;,
  0.474927;0.615044;-0.056378;,
  0.472656;0.612505;-0.070714;,
  0.483258;0.592425;-0.083597;,
  0.467826;0.617960;-0.066303;,
  0.483258;0.592425;-0.083597;,
  0.472656;0.612505;-0.070714;,
  0.481695;0.599362;-0.078847;,
  0.492572;0.589514;-0.071973;,
  0.483258;0.592425;-0.083597;,
  0.492572;0.589514;-0.071973;,
  0.477032;0.598605;-0.038016;,
  0.494842;0.574031;-0.054714;,
  0.474927;0.615044;-0.056378;,
  0.468063;0.599001;-0.046140;,
  0.477032;0.598605;-0.038016;,
  0.467826;0.617960;-0.066303;,
  0.482952;0.573600;-0.064025;,
  0.468063;0.599001;-0.046140;,
  0.483258;0.592425;-0.083597;,
  0.494842;0.574031;-0.054714;,
  0.482952;0.573600;-0.064025;,
  0.495533;0.579230;-0.010533;,
  0.513617;0.562466;-0.030852;,
  0.494813;0.571805;-0.009741;,
  0.495533;0.579230;-0.010533;,
  0.494813;0.571805;-0.009741;,
  0.510548;0.555166;-0.032031;,
  0.513617;0.562466;-0.030852;,
  0.510548;0.555166;-0.032031;,
  0.534644;0.557349;0.039271;,
  0.548599;0.547081;0.015684;,
  0.533969;0.550172;0.037306;,
  0.534644;0.557349;0.039271;,
  0.533969;0.550172;0.037306;,
  0.547924;0.539903;0.013719;,
  0.548599;0.547081;0.015684;,
  0.547924;0.539903;0.013719;,
  0.548599;0.547081;0.015684;,
  0.540675;0.553934;0.037865;,
  0.548746;0.549172;0.024756;,
  0.534644;0.557349;0.039271;,
  0.540260;0.546513;0.035437;,
  0.540675;0.553934;0.037865;,
  0.533969;0.550172;0.037306;,
  0.548331;0.541751;0.022328;,
  0.540260;0.546513;0.035437;,
  0.547924;0.539903;0.013719;,
  0.548746;0.549172;0.024756;,
  0.548331;0.541751;0.022328;,
  0.578015;0.547582;0.061497;,
  0.579015;0.539311;0.043341;,
  0.578798;0.539846;0.065836;,
  0.578015;0.547582;0.061497;,
  0.579797;0.531575;0.047679;,
  0.578798;0.539846;0.065836;,
  0.579015;0.539311;0.043341;,
  0.579797;0.531575;0.047679;,
  0.589881;0.560886;0.074310;,
  0.591445;0.551299;0.056824;,
  0.596739;0.552681;0.080128;,
  0.589881;0.560886;0.074310;,
  0.598303;0.543094;0.062642;,
  0.596739;0.552681;0.080128;,
  0.591445;0.551299;0.056824;,
  0.598303;0.543094;0.062642;,
  0.598310;0.577368;0.083047;,
  0.608891;0.567661;0.069115;,
  0.603736;0.572261;0.091874;,
  0.598310;0.577368;0.083047;,
  0.614317;0.562555;0.077941;,
  0.603736;0.572261;0.091874;,
  0.608891;0.567661;0.069115;,
  0.614317;0.562555;0.077941;,
  0.462445;0.712559;0.022861;,
  0.433941;0.721459;0.021277;,
  0.441159;0.709515;0.010092;,
  0.454851;0.724152;0.034208;,
  0.460183;0.718889;0.013475;,
  0.426899;0.726641;0.009681;,
  0.452589;0.730481;0.024822;,
  0.434118;0.714697;-0.001504;,
  0.462445;0.712559;0.022861;,
  0.452589;0.730481;0.024822;,
  0.454851;0.724152;0.034208;,
  0.460183;0.718889;0.013475;,
  0.454851;0.724152;0.034208;,
  0.426899;0.726641;0.009681;,
  0.433941;0.721459;0.021277;,
  0.452589;0.730481;0.024822;,
  0.539739;0.684664;0.158825;,
  0.550262;0.663426;0.162113;,
  0.545814;0.666853;0.152029;,
  0.544186;0.681236;0.168909;,
  0.441159;0.709515;0.010092;,
  0.460183;0.718889;0.013475;,
  0.462445;0.712559;0.022861;,
  0.434118;0.714697;-0.001504;,
  0.428176;0.698974;0.013323;,
  0.421731;0.711401;0.024484;,
  0.420129;0.702616;0.002890;,
  0.428176;0.698974;0.013323;,
  0.413685;0.715042;0.014051;,
  0.420129;0.702616;0.002890;,
  0.421731;0.711401;0.024484;,
  0.413685;0.715042;0.014051;,
  0.429996;0.692649;0.007784;,
  0.417628;0.716681;0.029589;,
  0.422626;0.695979;-0.001813;,
  0.429996;0.692649;0.007784;,
  0.420129;0.702616;0.002890;,
  0.410258;0.720012;0.019992;,
  0.413685;0.715042;0.014051;,
  0.410258;0.720012;0.019992;,
  0.420129;0.702616;0.002890;,
  0.422626;0.695979;-0.001813;,
  0.417628;0.716681;0.029589;,
  0.410258;0.720012;0.019992;,
  0.417628;0.716681;0.029589;,
  0.430956;0.678321;0.027909;,
  0.429996;0.692649;0.007784;,
  0.418764;0.703281;0.048582;,
  0.421712;0.679158;0.020145;,
  0.430956;0.678321;0.027909;,
  0.422626;0.695979;-0.001813;,
  0.404680;0.704038;0.037188;,
  0.410258;0.720012;0.019992;,
  0.421712;0.679158;0.020145;,
  0.418764;0.703281;0.048582;,
  0.404680;0.704038;0.037188;,
  0.446828;0.665854;0.063012;,
  0.433468;0.693759;0.074862;,
  0.438179;0.664517;0.068331;,
  0.446828;0.665854;0.063012;,
  0.438179;0.664517;0.068331;,
  0.424820;0.692421;0.080181;,
  0.433468;0.693759;0.074862;,
  0.424820;0.692421;0.080181;,
  0.473425;0.655962;0.115085;,
  0.470230;0.681574;0.121114;,
  0.465774;0.658979;0.123789;,
  0.473425;0.655962;0.115085;,
  0.465774;0.658979;0.123789;,
  0.462580;0.684591;0.129819;,
  0.470230;0.681574;0.121114;,
  0.462580;0.684591;0.129819;,
  0.470230;0.681574;0.121114;,
  0.475927;0.659923;0.119769;,
  0.473425;0.655962;0.115085;,
  0.474940;0.674117;0.122310;,
  0.470503;0.662909;0.125906;,
  0.475927;0.659923;0.119769;,
  0.465774;0.658979;0.123789;,
  0.469516;0.677103;0.128447;,
  0.462580;0.684591;0.129819;,
  0.470503;0.662909;0.125906;,
  0.474940;0.674117;0.122310;,
  0.469516;0.677103;0.128447;,
  0.504251;0.663634;0.153992;,
  0.499666;0.679676;0.154014;,
  0.499403;0.666345;0.162968;,
  0.504251;0.663634;0.153992;,
  0.494818;0.682387;0.162990;,
  0.499403;0.666345;0.162968;,
  0.499666;0.679676;0.154014;,
  0.494818;0.682387;0.162990;,
  0.523460;0.671597;0.158866;,
  0.511456;0.685220;0.159940;,
  0.524485;0.672524;0.170950;,
  0.523460;0.671597;0.158866;,
  0.512481;0.686148;0.172024;,
  0.524485;0.672524;0.170950;,
  0.511456;0.685220;0.159940;,
  0.512481;0.686148;0.172024;,
  0.545814;0.666853;0.152029;,
  0.539739;0.684664;0.158825;,
  0.550262;0.663426;0.162113;,
  0.545814;0.666853;0.152029;,
  0.544186;0.681236;0.168909;,
  0.550262;0.663426;0.162113;,
  0.539739;0.684664;0.158825;,
  0.544186;0.681236;0.168909;,
  0.664224;0.711305;-0.036508;,
  0.613517;0.711978;-0.041503;,
  0.620159;0.699881;-0.050508;,
  0.658619;0.724098;-0.030041;,
  0.551982;0.720941;-0.086978;,
  0.559032;0.709180;-0.096119;,
  0.488497;0.690845;-0.093383;,
  0.495547;0.679084;-0.102523;,
  0.459730;0.665145;-0.076482;,
  0.466333;0.654129;-0.085043;,
  0.664224;0.711305;-0.036508;,
  0.614658;0.713748;-0.043060;,
  0.658619;0.724098;-0.030041;,
  0.621300;0.701652;-0.052064;,
  0.552657;0.722733;-0.088764;,
  0.559707;0.710972;-0.097904;,
  0.487140;0.691654;-0.095471;,
  0.494190;0.679893;-0.104611;,
  0.459730;0.665145;-0.076482;,
  0.466333;0.654129;-0.085043;,
  0.658619;0.724098;-0.030041;,
  0.614658;0.713748;-0.043060;,
  0.613517;0.711978;-0.041503;,
  0.552657;0.722733;-0.088764;,
  0.551982;0.720941;-0.086978;,
  0.487140;0.691654;-0.095471;,
  0.488497;0.690845;-0.093383;,
  0.459730;0.665145;-0.076482;,
  0.466333;0.654129;-0.085043;,
  0.494190;0.679893;-0.104611;,
  0.495547;0.679084;-0.102523;,
  0.559707;0.710972;-0.097904;,
  0.559032;0.709180;-0.096119;,
  0.621300;0.701652;-0.052064;,
  0.620159;0.699881;-0.050508;,
  0.664224;0.711305;-0.036508;,
  0.610480;0.801516;0.029683;,
  0.578939;0.769662;0.003328;,
  0.618993;0.789650;0.024822;,
  0.571490;0.781073;0.012592;,
  0.523802;0.768884;-0.051719;,
  0.516752;0.780645;-0.042579;,
  0.462156;0.734788;-0.059232;,
  0.455106;0.746549;-0.050091;,
  0.437262;0.705183;-0.046362;,
  0.430658;0.716199;-0.037800;,
  0.610480;0.801516;0.029683;,
  0.580004;0.771558;0.001869;,
  0.572555;0.782969;0.011133;,
  0.618993;0.789650;0.024822;,
  0.524477;0.770677;-0.053505;,
  0.517427;0.782438;-0.044364;,
  0.460799;0.735597;-0.061320;,
  0.453749;0.747358;-0.052179;,
  0.437262;0.705183;-0.046362;,
  0.430658;0.716199;-0.037800;,
  0.618993;0.789650;0.024822;,
  0.578939;0.769662;0.003328;,
  0.580004;0.771558;0.001869;,
  0.524477;0.770677;-0.053505;,
  0.523802;0.768884;-0.051719;,
  0.460799;0.735597;-0.061320;,
  0.462156;0.734788;-0.059232;,
  0.437262;0.705183;-0.046362;,
  0.430658;0.716199;-0.037800;,
  0.455106;0.746549;-0.050091;,
  0.453749;0.747358;-0.052179;,
  0.517427;0.782438;-0.044364;,
  0.516752;0.780645;-0.042579;,
  0.572555;0.782969;0.011133;,
  0.571490;0.781073;0.012592;,
  0.610480;0.801516;0.029683;;
  322;
  3;0,1,2;,
  3;1,0,3;,
  3;1,4,2;,
  3;4,1,5;,
  3;6,7,8;,
  3;7,6,9;,
  3;9,10,7;,
  3;10,9,11;,
  3;10,12,13;,
  3;12,10,11;,
  3;14,15,16;,
  3;15,14,17;,
  3;18,19,20;,
  3;19,18,21;,
  3;22,23,24;,
  3;23,22,25;,
  3;26,27,28;,
  3;27,26,29;,
  3;27,30,31;,
  3;30,27,29;,
  3;32,33,34;,
  3;33,32,35;,
  3;0,36,37;,
  3;38,15,17;,
  3;15,38,39;,
  3;40,41,42;,
  3;43,44,45;,
  3;44,43,46;,
  3;47,11,9;,
  3;11,47,48;,
  3;11,49,12;,
  3;49,11,48;,
  3;24,50,51;,
  3;50,24,23;,
  3;52,53,54;,
  3;28,53,52;,
  3;28,27,53;,
  3;27,55,53;,
  3;27,56,55;,
  3;27,31,56;,
  3;34,57,58;,
  3;57,34,33;,
  3;3,59,60;,
  3;59,3,61;,
  3;32,62,63;,
  3;62,32,34;,
  3;34,64,62;,
  3;64,34,58;,
  3;8,65,66;,
  3;65,8,7;,
  3;67,13,68;,
  3;13,67,10;,
  3;50,69,70;,
  3;69,50,23;,
  3;23,71,69;,
  3;71,23,25;,
  3;72,1,60;,
  3;1,72,5;,
  3;1,3,60;,
  3;73,9,6;,
  3;9,73,47;,
  3;74,75,76;,
  3;75,74,77;,
  3;78,3,0;,
  3;3,78,61;,
  3;22,21,18;,
  3;21,22,24;,
  3;79,40,80;,
  3;39,81,82;,
  3;81,39,38;,
  3;83,84,85;,
  3;0,86,87;,
  3;46,76,75;,
  3;76,46,43;,
  3;41,88,89;,
  3;33,90,91;,
  3;90,33,35;,
  3;88,92,89;,
  3;91,77,74;,
  3;77,91,90;,
  3;89,93,41;,
  3;87,94,95;,
  3;87,95,0;,
  3;40,96,80;,
  3;80,97,79;,
  3;82,20,19;,
  3;20,82,81;,
  3;85,98,2;,
  3;85,2,83;,
  3;41,99,42;,
  3;42,100,40;,
  3;16,44,14;,
  3;44,16,45;,
  3;2,101,36;,
  3;36,0,2;,
  3;55,54,53;,
  3;7,67,65;,
  3;67,7,10;,
  3;102,103,104;,
  3;103,102,105;,
  3;106,107,108;,
  3;107,106,109;,
  3;110,111,112;,
  3;111,110,113;,
  3;114,115,116;,
  3;115,114,117;,
  3;118,119,120;,
  3;119,118,121;,
  3;122,123,124;,
  3;123,122,125;,
  3;103,126,127;,
  3;126,103,105;,
  3;122,128,129;,
  3;128,122,124;,
  3;108,130,131;,
  3;130,108,107;,
  3;115,132,133;,
  3;132,115,117;,
  3;127,134,135;,
  3;134,127,126;,
  3;129,136,137;,
  3;136,129,128;,
  3;138,139,140;,
  3;141,142,143;,
  3;133,144,145;,
  3;144,133,132;,
  3;146,147,148;,
  3;147,146,149;,
  3;137,150,151;,
  3;150,137,136;,
  3;152,153,154;,
  3;153,152,155;,
  3;145,156,157;,
  3;156,145,144;,
  3;148,158,159;,
  3;158,148,147;,
  3;151,160,161;,
  3;160,151,150;,
  3;153,162,154;,
  3;162,153,163;,
  3;157,164,165;,
  3;164,157,156;,
  3;159,166,167;,
  3;166,159,158;,
  3;161,168,169;,
  3;168,161,160;,
  3;170,163,171;,
  3;163,170,162;,
  3;165,172,173;,
  3;172,165,164;,
  3;174,175,176;,
  3;175,174,177;,
  3;169,178,179;,
  3;178,169,168;,
  3;180,181,182;,
  3;181,180,183;,
  3;173,184,185;,
  3;184,173,172;,
  3;176,186,187;,
  3;186,176,175;,
  3;179,188,189;,
  3;188,179,178;,
  3;182,190,191;,
  3;190,182,181;,
  3;185,192,193;,
  3;192,185,184;,
  3;187,194,195;,
  3;194,187,186;,
  3;189,196,197;,
  3;196,189,188;,
  3;191,198,199;,
  3;198,191,190;,
  3;193,200,201;,
  3;200,193,192;,
  3;195,202,203;,
  3;202,195,194;,
  3;197,204,205;,
  3;204,197,196;,
  3;199,206,207;,
  3;206,199,198;,
  3;201,208,209;,
  3;208,201,200;,
  3;210,211,212;,
  3;211,210,213;,
  3;214,215,216;,
  3;215,214,217;,
  3;218,219,220;,
  3;219,218,221;,
  3;222,223,224;,
  3;223,222,225;,
  3;226,227,228;,
  3;227,226,229;,
  3;230,231,232;,
  3;231,230,233;,
  3;211,234,212;,
  3;234,211,235;,
  3;230,236,233;,
  3;236,230,237;,
  3;217,238,215;,
  3;238,217,239;,
  3;223,240,224;,
  3;240,223,241;,
  3;235,242,234;,
  3;242,235,243;,
  3;237,244,236;,
  3;244,237,245;,
  3;246,247,248;,
  3;249,250,251;,
  3;241,252,240;,
  3;252,241,253;,
  3;254,255,256;,
  3;255,254,257;,
  3;245,258,244;,
  3;258,245,259;,
  3;260,261,262;,
  3;261,260,263;,
  3;253,264,252;,
  3;264,253,265;,
  3;257,266,255;,
  3;266,257,267;,
  3;259,268,258;,
  3;268,259,269;,
  3;270,261,263;,
  3;261,270,271;,
  3;265,272,264;,
  3;272,265,273;,
  3;267,274,266;,
  3;274,267,275;,
  3;269,276,268;,
  3;276,269,277;,
  3;271,278,279;,
  3;278,271,270;,
  3;273,280,272;,
  3;280,273,281;,
  3;282,283,284;,
  3;283,282,285;,
  3;277,286,276;,
  3;286,277,287;,
  3;288,289,290;,
  3;289,288,291;,
  3;281,292,280;,
  3;292,281,293;,
  3;285,294,283;,
  3;294,285,295;,
  3;287,296,286;,
  3;296,287,297;,
  3;291,298,289;,
  3;298,291,299;,
  3;293,300,292;,
  3;300,293,301;,
  3;295,302,294;,
  3;302,295,303;,
  3;297,304,296;,
  3;304,297,305;,
  3;299,306,298;,
  3;306,299,307;,
  3;301,308,300;,
  3;308,301,309;,
  3;303,310,302;,
  3;310,303,311;,
  3;305,312,304;,
  3;312,305,313;,
  3;307,314,306;,
  3;314,307,315;,
  3;309,316,308;,
  3;316,309,317;,
  3;318,319,320;,
  3;319,318,321;,
  3;320,322,323;,
  3;322,320,319;,
  3;323,324,325;,
  3;324,323,322;,
  3;325,326,327;,
  3;326,325,324;,
  3;328,329,330;,
  3;329,328,331;,
  3;331,332,329;,
  3;332,331,333;,
  3;333,334,332;,
  3;334,333,335;,
  3;335,336,334;,
  3;336,335,337;,
  3;338,339,340;,
  3;340,341,342;,
  3;341,340,339;,
  3;342,343,344;,
  3;343,342,341;,
  3;344,343,345;,
  3;346,347,348;,
  3;348,349,350;,
  3;349,348,347;,
  3;350,351,352;,
  3;351,350,349;,
  3;352,351,353;,
  3;354,355,356;,
  3;355,354,357;,
  3;357,358,355;,
  3;358,357,359;,
  3;359,360,358;,
  3;360,359,361;,
  3;361,362,360;,
  3;362,361,363;,
  3;364,365,366;,
  3;365,364,367;,
  3;366,368,369;,
  3;368,366,365;,
  3;369,370,371;,
  3;370,369,368;,
  3;371,372,373;,
  3;372,371,370;,
  3;374,375,376;,
  3;375,377,376;,
  3;377,375,378;,
  3;378,379,377;,
  3;379,378,380;,
  3;380,381,379;,
  3;382,383,384;,
  3;383,385,384;,
  3;385,383,386;,
  3;386,387,385;,
  3;387,386,388;,
  3;388,389,387;;

  MeshNormals {
   390;
   0.657613;-0.057481;0.751160;,
   0.630737;-0.287620;0.720726;,
   0.738305;-0.191590;0.646683;,
   0.570724;-0.196358;0.797319;,
   0.763875;-0.323209;0.558598;,
   0.616515;-0.365496;0.697368;,
   -0.071243;0.898157;-0.433865;,
   -0.463168;0.473533;-0.749160;,
   -0.507791;0.547379;-0.665225;,
   0.094039;0.825927;-0.555879;,
   -0.359774;0.291488;-0.886339;,
   0.300878;0.473898;-0.827583;,
   0.290943;0.261368;-0.920348;,
   -0.304705;0.190001;-0.933303;,
   0.743836;0.623102;-0.241770;,
   0.806727;-0.132908;-0.575783;,
   0.742265;0.625370;-0.240739;,
   0.819528;-0.086758;-0.566434;,
   0.395360;-0.742157;-0.541196;,
   0.833022;-0.027630;-0.552549;,
   0.841167;-0.004893;-0.540753;,
   0.372298;-0.757906;-0.535698;,
   0.290970;-0.813357;-0.503773;,
   0.250742;-0.786655;-0.564183;,
   0.267699;-0.751922;-0.602454;,
   0.311259;-0.809454;-0.497897;,
   -0.328003;-0.938662;-0.106434;,
   -0.629141;-0.726332;-0.276809;,
   -0.384177;-0.899332;-0.208829;,
   -0.731048;-0.634068;0.252046;,
   -0.836239;-0.120238;0.535021;,
   -0.884234;-0.113466;0.453051;,
   -0.530005;0.606677;0.592484;,
   -0.522702;0.704046;0.480731;,
   -0.606980;0.632357;0.481352;,
   -0.511809;0.634906;0.578746;,
   0.673293;-0.156868;0.722543;,
   0.673601;-0.066021;0.736140;,
   0.848988;0.305479;-0.431164;,
   0.839521;0.373175;-0.394898;,
   0.040334;0.465774;-0.883984;,
   -0.137501;0.697206;-0.703561;,
   -0.017724;0.606648;-0.794773;,
   0.617309;0.781656;-0.089129;,
   0.178236;0.950541;0.254368;,
   0.133633;0.950271;0.281295;,
   0.499980;0.865490;0.030790;,
   0.336924;0.876911;-0.342797;,
   0.584107;0.453923;-0.672884;,
   0.631870;0.142072;-0.761942;,
   0.178942;-0.700227;-0.691131;,
   0.290372;-0.565816;-0.771710;,
   -0.561805;-0.647039;-0.515477;,
   -0.629853;-0.282011;-0.723710;,
   -0.865893;-0.343952;-0.363217;,
   -0.928488;-0.218458;-0.300311;,
   -0.998263;0.054232;0.023020;,
   -0.525679;0.799321;0.291113;,
   -0.653080;0.683328;0.326420;,
   0.457574;-0.316492;0.830939;,
   0.448884;-0.364868;0.815705;,
   0.518057;-0.175731;0.837099;,
   -0.884234;-0.113466;0.453051;,
   -0.836239;-0.120238;0.535021;,
   -0.998263;0.054232;0.023020;,
   -0.928488;-0.218458;-0.300311;,
   -0.998263;0.054232;0.023020;,
   -0.865893;-0.343952;-0.363217;,
   -0.561805;-0.647039;-0.515477;,
   -0.384177;-0.899332;-0.208829;,
   -0.561805;-0.647039;-0.515477;,
   -0.328003;-0.938662;-0.106434;,
   0.488776;-0.377402;0.786553;,
   0.149819;0.981973;-0.115256;,
   0.312657;0.933540;0.175352;,
   0.821298;0.465046;-0.330457;,
   0.828989;0.436939;-0.349087;,
   0.323385;0.932827;0.158923;,
   0.574796;0.014325;0.818171;,
   0.033245;0.134640;-0.990337;,
   0.046166;0.259785;-0.964562;,
   0.647490;0.752069;-0.123079;,
   0.634708;0.764651;-0.111603;,
   0.763875;-0.323209;0.558598;,
   0.817904;-0.438628;0.372341;,
   0.786378;-0.281699;0.549778;,
   0.714518;0.114754;0.690142;,
   0.601024;0.049749;0.797681;,
   -0.351543;0.754984;-0.553549;,
   -0.294875;0.733562;-0.612320;,
   -0.413607;0.725542;0.550016;,
   -0.433235;0.707316;0.558580;,
   -0.372340;0.831635;-0.412003;,
   -0.108693;0.750612;-0.651742;,
   0.487873;0.172667;0.855667;,
   0.574796;0.014325;0.818171;,
   0.200580;0.481335;-0.853279;,
   0.183777;-0.100432;-0.977824;,
   0.842433;-0.127196;0.523572;,
   0.014961;0.753953;-0.656758;,
   0.176727;0.511149;-0.841127;,
   0.750304;-0.163565;0.640539;,
   -0.356929;-0.613919;0.704063;,
   -0.035642;-0.521945;0.852234;,
   -0.367827;-0.606541;0.704849;,
   -0.057378;-0.536483;0.841958;,
   0.334743;0.608167;-0.719778;,
   -0.009126;0.503167;-0.864141;,
   0.015096;0.517630;-0.855471;,
   0.342996;0.601870;-0.721184;,
   0.889597;0.447444;0.091712;,
   0.889598;0.447442;0.091713;,
   0.889596;0.447446;0.091710;,
   0.889599;0.447440;0.091714;,
   0.432093;-0.733403;-0.524801;,
   0.534835;-0.636197;-0.556062;,
   0.430856;-0.735008;-0.523571;,
   0.490566;-0.682705;-0.541533;,
   0.680205;0.732998;0.005946;,
   0.680205;0.732998;0.005946;,
   0.680205;0.732998;0.005946;,
   0.680205;0.732998;0.005946;,
   -0.482630;0.687707;0.542335;,
   -0.433648;0.732859;0.524278;,
   -0.527216;0.648724;0.548818;,
   -0.433778;0.733512;0.523256;,
   0.094417;-0.476212;0.874247;,
   0.142784;-0.444245;0.884454;,
   0.137008;0.974319;0.178696;,
   -0.090160;0.936629;0.338523;,
   -0.316438;0.334348;-0.887738;,
   -0.313881;0.334117;-0.888732;,
   0.803525;-0.080687;-0.589777;,
   0.799159;0.037940;-0.599921;,
   0.026380;-0.511214;0.859049;,
   0.087942;-0.474286;0.875967;,
   0.324891;0.944714;0.044290;,
   -0.084292;0.935178;0.344000;,
   -0.398706;0.336777;-0.853003;,
   -0.398706;0.336777;-0.853003;,
   -0.398706;0.336777;-0.853003;,
   0.114992;0.578736;-0.807367;,
   0.114992;0.578736;-0.807367;,
   0.114992;0.578736;-0.807367;,
   0.760083;-0.174013;-0.626094;,
   0.783929;0.100174;-0.612716;,
   0.858996;0.429932;0.278002;,
   0.843292;0.522739;0.124913;,
   0.797416;0.599093;0.072219;,
   0.861195;0.423759;0.280662;,
   -0.550819;0.554068;0.624185;,
   -0.610271;0.401083;0.683156;,
   -0.896495;-0.321347;-0.305012;,
   -0.850857;-0.521663;-0.062531;,
   -0.887399;-0.450165;-0.099369;,
   -0.890896;-0.320311;-0.322033;,
   0.536084;-0.535410;-0.652649;,
   0.517397;-0.588718;-0.621057;,
   0.653236;0.749478;-0.107543;,
   0.592316;0.798553;-0.107125;,
   -0.736977;0.151510;0.658718;,
   -0.759561;0.134108;0.636460;,
   -0.661154;-0.736815;0.141350;,
   -0.609457;-0.782822;0.125512;,
   0.716130;-0.210561;-0.665449;,
   0.722124;-0.182574;-0.667235;,
   0.528979;0.843063;-0.097091;,
   0.493542;0.865576;-0.084822;,
   -0.305777;-0.216422;0.927180;,
   -0.504571;-0.194408;0.841198;,
   -0.521547;-0.845398;0.115284;,
   -0.476835;-0.873495;0.098157;,
   0.960366;-0.026260;-0.277502;,
   0.921211;0.027346;-0.388101;,
   0.300994;0.936152;-0.181722;,
   0.382866;0.913441;-0.137985;,
   0.249750;0.942480;-0.222163;,
   0.472061;0.875655;-0.101919;,
   -0.354262;-0.263051;0.897387;,
   -0.268022;-0.258786;0.928005;,
   -0.448765;-0.890862;0.070534;,
   -0.352144;-0.922015;0.160882;,
   -0.460034;-0.885108;0.070374;,
   -0.318999;-0.923445;0.213283;,
   0.831537;0.122861;-0.541711;,
   0.909735;0.047546;-0.412459;,
   -0.197682;0.897560;-0.394091;,
   0.259504;0.879602;-0.398695;,
   -0.621635;0.305822;0.721140;,
   -0.578535;0.314002;0.752794;,
   -0.240213;-0.902650;0.357100;,
   0.011190;-0.900941;0.433798;,
   0.656641;-0.289685;-0.696351;,
   0.674788;-0.252299;-0.693546;,
   -0.656809;0.639612;-0.399372;,
   -0.325746;0.797967;-0.507089;,
   -0.723389;-0.062918;0.687568;,
   -0.727677;-0.070185;0.682319;,
   0.285464;-0.840213;0.461034;,
   0.402231;-0.739153;0.540243;,
   0.647207;-0.056441;-0.760222;,
   0.647547;-0.056774;-0.759908;,
   -0.396976;0.700783;-0.592717;,
   -0.209805;0.720327;-0.661144;,
   -0.793358;0.027294;0.608143;,
   -0.814917;0.115665;0.567918;,
   0.440519;-0.646208;0.623184;,
   0.409913;-0.572466;0.710109;,
   0.751946;-0.155270;-0.640678;,
   0.786467;-0.183573;-0.589721;,
   -0.267959;-0.750780;0.603760;,
   0.134666;-0.640166;0.756341;,
   0.143834;-0.628723;0.764211;,
   -0.269666;-0.758001;0.593898;,
   0.244679;0.749337;-0.615326;,
   -0.172461;0.619906;-0.765489;,
   0.245218;0.755420;-0.607626;,
   -0.181851;0.614466;-0.767699;,
   0.876143;0.470258;0.105978;,
   0.876143;0.470259;0.105976;,
   0.876143;0.470259;0.105975;,
   0.876143;0.470258;0.105979;,
   -0.441731;0.689973;0.573420;,
   -0.431554;0.696560;0.573206;,
   -0.437744;0.691378;0.574784;,
   -0.440773;0.691373;0.572471;,
   0.881783;0.397588;-0.253737;,
   0.881783;0.397588;-0.253737;,
   0.881783;0.397588;-0.253738;,
   0.881783;0.397588;-0.253736;,
   0.435507;-0.693447;-0.573990;,
   0.441974;-0.690132;-0.573043;,
   0.442102;-0.690657;-0.572310;,
   0.430853;-0.697048;-0.573140;,
   0.232278;-0.578820;0.781674;,
   0.302646;-0.548313;0.779589;,
   0.779241;-0.065068;-0.623337;,
   0.747287;-0.181596;-0.639206;,
   -0.559334;0.367757;-0.742900;,
   -0.557253;0.375970;-0.740349;,
   0.118488;0.962477;0.244128;,
   0.128927;0.962930;0.236948;,
   0.105528;-0.635007;0.765265;,
   0.175087;-0.610631;0.772318;,
   0.808913;0.172783;-0.561966;,
   0.712389;-0.281511;-0.642848;,
   -0.867026;-0.002113;-0.498259;,
   -0.867026;-0.002113;-0.498259;,
   -0.867026;-0.002113;-0.498259;,
   -0.816913;0.095646;-0.568775;,
   -0.816913;0.095646;-0.568775;,
   -0.816913;0.095646;-0.568775;,
   0.016671;0.948561;0.316155;,
   0.349787;0.935388;0.051950;,
   0.932730;0.316521;0.172712;,
   0.901090;0.433459;0.012286;,
   0.931539;0.315773;0.180342;,
   0.896869;0.440762;-0.036799;,
   0.354836;-0.783958;-0.509413;,
   0.244239;-0.881659;-0.403763;,
   -0.894042;-0.273374;-0.354901;,
