xof 0303txt 0032
template ColorRGBA {
 <35ff44e0-6c7c-11cf-8f52-0040333594a3>
 FLOAT red;
 FLOAT green;
 FLOAT blue;
 FLOAT alpha;
}

template ColorRGB {
 <d3e16e81-7835-11cf-8f52-0040333594a3>
 FLOAT red;
 FLOAT green;
 FLOAT blue;
}

template Material {
 <3d82ab4d-62da-11cf-ab39-0020af71e433>
 ColorRGBA faceColor;
 FLOAT power;
 ColorRGB specularColor;
 ColorRGB emissiveColor;
 [...]
}

template TextureFilename {
 <a42790e1-7810-11cf-8f52-0040333594a3>
 STRING filename;
}

template Frame {
 <3d82ab46-62da-11cf-ab39-0020af71e433>
 [...]
}

template Matrix4x4 {
 <f6f23f45-7686-11cf-8f52-0040333594a3>
 array FLOAT matrix[16];
}

template FrameTransformMatrix {
 <f6f23f41-7686-11cf-8f52-0040333594a3>
 Matrix4x4 frameMatrix;
}

template Vector {
 <3d82ab5e-62da-11cf-ab39-0020af71e433>
 FLOAT x;
 FLOAT y;
 FLOAT z;
}

template MeshFace {
 <3d82ab5f-62da-11cf-ab39-0020af71e433>
 DWORD nFaceVertexIndices;
 array DWORD faceVertexIndices[nFaceVertexIndices];
}

template Mesh {
 <3d82ab44-62da-11cf-ab39-0020af71e433>
 DWORD nVertices;
 array Vector vertices[nVertices];
 DWORD nFaces;
 array MeshFace faces[nFaces];
 [...]
}

template MeshNormals {
 <f6f23f43-7686-11cf-8f52-0040333594a3>
 DWORD nNormals;
 array Vector normals[nNormals];
 DWORD nFaceNormals;
 array MeshFace faceNormals[nFaceNormals];
}

template MeshMaterialList {
 <f6f23f42-7686-11cf-8f52-0040333594a3>
 DWORD nMaterials;
 DWORD nFaceIndexes;
 array DWORD faceIndexes[nFaceIndexes];
 [Material <3d82ab4d-62da-11cf-ab39-0020af71e433>]
}

template Coords2d {
 <f6f23f44-7686-11cf-8f52-0040333594a3>
 FLOAT u;
 FLOAT v;
}

template MeshTextureCoords {
 <f6f23f40-7686-11cf-8f52-0040333594a3>
 DWORD nTextureCoords;
 array Coords2d textureCoords[nTextureCoords];
}

template XSkinMeshHeader {
 <3cf169ce-ff7c-44ab-93c0-f78f62d172e2>
 WORD nMaxSkinWeightsPerVertex;
 WORD nMaxSkinWeightsPerFace;
 WORD nBones;
}

template SkinWeights {
 <6f0d123b-bad2-4167-a0d0-80224f25fabb>
 STRING transformNodeName;
 DWORD nWeights;
 array DWORD vertexIndices[nWeights];
 array FLOAT weights[nWeights];
 Matrix4x4 matrixOffset;
}

template AnimTicksPerSecond {
 <9e415a43-7ba6-4a73-8743-b73d47e88476>
 DWORD AnimTicksPerSecond;
}

template Animation {
 <3d82ab4f-62da-11cf-ab39-0020af71e433>
 [...]
}

template AnimationSet {
 <3d82ab50-62da-11cf-ab39-0020af71e433>
 [Animation <3d82ab4f-62da-11cf-ab39-0020af71e433>]
}

template FloatKeys {
 <10dd46a9-775b-11cf-8f52-0040333594a3>
 DWORD nValues;
 array FLOAT values[nValues];
}

template TimedFloatKeys {
 <f406b180-7b3b-11cf-8f52-0040333594a3>
 DWORD time;
 FloatKeys tfkeys;
}

template AnimationKey {
 <10dd46a8-775b-11cf-8f52-0040333594a3>
 DWORD keyType;
 DWORD nKeys;
 array TimedFloatKeys keys[nKeys];
}


Material Material__221 {
 1.000000;1.000000;1.000000;1.000000;;
 9.999999;
 0.000000;0.000000;0.000000;;
 0.000000;0.000000;0.000000;;

 TextureFilename {
  "BowlinBallBag.png";
 }
}

Frame Dummy01 {
 

 FrameTransformMatrix {
  1.000000,0.000000,0.000000,0.000000,0.000000,-0.000000,-1.000000,0.000000,0.000000,1.000000,-0.000000,0.000000,-0.000000,0.000000,0.000000,1.000000;;
 }

 Frame Bip01 {
  

  FrameTransformMatrix {
   -0.087155,0.982405,-0.165183,0.000000,-0.000001,0.165814,0.986157,0.000000,0.996195,0.085949,-0.014450,0.000000,-0.010000,-0.012284,0.490453,1.000000;;
  }

  Frame Bip01_Pelvis {
   

   FrameTransformMatrix {
    0.000000,1.000000,-0.000001,0.000000,-0.000001,0.000001,1.000000,0.000000,1.000000,0.000000,0.000001,0.000000,0.000000,0.000000,0.000000,1.000000;;
   }

   Frame Bip01_Spine {
    

    FrameTransformMatrix {
     0.984686,0.000002,-0.174337,0.000000,-0.000001,1.000000,0.000004,0.000000,0.174337,-0.000004,0.984686,0.000000,0.051619,0.000000,-0.000083,1.000000;;
    }

    Frame Bip01_Spine1 {
     

     FrameTransformMatrix {
      0.997819,0.052687,0.039774,0.000000,-0.044862,0.983198,-0.176942,0.000000,-0.048428,0.174771,0.983417,0.000000,0.106484,-0.000015,-0.000083,1.000000;;
     }

     Frame Bip01_Neck {
      

      FrameTransformMatrix {
       0.966067,-0.020835,0.257451,0.000000,0.025191,0.999590,-0.013632,0.000000,-0.257061,0.019655,0.966195,0.000000,0.130511,-0.000001,0.004626,1.000000;;
      }

      Frame Bip01_Head {
       

       FrameTransformMatrix {
        0.989321,-0.051753,-0.136255,0.000000,0.064251,0.993958,0.088989,0.000000,0.130826,-0.096793,0.986669,0.000000,0.033674,-0.000000,-0.000000,1.000000;;
       }
      }

      Frame Bip01_L_Clavicle {
       

       FrameTransformMatrix {
        -0.205975,0.976135,0.068811,0.000000,0.943873,0.216738,-0.249254,0.000000,-0.258220,0.013609,-0.965990,0.000000,-0.024734,0.015166,0.002017,1.000000;;
       }

       Frame Bip01_L_UpperArm {
        

        FrameTransformMatrix {
         0.385871,-0.777669,0.496320,0.000000,0.922466,0.332598,-0.196046,0.000000,-0.012616,0.533487,0.845714,0.000000,0.087086,-0.000000,-0.000000,1.000000;;
        }

        Frame Bip01_L_Forearm {
         

         FrameTransformMatrix {
          0.943939,0.000000,-0.330119,0.000000,0.000000,1.000000,-0.000000,0.000000,0.330119,-0.000000,0.943939,0.000000,0.137062,-0.000000,0.000000,1.000000;;
         }

         Frame Bip01_L_Hand {
          

          FrameTransformMatrix {
           1.000000,-0.000000,0.000000,0.000000,0.000000,0.000796,1.000000,0.000000,0.000000,-1.000000,0.000796,0.000000,0.137062,0.000000,0.000000,1.000000;;
          }

          Frame Bip01_L_Finger0 {
           

           FrameTransformMatrix {
            0.690342,-0.181727,0.700288,0.000000,0.558537,0.749101,-0.356210,0.000000,-0.459853,0.637043,0.618637,0.000000,0.057681,-0.023605,-0.000272,1.000000;;
           }
          }

          Frame Bip01_L_Finger1 {
           

           FrameTransformMatrix {
            0.728079,-0.000546,0.685493,0.000000,0.000000,1.000000,0.000796,0.000000,-0.685493,-0.000580,0.728079,0.000000,0.084102,0.000000,0.000000,1.000000;;
           }
          }
         }
        }
       }
      }

      Frame Bip01_R_Clavicle {
       

       FrameTransformMatrix {
        -0.028509,-0.999573,-0.006461,0.000000,-0.965665,0.025871,0.258498,0.000000,-0.258220,0.013609,-0.965990,0.000000,-0.024080,-0.016250,0.001399,1.000000;;
       }

       Frame Bip01_R_UpperArm {
        

        FrameTransformMatrix {
         0.221390,0.975047,0.016433,0.000000,-0.974986,0.221654,-0.016512,0.000000,-0.019742,-0.012366,0.999729,0.000000,0.087086,0.000000,0.000000,1.000000;;
        }

        Frame Bip01_R_Forearm {
         

         FrameTransformMatrix {
          0.915660,-0.000000,-0.401954,0.000000,-0.000000,1.000000,-0.000000,0.000000,0.401954,-0.000000,0.915660,0.000000,0.137062,0.000000,0.000000,1.000000;;
         }

         Frame Bip01_R_Hand {
          

          FrameTransformMatrix {
           0.975195,-0.000000,-0.221346,0.000000,-0.221346,0.000796,-0.975195,0.000000,0.000176,1.000000,0.000777,0.000000,0.137062,-0.000000,0.000000,1.000000;;
          }

          Frame Bip01_R_Finger0 {
           

           FrameTransformMatrix {
            0.417774,-0.116941,0.900994,0.000000,-0.558537,0.749101,0.356210,0.000000,-0.716591,-0.652054,0.247639,0.000000,0.057681,0.023605,-0.000272,1.000000;;
           }
          }

          Frame Bip01_R_Finger1 {
           

           FrameTransformMatrix {
            0.352436,0.000745,0.935835,0.000000,0.000000,1.000000,-0.000796,0.000000,-0.935836,0.000281,0.352436,0.000000,0.084102,0.000000,0.000000,1.000000;;
           }
          }
         }
        }
       }
      }
     }

     Frame Bip01_BackPack {
      

      FrameTransformMatrix {
       0.180560,0.080500,-0.980264,0.000000,0.047560,0.994764,0.090451,0.000000,0.982413,-0.062954,0.175786,0.000000,0.063697,0.000003,-0.088856,1.000000;;
      }
     }
    }

    Frame Bip01_L_Thigh {
     

     FrameTransformMatrix {
      -0.888504,0.030427,0.457858,0.000000,-0.032107,-0.999476,0.004114,0.000000,0.457744,-0.011045,0.889016,0.000000,-0.050843,0.055225,-0.008917,1.000000;;
     }

     Frame Bip01_L_Calf {
      

      FrameTransformMatrix {
       0.942235,-0.000000,-0.334952,0.000000,-0.000000,1.000000,-0.000000,0.000000,0.334952,-0.000000,0.942235,0.000000,0.237500,0.000000,-0.000000,1.000000;;
      }

      Frame Bip01_L_Foot {
       

       FrameTransformMatrix {
        0.924325,-0.026487,0.380687,0.000000,-0.068962,0.969570,0.234901,0.000000,-0.375325,-0.243378,0.894371,0.000000,0.206841,0.000000,0.000000,1.000000;;
       }

       Frame Bip01_L_Toe0 {
        

        FrameTransformMatrix {
         0.000000,0.000000,1.000000,0.000000,0.000000,1.000000,-0.000000,0.000000,-1.000000,0.000000,0.000000,0.000000,0.065373,0.000000,0.066450,1.000000;;
        }
       }
      }
     }
    }

    Frame Bip01_R_Thigh {
     

     FrameTransformMatrix {
      -0.996965,0.030321,-0.071704,0.000000,-0.029454,-0.999480,-0.013113,0.000000,-0.072065,-0.010961,0.997340,0.000000,-0.050843,-0.055225,-0.008917,1.000000;;
     }

     Frame Bip01_R_Calf {
      

      FrameTransformMatrix {
       0.730239,0.000000,-0.683192,0.000000,0.000000,1.000000,0.000000,0.000000,0.683192,0.000000,0.730239,0.000000,0.237500,0.000000,0.000000,1.000000;;
      }

      Frame Bip01_R_Foot {
       

       FrameTransformMatrix {
        0.991957,0.087165,-0.091782,0.000000,-0.093276,0.993546,-0.064539,0.000000,0.085565,0.072581,0.993685,0.000000,0.206841,-0.000000,0.000000,1.000000;;
       }

       Frame Bip01_R_Toe0 {
        

        FrameTransformMatrix {
         0.000000,0.000000,1.000000,0.000000,0.000000,1.000000,-0.000000,0.000000,-1.000000,0.000000,0.000000,0.000000,0.065373,0.000000,0.066450,1.000000;;
        }
       }
      }
     }
    }
   }

   Frame Bip01_DressFront {
    

    FrameTransformMatrix {
     -0.880185,-0.088339,0.466338,0.000000,0.121847,0.907542,0.401896,0.000000,-0.458725,0.410564,-0.788041,0.000000,-0.043935,0.001339,0.061057,1.000000;;
    }

    Frame Bip01_DressFront02 {
     

     FrameTransformMatrix {
      0.912593,0.000001,0.408870,0.000000,-0.000001,1.000000,-0.000000,0.000000,-0.408870,-0.000000,0.912593,0.000000,0.183378,-0.000000,-0.000120,1.000000;;
     }
    }
   }

   Frame Bip01_DressBack {
    

    FrameTransformMatrix {
     -0.886023,0.038029,0.462080,0.000000,0.191625,0.937561,0.290274,0.000000,-0.422190,0.345735,-0.837988,0.000000,-0.047673,-0.000048,-0.078302,1.000000;;
    }

    Frame Bip01_DressBack02 {
     

     FrameTransformMatrix {
      0.936852,0.174932,-0.302833,0.000000,-0.166408,0.984581,0.053939,0.000000,0.307600,-0.000139,0.951516,0.000000,0.176125,0.000000,-0.000103,1.000000;;
     }
    }
   }
  }

  Frame Bip01_Prop1 {
   

   FrameTransformMatrix {
    -0.233929,-0.108090,0.966227,0.000000,0.687222,0.684611,0.242967,0.000000,-0.687752,0.720849,-0.085868,0.000000,0.076452,-0.048658,-0.145664,1.000000;;
   }
  }

  Frame Bip01_Prop2 {
   

   FrameTransformMatrix {
    -0.163643,-0.967062,0.194966,0.000000,0.985576,-0.168906,-0.010564,0.000000,0.043147,0.190425,0.980753,0.000000,-0.138405,-0.102098,0.114818,1.000000;;
   }
  }
 }
}

Frame Translation_Data {
 

 FrameTransformMatrix {
  -0.000000,0.000000,-1.000000,0.000000,-1.000000,-0.000000,0.000000,0.000000,-0.000000,1.000000,0.000000,0.000000,0.000000,-0.000000,0.000000,1.000000;;
 }
}

Frame BowlingBallBag_RHand {
 

 FrameTransformMatrix {
  1.000000,0.000000,0.000000,0.000000,0.000000,1.000000,0.000000,0.000000,0.000000,0.000000,1.000000,0.000000,0.000000,0.000000,0.000000,1.000000;;
 }

 Mesh BowlingBallBag_RHand {
  372;
  -0.597341;0.534014;0.018421;,
  -0.640713;0.626629;0.110554;,
  -0.646203;0.616074;0.012334;,
  -0.591851;0.544568;0.116641;,
  -0.464188;0.621808;0.015968;,
  -0.501538;0.698587;0.080616;,
  -0.460287;0.629308;0.085755;,
  -0.505439;0.691087;0.010829;,
  -0.595462;0.532430;-0.018001;,
  -0.597451;0.532503;-0.001055;,
  -0.595462;0.532430;-0.018001;,
  -0.597341;0.534014;0.018421;,
  -0.589796;0.547219;0.135885;,
  -0.591851;0.544568;0.116641;,
  -0.585952;0.550714;0.152137;,
  -0.585952;0.550714;0.152137;,
  -0.573158;0.558427;0.153429;,
  -0.585952;0.550714;0.152137;,
  -0.558574;0.566985;0.151729;,
  -0.471850;0.623674;0.127899;,
  -0.488927;0.612193;0.136645;,
  -0.462297;0.629368;0.110937;,
  -0.460287;0.629308;0.085755;,
  -0.468961;0.616557;-0.008276;,
  -0.464188;0.621808;0.015968;,
  -0.480257;0.607513;-0.022490;,
  -0.498056;0.594643;-0.026669;,
  -0.595462;0.532430;-0.018001;,
  -0.582981;0.539544;-0.022299;,
  -0.568401;0.548094;-0.024068;,
  -0.558574;0.566985;0.151729;,
  -0.533537;0.687113;0.131088;,
  -0.607436;0.649046;0.145642;,
  -0.488927;0.612193;0.136645;,
  -0.634814;0.632774;0.146050;,
  -0.638658;0.629280;0.129798;,
  -0.634814;0.632774;0.146050;,
  -0.640713;0.626629;0.110554;,
  -0.646313;0.614564;-0.007142;,
  -0.646203;0.616074;0.012334;,
  -0.644325;0.614491;-0.024088;,
  -0.644325;0.614491;-0.024088;,
  -0.631843;0.621605;-0.028386;,
  -0.644325;0.614491;-0.024088;,
  -0.617263;0.630155;-0.030155;,
  -0.523150;0.679549;-0.027833;,
  -0.542666;0.669563;-0.032227;,
  -0.510747;0.686734;-0.013482;,
  -0.505439;0.691087;0.010829;,
  -0.504083;0.699544;0.105731;,
  -0.501538;0.698587;0.080616;,
  -0.514743;0.695709;0.122556;,
  -0.533537;0.687113;0.131088;,
  -0.634814;0.632774;0.146050;,
  -0.622020;0.640488;0.147342;,
  -0.607436;0.649046;0.145642;,
  -0.617263;0.630155;-0.030155;,
  -0.498056;0.594643;-0.026669;,
  -0.568401;0.548094;-0.024068;,
  -0.542666;0.669563;-0.032227;,
  -0.504083;0.699544;0.105731;,
  -0.462297;0.629368;0.110937;,
  -0.468961;0.616557;-0.008276;,
  -0.510747;0.686734;-0.013482;,
  -0.514743;0.695709;0.122556;,
  -0.471850;0.623674;0.127899;,
  -0.480257;0.607513;-0.022490;,
  -0.523150;0.679549;-0.027833;,
  -0.644325;0.614491;-0.024088;,
  -0.595462;0.532430;-0.018001;,
  -0.644325;0.614491;-0.024088;,
  -0.595462;0.532430;-0.018001;,
  -0.585952;0.550714;0.152137;,
  -0.634814;0.632774;0.146050;,
  -0.585952;0.550714;0.152137;,
  -0.634814;0.632774;0.146050;,
  -0.644325;0.614491;-0.024088;,
  -0.595462;0.532430;-0.018001;,
  -0.585952;0.550714;0.152137;,
  -0.634814;0.632774;0.146050;,
  -0.646313;0.614564;-0.007142;,
  -0.597451;0.532503;-0.001055;,
  -0.589796;0.547219;0.135885;,
  -0.638658;0.629280;0.129798;,
  -0.631843;0.621605;-0.028386;,
  -0.582981;0.539544;-0.022299;,
  -0.573158;0.558427;0.153429;,
  -0.622020;0.640488;0.147342;,
  -0.597451;0.532503;-0.001055;,
  -0.646313;0.614564;-0.007142;,
  -0.638658;0.629280;0.129798;,
  -0.589796;0.547219;0.135885;,
  -0.474794;0.614883;0.022493;,
  -0.473317;0.610890;0.012826;,
  -0.472765;0.611951;0.022695;,
  -0.473317;0.610890;0.012826;,
  -0.474794;0.614883;0.022493;,
  -0.475346;0.613823;0.012624;,
  -0.466632;0.620459;0.021438;,
  -0.464805;0.615879;0.011814;,
  -0.467183;0.619398;0.011569;,
  -0.464253;0.616940;0.021683;,
  -0.474794;0.614883;0.022493;,
  -0.467183;0.619398;0.011569;,
  -0.475346;0.613823;0.012624;,
  -0.466632;0.620459;0.021438;,
  -0.475346;0.613823;0.012624;,
  -0.464805;0.615879;0.011814;,
  -0.473317;0.610890;0.012826;,
  -0.464805;0.615879;0.011814;,
  -0.475346;0.613823;0.012624;,
  -0.467183;0.619398;0.011569;,
  -0.473317;0.610890;0.012826;,
  -0.464253;0.616940;0.021683;,
  -0.472765;0.611951;0.022695;,
  -0.464253;0.616940;0.021683;,
  -0.473317;0.610890;0.012826;,
  -0.464805;0.615879;0.011814;,
  -0.472765;0.611951;0.022695;,
  -0.466632;0.620459;0.021438;,
  -0.474794;0.614883;0.022493;,
  -0.464253;0.616940;0.021683;,
  -0.471465;0.621284;0.082054;,
  -0.468884;0.619412;0.092125;,
  -0.470913;0.622344;0.091923;,
  -0.468884;0.619412;0.092125;,
  -0.471465;0.621284;0.082054;,
  -0.469436;0.618351;0.082256;,
  -0.463302;0.626859;0.080998;,
  -0.460372;0.624401;0.091113;,
  -0.460924;0.623340;0.081244;,
  -0.460372;0.624401;0.091113;,
  -0.463302;0.626859;0.080998;,
  -0.462751;0.627920;0.090868;,
  -0.471465;0.621284;0.082054;,
  -0.462751;0.627920;0.090868;,
  -0.463302;0.626859;0.080998;,
  -0.470913;0.622344;0.091923;,
  -0.470913;0.622344;0.091923;,
  -0.460372;0.624401;0.091113;,
  -0.462751;0.627920;0.090868;,
  -0.468884;0.619412;0.092125;,
  -0.468884;0.619412;0.092125;,
  -0.460924;0.623340;0.081244;,
  -0.460372;0.624401;0.091113;,
  -0.460924;0.623340;0.081244;,
  -0.468884;0.619412;0.092125;,
  -0.469436;0.618351;0.082256;,
  -0.469436;0.618351;0.082256;,
  -0.463302;0.626859;0.080998;,
  -0.460924;0.623340;0.081244;,
  -0.471465;0.621284;0.082054;,
  -0.467507;0.618594;0.023422;,
  -0.466503;0.615645;0.009608;,
  -0.465727;0.617136;0.023479;,
  -0.468282;0.617103;0.009551;,
  -0.454980;0.636771;0.020768;,
  -0.453975;0.633823;0.006954;,
  -0.455755;0.635281;0.006897;,
  -0.453200;0.635313;0.020825;,
  -0.467710;0.617830;0.010279;,
  -0.467027;0.619143;0.022498;,
  -0.455552;0.636045;0.020040;,
  -0.456234;0.634732;0.007821;,
  -0.465248;0.617685;0.022555;,
  -0.465931;0.616372;0.010336;,
  -0.454455;0.633274;0.007878;,
  -0.453772;0.634587;0.020097;,
  -0.464369;0.624627;0.079564;,
  -0.461814;0.624659;0.093492;,
  -0.463593;0.626118;0.093435;,
  -0.462589;0.623169;0.079621;,
  -0.451841;0.642804;0.076910;,
  -0.449286;0.642837;0.090838;,
  -0.450062;0.641346;0.076967;,
  -0.451066;0.644295;0.090781;,
  -0.463114;0.626666;0.092511;,
  -0.463797;0.625353;0.080292;,
  -0.452321;0.642256;0.077834;,
  -0.451638;0.643568;0.090053;,
  -0.462017;0.623895;0.080349;,
  -0.461334;0.625208;0.092568;,
  -0.449858;0.642110;0.090110;,
  -0.450541;0.640797;0.077891;,
  -0.517003;0.685770;0.017235;,
  -0.519164;0.687888;0.007115;,
  -0.517555;0.684710;0.007366;,
  -0.518613;0.688949;0.016984;,
  -0.508146;0.690179;0.016266;,
  -0.510620;0.692822;0.006107;,
  -0.510068;0.693882;0.015976;,
  -0.508697;0.689118;0.006397;,
  -0.517003;0.685770;0.017235;,
  -0.508697;0.689118;0.006397;,
  -0.508146;0.690179;0.016266;,
  -0.517555;0.684710;0.007366;,
  -0.517555;0.684710;0.007366;,
  -0.510620;0.692822;0.006107;,
  -0.508697;0.689118;0.006397;,
  -0.519164;0.687888;0.007115;,
  -0.519164;0.687888;0.007115;,
  -0.510068;0.693882;0.015976;,
  -0.510620;0.692822;0.006107;,
  -0.518613;0.688949;0.016984;,
  -0.518613;0.688949;0.016984;,
  -0.508146;0.690179;0.016266;,
  -0.510068;0.693882;0.015976;,
  -0.517003;0.685770;0.017235;,
  -0.513674;0.692171;0.076796;,
  -0.514732;0.696410;0.086413;,
  -0.515283;0.695349;0.076544;,
  -0.513122;0.693231;0.086665;,
  -0.504816;0.696579;0.075827;,
  -0.506187;0.701343;0.085406;,
  -0.504265;0.697640;0.085696;,
  -0.506187;0.701343;0.085406;,
  -0.504816;0.696579;0.075827;,
  -0.506738;0.700283;0.075536;,
  -0.513674;0.692171;0.076796;,
  -0.504265;0.697640;0.085696;,
  -0.513122;0.693231;0.086665;,
  -0.504816;0.696579;0.075827;,
  -0.513122;0.693231;0.086665;,
  -0.506187;0.701343;0.085406;,
  -0.514732;0.696410;0.086413;,
  -0.506187;0.701343;0.085406;,
  -0.513122;0.693231;0.086665;,
  -0.504265;0.697640;0.085696;,
  -0.514732;0.696410;0.086413;,
  -0.506738;0.700283;0.075536;,
  -0.515283;0.695349;0.076544;,
  -0.506738;0.700283;0.075536;,
  -0.514732;0.696410;0.086413;,
  -0.506187;0.701343;0.085406;,
  -0.515283;0.695349;0.076544;,
  -0.504816;0.696579;0.075827;,
  -0.513674;0.692171;0.076796;,
  -0.506738;0.700283;0.075536;,
  -0.510369;0.690578;0.018082;,
  -0.511573;0.691338;0.003993;,
  -0.511144;0.689088;0.004211;,
  -0.510798;0.692829;0.017864;,
  -0.488248;0.692644;0.016624;,
  -0.489452;0.693404;0.002535;,
  -0.488677;0.694894;0.016406;,
  -0.489024;0.691153;0.002753;,
  -0.510282;0.689326;0.004975;,
  -0.509599;0.690639;0.017194;,
  -0.489111;0.692405;0.015859;,
  -0.489794;0.691092;0.003640;,
  -0.510028;0.692890;0.016976;,
  -0.510711;0.691576;0.004758;,
  -0.490222;0.693343;0.003423;,
  -0.489539;0.694656;0.015641;,
  -0.507231;0.696611;0.074224;,
  -0.506884;0.700352;0.087877;,
  -0.507660;0.698862;0.074006;,
  -0.506455;0.698102;0.088095;,
  -0.485110;0.698677;0.072766;,
  -0.484763;0.702418;0.086419;,
  -0.484334;0.700167;0.086637;,
  -0.485539;0.700927;0.072548;,
  -0.505685;0.698163;0.087207;,
  -0.506368;0.696850;0.074989;,
  -0.485880;0.698616;0.073654;,
  -0.485197;0.699929;0.085872;,
  -0.506797;0.699100;0.074771;,
  -0.506114;0.700413;0.086990;,
  -0.485626;0.702179;0.085654;,
  -0.486309;0.700866;0.073436;,
  -0.460376;0.633927;0.009319;,
  -0.453476;0.631156;0.019159;,
  -0.459829;0.634978;0.019103;,
  -0.453476;0.631156;0.019159;,
  -0.460376;0.633927;0.009319;,
  -0.454023;0.630104;0.009375;,
  -0.429530;0.682638;0.015397;,
  -0.422754;0.686239;0.042134;,
  -0.426310;0.688379;0.042103;,
  -0.425974;0.680499;0.015428;,
  -0.422968;0.686339;0.069638;,
  -0.426476;0.688449;0.069607;,
  -0.456456;0.641462;0.079441;,
  -0.449556;0.638691;0.089281;,
  -0.455909;0.642513;0.089225;,
  -0.449556;0.638691;0.089281;,
  -0.456456;0.641462;0.079441;,
  -0.450103;0.637640;0.079497;,
  -0.426175;0.688467;0.006542;,
  -0.418369;0.693513;0.041107;,
  -0.422282;0.686125;0.006576;,
  -0.421925;0.695653;0.041076;,
  -0.418366;0.693654;0.076635;,
  -0.422259;0.695996;0.076601;,
  -0.429530;0.682638;0.015397;,
  -0.421925;0.695653;0.041076;,
  -0.426175;0.688467;0.006542;,
  -0.426310;0.688379;0.042103;,
  -0.422259;0.695996;0.076601;,
  -0.426476;0.688449;0.069607;,
  -0.422968;0.686339;0.069638;,
  -0.418369;0.693513;0.041107;,
  -0.418366;0.693654;0.076635;,
  -0.422754;0.686239;0.042134;,
  -0.422282;0.686125;0.006576;,
  -0.425974;0.680499;0.015428;,
  -0.454023;0.630104;0.009375;,
  -0.460376;0.633927;0.009319;,
  -0.453476;0.631156;0.019159;,
  -0.454023;0.630104;0.009375;,
  -0.459829;0.634978;0.019103;,
  -0.453476;0.631156;0.019159;,
  -0.460376;0.633927;0.009319;,
  -0.459829;0.634978;0.019103;,
  -0.450103;0.637640;0.079497;,
  -0.456456;0.641462;0.079441;,
  -0.449556;0.638691;0.089281;,
  -0.450103;0.637640;0.079497;,
  -0.455909;0.642513;0.089225;,
  -0.449556;0.638691;0.089281;,
  -0.456456;0.641462;0.079441;,
  -0.455909;0.642513;0.089225;,
  -0.492537;0.687939;0.005313;,
  -0.492300;0.696358;0.014322;,
  -0.492847;0.695307;0.004538;,
  -0.491990;0.688991;0.015097;,
  -0.435578;0.692795;0.014643;,
  -0.430919;0.699950;0.041117;,
  -0.435752;0.696919;0.014210;,
  -0.430745;0.695827;0.041550;,
  -0.432720;0.702716;0.068423;,
  -0.432549;0.698649;0.068850;,
  -0.488617;0.695475;0.075435;,
  -0.488380;0.703894;0.084444;,
  -0.488927;0.702842;0.074660;,
  -0.488380;0.703894;0.084444;,
  -0.488617;0.695475;0.075435;,
  -0.488071;0.696526;0.085219;,
  -0.428293;0.692025;0.006278;,
  -0.422384;0.700256;0.040607;,
  -0.422211;0.696132;0.041040;,
  -0.428483;0.696539;0.005803;,
  -0.424567;0.704067;0.075863;,
  -0.424377;0.699553;0.076337;,
  -0.435578;0.692795;0.014643;,
  -0.422211;0.696132;0.041040;,
  -0.430745;0.695827;0.041550;,
  -0.428293;0.692025;0.006278;,
  -0.424377;0.699553;0.076337;,
  -0.432549;0.698649;0.068850;,
  -0.432720;0.702716;0.068423;,
  -0.422384;0.700256;0.040607;,
  -0.430919;0.699950;0.041117;,
  -0.424567;0.704067;0.075863;,
  -0.428483;0.696539;0.005803;,
  -0.435752;0.696919;0.014210;,
  -0.492847;0.695307;0.004538;,
  -0.492537;0.687939;0.005313;,
  -0.492300;0.696358;0.014322;,
  -0.492847;0.695307;0.004538;,
  -0.491990;0.688991;0.015097;,
  -0.492300;0.696358;0.014322;,
  -0.492537;0.687939;0.005313;,
  -0.491990;0.688991;0.015097;,
  -0.488927;0.702842;0.074660;,
  -0.488617;0.695475;0.075435;,
  -0.488380;0.703894;0.084444;,
  -0.488927;0.702842;0.074660;,
  -0.488071;0.696526;0.085219;,
  -0.488380;0.703894;0.084444;,
  -0.488617;0.695475;0.075435;,
  -0.488071;0.696526;0.085219;;
  332;
  3;0,1,2;,
  3;1,0,3;,
  3;4,5,6;,
  3;5,4,7;,
  3;8,9,10;,
  3;8,11,9;,
  3;11,12,13;,
  3;11,14,12;,
  3;11,15,14;,
  3;15,16,17;,
  3;15,18,16;,
  3;11,18,15;,
  3;18,19,20;,
  3;18,21,19;,
  3;18,22,21;,
  3;11,22,18;,
  3;22,23,24;,
  3;22,25,23;,
  3;22,26,25;,
  3;11,26,22;,
  3;8,26,11;,
  3;27,26,8;,
  3;28,26,27;,
  3;29,26,28;,
  3;30,31,32;,
  3;31,30,33;,
  3;34,35,36;,
  3;34,37,35;,
  3;37,38,39;,
  3;37,40,38;,
  3;37,41,40;,
  3;41,42,43;,
  3;41,44,42;,
  3;37,44,41;,
  3;44,45,46;,
  3;44,47,45;,
  3;44,48,47;,
  3;37,48,44;,
  3;48,49,50;,
  3;48,51,49;,
  3;48,52,51;,
  3;37,52,48;,
  3;34,52,37;,
  3;53,52,34;,
  3;54,52,53;,
  3;55,52,54;,
  3;56,57,58;,
  3;57,56,59;,
  3;60,6,5;,
  3;6,60,61;,
  3;62,7,4;,
  3;7,62,63;,
  3;64,61,60;,
  3;61,64,65;,
  3;31,65,64;,
  3;65,31,33;,
  3;66,63,62;,
  3;63,66,67;,
  3;57,67,66;,
  3;67,57,59;,
  3;68,69,70;,
  3;69,68,71;,
  3;72,73,74;,
  3;73,72,75;,
  3;76,71,68;,
  3;71,76,77;,
  3;78,75,72;,
  3;75,78,79;,
  3;80,0,2;,
  3;0,80,81;,
  3;82,1,3;,
  3;1,82,83;,
  3;84,77,76;,
  3;77,84,85;,
  3;86,79,78;,
  3;79,86,87;,
  3;70,88,89;,
  3;88,70,69;,
  3;74,90,91;,
  3;90,74,73;,
  3;56,85,84;,
  3;85,56,58;,
  3;30,87,86;,
  3;87,30,32;,
  3;92,93,94;,
  3;95,96,97;,
  3;98,99,100;,
  3;99,98,101;,
  3;102,103,104;,
  3;103,102,105;,
  3;106,107,108;,
  3;109,110,111;,
  3;112,113,114;,
  3;115,116,117;,
  3;118,119,120;,
  3;119,118,121;,
  3;122,123,124;,
  3;125,126,127;,
  3;128,129,130;,
  3;131,132,133;,
  3;134,135,136;,
  3;135,134,137;,
  3;138,139,140;,
  3;139,138,141;,
  3;142,143,144;,
  3;145,146,147;,
  3;148,149,150;,
  3;149,148,151;,
  3;152,153,154;,
  3;153,152,155;,
  3;156,157,158;,
  3;157,156,159;,
  3;152,160,155;,
  3;160,152,161;,
  3;152,162,161;,
  3;162,152,156;,
  3;160,158,155;,
  3;158,160,163;,
  3;162,158,163;,
  3;158,162,156;,
  3;155,157,153;,
  3;157,155,158;,
  3;153,164,154;,
  3;164,153,165;,
  3;153,166,165;,
  3;166,153,157;,
  3;164,159,154;,
  3;159,164,167;,
  3;166,159,167;,
  3;159,166,157;,
  3;154,156,152;,
  3;156,154,159;,
  3;167,161,162;,
  3;161,167,164;,
  3;166,162,163;,
  3;162,166,167;,
  3;160,166,163;,
  3;166,160,165;,
  3;165,161,164;,
  3;161,165,160;,
  3;168,169,170;,
  3;169,168,171;,
  3;172,173,174;,
  3;173,172,175;,
  3;168,176,177;,
  3;176,168,170;,
  3;168,178,172;,
  3;178,168,177;,
  3;176,175,179;,
  3;175,176,170;,
  3;178,175,172;,
  3;175,178,179;,
  3;170,173,175;,
  3;173,170,169;,
  3;169,180,181;,
  3;180,169,171;,
  3;169,182,173;,
  3;182,169,181;,
  3;180,174,183;,
  3;174,180,171;,
  3;182,174,173;,
  3;174,182,183;,
  3;171,172,174;,
  3;172,171,168;,
  3;183,177,180;,
  3;177,183,178;,
  3;182,178,183;,
  3;178,182,179;,
  3;176,182,181;,
  3;182,176,179;,
  3;181,177,176;,
  3;177,181,180;,
  3;184,185,186;,
  3;185,184,187;,
  3;188,189,190;,
  3;189,188,191;,
  3;192,193,194;,
  3;193,192,195;,
  3;196,197,198;,
  3;197,196,199;,
  3;200,201,202;,
  3;201,200,203;,
  3;204,205,206;,
  3;205,204,207;,
  3;208,209,210;,
  3;209,208,211;,
  3;212,213,214;,
  3;215,216,217;,
  3;218,219,220;,
  3;219,218,221;,
  3;222,223,224;,
  3;225,226,227;,
  3;228,229,230;,
  3;231,232,233;,
  3;234,235,236;,
  3;235,234,237;,
  3;238,239,240;,
  3;239,238,241;,
  3;242,243,244;,
  3;243,242,245;,
  3;238,246,247;,
  3;246,238,240;,
  3;238,248,242;,
  3;248,238,247;,
  3;246,245,249;,
  3;245,246,240;,
  3;248,245,242;,
  3;245,248,249;,
  3;240,243,245;,
  3;243,240,239;,
  3;239,250,251;,
  3;250,239,241;,
  3;239,252,243;,
  3;252,239,251;,
  3;250,244,253;,
  3;244,250,241;,
  3;252,244,243;,
  3;244,252,253;,
  3;241,242,244;,
  3;242,241,238;,
  3;253,247,250;,
  3;247,253,248;,
  3;252,248,253;,
  3;248,252,249;,
  3;246,252,251;,
  3;252,246,249;,
  3;251,247,246;,
  3;247,251,250;,
  3;254,255,256;,
  3;255,254,257;,
  3;258,259,260;,
  3;259,258,261;,
  3;254,262,257;,
  3;262,254,263;,
  3;254,264,263;,
  3;264,254,258;,
  3;262,260,257;,
  3;260,262,265;,
  3;264,260,265;,
  3;260,264,258;,
  3;257,259,255;,
  3;259,257,260;,
  3;255,266,256;,
  3;266,255,267;,
  3;255,268,267;,
  3;268,255,259;,
  3;266,261,256;,
  3;261,266,269;,
  3;268,261,269;,
  3;261,268,259;,
  3;256,258,254;,
  3;258,256,261;,
  3;269,263,264;,
  3;263,269,266;,
  3;268,264,265;,
  3;264,268,269;,
  3;262,268,265;,
  3;268,262,267;,
  3;267,263,266;,
  3;263,267,262;,
  3;270,271,272;,
  3;273,274,275;,
  3;276,277,278;,
  3;277,276,279;,
  3;278,280,281;,
  3;280,278,277;,
  3;282,283,284;,
  3;285,286,287;,
  3;288,289,290;,
  3;289,288,291;,
  3;291,292,289;,
  3;292,291,293;,
  3;294,295,296;,
  3;295,294,297;,
  3;297,298,295;,
  3;298,297,299;,
  3;300,301,302;,
  3;301,300,303;,
  3;303,304,301;,
  3;304,303,305;,
  3;288,306,307;,
  3;306,288,290;,
  3;304,308,309;,
  3;308,304,305;,
  3;279,310,311;,
  3;310,279,276;,
  3;294,312,313;,
  3;312,294,296;,
  3;281,314,315;,
  3;314,281,280;,
  3;300,316,317;,
  3;316,300,302;,
  3;292,318,319;,
  3;318,292,293;,
  3;298,320,321;,
  3;320,298,299;,
  3;322,323,324;,
  3;323,322,325;,
  3;326,327,328;,
  3;327,326,329;,
  3;329,330,327;,
  3;330,329,331;,
  3;332,333,334;,
  3;335,336,337;,
  3;338,339,340;,
  3;339,338,341;,
  3;340,342,343;,
  3;342,340,339;,
  3;344,345,346;,
  3;345,344,347;,
  3;346,348,349;,
  3;348,346,345;,
  3;350,351,352;,
  3;351,350,353;,
  3;352,354,355;,
  3;354,352,351;,
  3;338,356,341;,
  3;356,338,357;,
  3;354,358,355;,
  3;358,354,359;,
  3;328,360,326;,
  3;360,328,361;,
  3;344,362,347;,
  3;362,344,363;,
  3;331,364,330;,
  3;364,331,365;,
  3;350,366,353;,
  3;366,350,367;,
  3;342,368,343;,
  3;368,342,369;,
  3;348,370,349;,
  3;370,348,371;;

  MeshNormals {
   372;
   -0.859289;-0.506224;0.073208;,
   -0.856069;-0.500034;0.130811;,
   -0.859289;-0.506224;0.073210;,
   -0.856070;-0.500033;0.130812;,
   0.850181;0.492408;-0.186349;,
   0.859647;0.510605;-0.017013;,
   0.859647;0.510605;-0.017013;,
   0.850181;0.492408;-0.186350;,
   0.539891;-0.839273;0.064325;,
   0.510570;-0.857481;0.063604;,
   1.000000;0.000000;0.000000;,
   0.542725;-0.837669;0.061328;,
   0.510566;-0.857483;0.063606;,
   0.510595;-0.857466;0.063602;,
   0.510565;-0.857483;0.063606;,
   0.510575;-0.857477;0.063605;,
   0.510575;-0.857476;0.063621;,
   1.000000;0.000000;0.000000;,
   0.536306;-0.842523;0.050299;,
   0.551806;-0.833593;0.025163;,
   0.533122;-0.843440;-0.066257;,
   0.556012;-0.830068;0.042874;,
   0.556120;-0.829346;0.054006;,
   0.581067;-0.811894;0.056485;,
   0.611263;-0.789802;0.050704;,
   0.576726;-0.814899;0.057678;,
   0.554463;-0.829036;0.072597;,
   0.538966;-0.813334;0.219096;,
   0.538073;-0.811164;0.229109;,
   0.460133;-0.662306;0.591294;,
   0.086080;0.124576;0.988469;,
   0.209069;0.195560;0.958148;,
   0.086080;0.124576;0.988469;,
   0.209069;0.195560;0.958148;,
   -0.481126;0.873746;-0.071315;,
   -0.510578;0.857476;-0.063605;,
   1.000000;0.000000;0.000000;,
   -0.477876;0.875710;-0.069041;,
   -0.510575;0.857478;-0.063604;,
   -0.510576;0.857477;-0.063604;,
   -0.510575;0.857478;-0.063604;,
   -0.510575;0.857477;-0.063605;,
   -0.510576;0.857477;-0.063610;,
   1.000000;0.000000;0.000000;,
   -0.483171;0.873693;-0.056618;,
   -0.463732;0.885258;-0.035641;,
   -0.465054;0.883370;0.058158;,
   -0.461802;0.885333;-0.054081;,
   -0.463077;0.883926;-0.065073;,
   -0.436651;0.896610;-0.073661;,
   -0.402278;0.912394;-0.075559;,
   -0.441505;0.894222;-0.073760;,
   -0.466848;0.880433;-0.083017;,
   -0.486264;0.844247;-0.225379;,
   -0.486564;0.841376;-0.235248;,
   -0.458249;0.663455;-0.591469;,
   -0.024836;-0.088650;-0.995753;,
   0.099895;-0.014316;-0.994895;,
   -0.024836;-0.088650;-0.995753;,
   0.099895;-0.014316;-0.994895;,
   0.802190;0.501670;0.323756;,
   0.802190;0.501670;0.323756;,
   0.755638;0.412177;-0.509040;,
   0.755637;0.412177;-0.509040;,
   0.516171;0.364827;0.774899;,
   0.516171;0.364827;0.774899;,
   0.423293;0.186278;-0.886636;,
   0.423292;0.186278;-0.886637;,
   1.000000;0.000000;0.000000;,
   -0.851898;-0.514504;-0.097752;,
   -0.851898;-0.514504;-0.097752;,
   1.000000;0.000000;0.000000;,
   1.000000;0.000000;0.000000;,
   -0.829789;-0.472001;0.297768;,
   -0.829789;-0.472001;0.297768;,
   1.000000;0.000000;0.000000;,
   -0.215615;-0.199293;-0.955925;,
   -0.215616;-0.199293;-0.955925;,
   -0.106603;0.010274;0.994249;,
   -0.106603;0.010274;0.994249;,
   -0.858034;-0.512894;-0.026792;,
   -0.858034;-0.512894;-0.026793;,
   -0.843724;-0.485385;0.229196;,
   -0.843724;-0.485386;0.229195;,
   -0.137027;-0.154172;-0.978496;,
   -0.137027;-0.154172;-0.978496;,
   -0.026546;0.058218;0.997951;,
   -0.026545;0.058218;0.997951;,
   -0.858034;-0.512894;-0.026793;,
   -0.858034;-0.512894;-0.026792;,
   -0.843724;-0.485386;0.229195;,
   -0.843724;-0.485385;0.229196;,
   -0.821081;-0.560852;0.106165;,
   -0.821081;-0.560852;0.106165;,
   -0.821081;-0.560852;0.106165;,
   -0.821076;-0.560859;0.106168;,
   -0.821076;-0.560859;0.106168;,
   -0.821076;-0.560859;0.106168;,
   0.827286;0.551778;-0.105540;,
   0.827286;0.551778;-0.105540;,
   0.827286;0.551778;-0.105540;,
   0.827286;0.551778;-0.105540;,
   -0.568105;0.821017;-0.056471;,
   -0.568105;0.821017;-0.056471;,
   -0.568105;0.821017;-0.056471;,
   -0.568105;0.821017;-0.056471;,
   -0.055494;-0.106682;-0.992743;,
   -0.055494;-0.106682;-0.992743;,
   -0.055494;-0.106682;-0.992743;,
   -0.055494;-0.106680;-0.992744;,
   -0.055494;-0.106680;-0.992744;,
   -0.055494;-0.106680;-0.992744;,
   0.510267;-0.857658;0.063644;,
   0.510267;-0.857658;0.063644;,
   0.510267;-0.857658;0.063644;,
   0.510269;-0.857657;0.063642;,
   0.510269;-0.857657;0.063642;,
   0.510269;-0.857657;0.063642;,
   0.055493;0.106681;0.992744;,
   0.055493;0.106681;0.992744;,
   0.055493;0.106681;0.992744;,
   0.055493;0.106681;0.992744;,
   -0.821084;-0.560847;0.106168;,
   -0.821084;-0.560847;0.106168;,
   -0.821084;-0.560847;0.106168;,
   -0.821081;-0.560852;0.106166;,
   -0.821081;-0.560852;0.106166;,
   -0.821081;-0.560852;0.106166;,
   0.827282;0.551784;-0.105540;,
   0.827282;0.551784;-0.105540;,
   0.827282;0.551784;-0.105540;,
   0.827279;0.551788;-0.105538;,
   0.827279;0.551788;-0.105538;,
   0.827279;0.551788;-0.105538;,
   -0.568103;0.821018;-0.056470;,
   -0.568103;0.821018;-0.056470;,
   -0.568104;0.821017;-0.056468;,
   -0.568102;0.821018;-0.056472;,
   0.055493;0.106681;0.992744;,
   0.055493;0.106681;0.992744;,
   0.055493;0.106681;0.992744;,
   0.055493;0.106681;0.992744;,
   0.510268;-0.857657;0.063642;,
   0.510268;-0.857657;0.063642;,
   0.510268;-0.857657;0.063642;,
   0.510265;-0.857659;0.063639;,
   0.510265;-0.857659;0.063639;,
   0.510265;-0.857659;0.063639;,
   -0.055492;-0.106682;-0.992743;,
   -0.055492;-0.106682;-0.992743;,
   -0.055492;-0.106682;-0.992743;,
   -0.055492;-0.106682;-0.992743;,
   -0.779786;-0.034450;0.625098;,
   0.067534;-0.865318;-0.496653;,
   0.130797;-0.741624;0.657941;,
   -0.843466;-0.155495;-0.514186;,
   -0.066271;0.865651;0.496243;,
   0.779781;0.033051;-0.625180;,
   -0.132092;0.741223;-0.658133;,
   0.843448;0.156840;0.513806;,
   -0.508595;0.807315;0.299290;,
   -0.549511;0.728256;-0.409487;,
   -0.930641;0.285605;-0.228772;,
   -0.905313;0.335574;0.260383;,
   0.903085;-0.338564;-0.264220;,
   0.932399;-0.283507;0.224180;,
   0.547972;-0.731573;0.405620;,
   0.509643;-0.804916;-0.303931;,
   -0.843451;-0.156834;-0.513803;,
   0.132074;-0.741221;0.658140;,
   -0.779774;-0.033061;0.625188;,
   0.066284;-0.865654;-0.496236;,
   -0.130796;0.741621;-0.657944;,
   0.843469;0.155484;0.514184;,
   0.779786;0.034455;-0.625097;,
   -0.067533;0.865320;0.496649;,
   -0.548005;0.731569;-0.405582;,
   -0.509623;0.804924;0.303944;,
   -0.903084;0.338575;0.264209;,
   -0.932401;0.283491;-0.224191;,
   0.930644;-0.285578;0.228793;,
   0.905309;-0.335600;-0.260360;,
   0.508584;-0.807320;-0.299294;,
   0.549511;-0.728258;0.409485;,
   -0.890974;-0.443471;0.097461;,
   -0.890974;-0.443471;0.097461;,
   -0.890974;-0.443471;0.097461;,
   -0.890974;-0.443472;0.097461;,
   0.886416;0.452361;-0.098162;,
   0.886416;0.452361;-0.098162;,
   0.886416;0.452361;-0.098162;,
   0.886416;0.452361;-0.098162;,
   0.450647;-0.889919;0.070441;,
   0.450647;-0.889919;0.070441;,
   0.450647;-0.889919;0.070441;,
   0.450647;-0.889919;0.070441;,
   -0.055493;-0.106682;-0.992743;,
   -0.055493;-0.106682;-0.992743;,
   -0.055493;-0.106682;-0.992743;,
   -0.055493;-0.106683;-0.992743;,
   -0.504653;0.860924;-0.064307;,
   -0.504653;0.860924;-0.064307;,
   -0.504653;0.860924;-0.064307;,
   -0.504653;0.860924;-0.064307;,
   0.055494;0.106681;0.992744;,
   0.055494;0.106681;0.992744;,
   0.055494;0.106681;0.992744;,
   0.055494;0.106682;0.992743;,
   -0.890974;-0.443472;0.097461;,
   -0.890974;-0.443472;0.097461;,
   -0.890974;-0.443472;0.097461;,
   -0.890974;-0.443472;0.097461;,
   0.886416;0.452362;-0.098162;,
   0.886416;0.452362;-0.098162;,
   0.886416;0.452362;-0.098162;,
   0.886420;0.452355;-0.098158;,
   0.886420;0.452355;-0.098158;,
   0.886420;0.452355;-0.098158;,
   0.450651;-0.889917;0.070441;,
   0.450651;-0.889917;0.070441;,
   0.450651;-0.889917;0.070441;,
   0.450651;-0.889917;0.070441;,
   0.055492;0.106681;0.992744;,
   0.055492;0.106681;0.992744;,
   0.055492;0.106681;0.992744;,
   0.055494;0.106680;0.992744;,
   0.055494;0.106680;0.992744;,
   0.055494;0.106680;0.992744;,
   -0.504655;0.860923;-0.064306;,
   -0.504655;0.860923;-0.064306;,
   -0.504655;0.860923;-0.064306;,
   -0.504657;0.860922;-0.064308;,
   -0.504657;0.860922;-0.064308;,
   -0.504657;0.860922;-0.064308;,
   -0.055494;-0.106680;-0.992744;,
   -0.055494;-0.106680;-0.992744;,
   -0.055494;-0.106680;-0.992744;,
   -0.055494;-0.106679;-0.992744;,
   -0.444571;-0.598098;0.666810;,
   -0.692660;0.412551;-0.591628;,
   -0.506997;-0.721161;-0.472102;,
   -0.629081;0.535668;0.563309;,
   0.693614;-0.411613;0.591163;,
   0.443312;0.598764;-0.667051;,
   0.508225;0.720455;0.471860;,
   0.628096;-0.536657;-0.563467;,
   0.442768;-0.792289;0.419802;,
   0.399719;-0.868573;-0.292926;,
   -0.181759;-0.974246;-0.133450;,
   -0.157945;-0.922633;0.351854;,
   0.154397;0.921656;-0.355965;,
   0.184866;0.974275;0.128889;,
   -0.403199;0.868387;0.288677;,
   -0.439808;0.791498;-0.424383;,
   -0.508225;-0.720457;-0.471858;,
   -0.628099;0.536653;0.563467;,
   -0.693614;0.411613;-0.591164;,
   -0.443304;-0.598767;0.667053;,
   0.629086;-0.535664;-0.563307;,
   0.506994;0.721164;0.472101;,
   0.692669;-0.412527;0.591635;,
   0.444567;0.598102;-0.666810;,
   0.403199;-0.868386;-0.288681;,
   0.439809;-0.791497;0.424382;,
   -0.154397;-0.921655;0.355970;,
   -0.184831;-0.974286;-0.128861;,
   0.181758;0.974246;0.133451;,
   0.157944;0.922635;-0.351851;,
   -0.442772;0.792290;-0.419798;,
   -0.399718;0.868573;0.292928;,
   -0.512587;-0.850206;0.120020;,
   -0.512587;-0.850206;0.120020;,
   -0.512587;-0.850206;0.120020;,
   -0.512585;-0.850207;0.120018;,
   -0.512585;-0.850207;0.120018;,
   -0.512585;-0.850207;0.120018;,
   -0.307015;-0.498485;0.810712;,
   -0.512585;-0.850201;0.120057;,
   -0.512585;-0.850202;0.120057;,
