xof 0303txt 0032
template ColorRGBA {
 <35ff44e0-6c7c-11cf-8f52-0040333594a3>
 FLOAT red;
 FLOAT green;
 FLOAT blue;
 FLOAT alpha;
}

template ColorRGB {
 <d3e16e81-7835-11cf-8f52-0040333594a3>
 FLOAT red;
 FLOAT green;
 FLOAT blue;
}

template Material {
 <3d82ab4d-62da-11cf-ab39-0020af71e433>
 ColorRGBA faceColor;
 FLOAT power;
 ColorRGB specularColor;
 ColorRGB emissiveColor;
 [...]
}

template TextureFilename {
 <a42790e1-7810-11cf-8f52-0040333594a3>
 STRING filename;
}

template Frame {
 <3d82ab46-62da-11cf-ab39-0020af71e433>
 [...]
}

template Matrix4x4 {
 <f6f23f45-7686-11cf-8f52-0040333594a3>
 array FLOAT matrix[16];
}

template FrameTransformMatrix {
 <f6f23f41-7686-11cf-8f52-0040333594a3>
 Matrix4x4 frameMatrix;
}

template Vector {
 <3d82ab5e-62da-11cf-ab39-0020af71e433>
 FLOAT x;
 FLOAT y;
 FLOAT z;
}

template MeshFace {
 <3d82ab5f-62da-11cf-ab39-0020af71e433>
 DWORD nFaceVertexIndices;
 array DWORD faceVertexIndices[nFaceVertexIndices];
}

template Mesh {
 <3d82ab44-62da-11cf-ab39-0020af71e433>
 DWORD nVertices;
 array Vector vertices[nVertices];
 DWORD nFaces;
 array MeshFace faces[nFaces];
 [...]
}

template MeshNormals {
 <f6f23f43-7686-11cf-8f52-0040333594a3>
 DWORD nNormals;
 array Vector normals[nNormals];
 DWORD nFaceNormals;
 array MeshFace faceNormals[nFaceNormals];
}

template MeshMaterialList {
 <f6f23f42-7686-11cf-8f52-0040333594a3>
 DWORD nMaterials;
 DWORD nFaceIndexes;
 array DWORD faceIndexes[nFaceIndexes];
 [Material <3d82ab4d-62da-11cf-ab39-0020af71e433>]
}

template Coords2d {
 <f6f23f44-7686-11cf-8f52-0040333594a3>
 FLOAT u;
 FLOAT v;
}

template MeshTextureCoords {
 <f6f23f40-7686-11cf-8f52-0040333594a3>
 DWORD nTextureCoords;
 array Coords2d textureCoords[nTextureCoords];
}

template XSkinMeshHeader {
 <3cf169ce-ff7c-44ab-93c0-f78f62d172e2>
 WORD nMaxSkinWeightsPerVertex;
 WORD nMaxSkinWeightsPerFace;
 WORD nBones;
}

template SkinWeights {
 <6f0d123b-bad2-4167-a0d0-80224f25fabb>
 STRING transformNodeName;
 DWORD nWeights;
 array DWORD vertexIndices[nWeights];
 array FLOAT weights[nWeights];
 Matrix4x4 matrixOffset;
}

template AnimTicksPerSecond {
 <9e415a43-7ba6-4a73-8743-b73d47e88476>
 DWORD AnimTicksPerSecond;
}

template Animation {
 <3d82ab4f-62da-11cf-ab39-0020af71e433>
 [...]
}

template AnimationSet {
 <3d82ab50-62da-11cf-ab39-0020af71e433>
 [Animation <3d82ab4f-62da-11cf-ab39-0020af71e433>]
}

template FloatKeys {
 <10dd46a9-775b-11cf-8f52-0040333594a3>
 DWORD nValues;
 array FLOAT values[nValues];
}

template TimedFloatKeys {
 <f406b180-7b3b-11cf-8f52-0040333594a3>
 DWORD time;
 FloatKeys tfkeys;
}

template AnimationKey {
 <10dd46a8-775b-11cf-8f52-0040333594a3>
 DWORD keyType;
 DWORD nKeys;
 array TimedFloatKeys keys[nKeys];
}


Material Material__125 {
 1.000000;1.000000;1.000000;1.000000;;
 9.999999;
 0.000000;0.000000;0.000000;;
 0.000000;0.000000;0.000000;;

 TextureFilename {
  "GasCan.png";
 }
}

Frame Dummy01 {
 

 FrameTransformMatrix {
  1.000000,0.000000,0.000000,0.000000,0.000000,-0.000000,-1.000000,0.000000,0.000000,1.000000,-0.000000,0.000000,0.000000,0.000000,0.000000,1.000000;;
 }

 Frame Bip01 {
  

  FrameTransformMatrix {
   -0.087155,0.982405,-0.165183,0.000000,-0.000001,0.165814,0.986157,0.000000,0.996195,0.085949,-0.014450,0.000000,-0.010000,-0.012284,0.490453,1.000000;;
  }

  Frame Bip01_Pelvis {
   

   FrameTransformMatrix {
    0.000000,1.000000,-0.000001,0.000000,-0.000001,0.000001,1.000000,0.000000,1.000000,0.000000,0.000001,0.000000,0.000000,0.000000,0.000000,1.000000;;
   }

   Frame Bip01_Spine {
    

    FrameTransformMatrix {
     0.984686,0.000002,-0.174337,0.000000,-0.000001,1.000000,0.000004,0.000000,0.174337,-0.000004,0.984686,0.000000,0.051619,0.000000,-0.000083,1.000000;;
    }

    Frame Bip01_Spine1 {
     

     FrameTransformMatrix {
      0.997819,0.052687,0.039774,0.000000,-0.044862,0.983198,-0.176942,0.000000,-0.048428,0.174771,0.983417,0.000000,0.106484,-0.000015,-0.000083,1.000000;;
     }

     Frame Bip01_Neck {
      

      FrameTransformMatrix {
       0.966067,-0.020835,0.257451,0.000000,0.025191,0.999590,-0.013632,0.000000,-0.257061,0.019655,0.966195,0.000000,0.130511,-0.000001,0.004626,1.000000;;
      }

      Frame Bip01_Head {
       

       FrameTransformMatrix {
        0.989321,-0.051753,-0.136255,0.000000,0.064251,0.993958,0.088989,0.000000,0.130826,-0.096793,0.986669,0.000000,0.033674,-0.000000,-0.000000,1.000000;;
       }

       Frame Bip01_HeadNub {
        

        FrameTransformMatrix {
         1.000000,-0.000000,-0.000000,0.000000,-0.000000,1.000000,0.000000,0.000000,0.000000,-0.000000,1.000000,0.000000,0.169824,0.000000,0.000000,1.000000;;
        }
       }
      }

      Frame Bip01_L_Clavicle {
       

       FrameTransformMatrix {
        -0.205975,0.976135,0.068811,0.000000,0.943873,0.216738,-0.249254,0.000000,-0.258220,0.013609,-0.965990,0.000000,-0.024734,0.015166,0.002017,1.000000;;
       }

       Frame Bip01_L_UpperArm {
        

        FrameTransformMatrix {
         0.385871,-0.777669,0.496320,0.000000,0.922466,0.332598,-0.196046,0.000000,-0.012616,0.533487,0.845714,0.000000,0.087086,-0.000000,-0.000000,1.000000;;
        }

        Frame Bip01_L_Forearm {
         

         FrameTransformMatrix {
          0.943939,0.000000,-0.330119,0.000000,0.000000,1.000000,-0.000000,0.000000,0.330119,-0.000000,0.943939,0.000000,0.137062,0.000000,0.000000,1.000000;;
         }

         Frame Bip01_L_Hand {
          

          FrameTransformMatrix {
           1.000000,-0.000000,0.000000,0.000000,0.000000,0.000796,1.000000,0.000000,0.000000,-1.000000,0.000796,0.000000,0.137062,0.000000,0.000000,1.000000;;
          }

          Frame Bip01_L_Finger0 {
           

           FrameTransformMatrix {
            0.690342,-0.181727,0.700288,0.000000,0.558537,0.749101,-0.356210,0.000000,-0.459853,0.637043,0.618637,0.000000,0.057681,-0.023605,-0.000272,1.000000;;
           }

           Frame Bip01_L_Finger0Nub {
            

            FrameTransformMatrix {
             1.000000,0.000000,0.000000,0.000000,0.000000,1.000000,0.000000,0.000000,-0.000000,0.000000,1.000000,0.000000,0.029435,-0.000000,-0.000000,1.000000;;
            }
           }
          }

          Frame Bip01_L_Finger1 {
           

           FrameTransformMatrix {
            0.728079,-0.000546,0.685493,0.000000,0.000000,1.000000,0.000796,0.000000,-0.685493,-0.000580,0.728079,0.000000,0.084102,0.000000,0.000000,1.000000;;
           }

           Frame Bip01_L_Finger1Nub {
            

            FrameTransformMatrix {
             1.000000,0.000000,0.000000,0.000000,-0.000000,1.000000,-0.000000,0.000000,-0.000000,0.000000,1.000000,0.000000,0.047988,0.000000,-0.000000,1.000000;;
            }
           }
          }
         }
        }
       }
      }

      Frame Bip01_R_Clavicle {
       

       FrameTransformMatrix {
        -0.028509,-0.999573,-0.006461,0.000000,-0.965665,0.025871,0.258498,0.000000,-0.258220,0.013609,-0.965990,0.000000,-0.024080,-0.016250,0.001399,1.000000;;
       }

       Frame Bip01_R_UpperArm {
        

        FrameTransformMatrix {
         0.221390,0.975047,0.016433,0.000000,-0.974986,0.221654,-0.016512,0.000000,-0.019742,-0.012366,0.999729,0.000000,0.087086,0.000000,0.000000,1.000000;;
        }

        Frame Bip01_R_Forearm {
         

         FrameTransformMatrix {
          0.915660,-0.000000,-0.401954,0.000000,-0.000000,1.000000,-0.000000,0.000000,0.401954,-0.000000,0.915660,0.000000,0.137062,0.000000,0.000000,1.000000;;
         }

         Frame Bip01_R_Hand {
          

          FrameTransformMatrix {
           0.975195,-0.000000,-0.221346,0.000000,-0.221346,0.000796,-0.975195,0.000000,0.000176,1.000000,0.000777,0.000000,0.137062,-0.000000,0.000000,1.000000;;
          }

          Frame Bip01_R_Finger0 {
           

           FrameTransformMatrix {
            0.417774,-0.116941,0.900994,0.000000,-0.558537,0.749101,0.356210,0.000000,-0.716591,-0.652054,0.247639,0.000000,0.057681,0.023605,-0.000272,1.000000;;
           }

           Frame Bip01_R_Finger0Nub {
            

            FrameTransformMatrix {
             -1.000000,-0.000000,0.000000,0.000000,-0.000000,1.000000,0.000000,0.000000,-0.000000,0.000000,-1.000000,0.000000,0.029435,-0.000000,0.000000,1.000000;;
            }
           }
          }

          Frame Bip01_R_Finger1 {
           

           FrameTransformMatrix {
            0.352436,0.000745,0.935835,0.000000,0.000000,1.000000,-0.000796,0.000000,-0.935836,0.000281,0.352436,0.000000,0.084102,0.000000,0.000000,1.000000;;
           }

           Frame Bip01_R_Finger1Nub {
            

            FrameTransformMatrix {
             -1.000000,0.000000,0.000000,0.000000,0.000000,1.000000,-0.000000,0.000000,0.000000,-0.000000,-1.000000,0.000000,0.047988,0.000000,0.000000,1.000000;;
            }
           }
          }
         }
        }
       }
      }
     }

     Frame Bip01_BackPack {
      

      FrameTransformMatrix {
       0.180560,0.080500,-0.980264,0.000000,0.047560,0.994764,0.090451,0.000000,0.982413,-0.062954,0.175786,0.000000,0.063697,0.000003,-0.088856,1.000000;;
      }

      Frame Bip01_BackPackNub {
       

       FrameTransformMatrix {
        0.000796,0.000003,1.000000,0.000000,0.000000,-1.000000,0.000003,0.000000,1.000000,-0.000000,-0.000796,0.000000,0.053240,0.000000,0.000000,1.000000;;
       }
      }
     }
    }

    Frame Bip01_L_Thigh {
     

     FrameTransformMatrix {
      -0.888504,0.030427,0.457858,0.000000,-0.032107,-0.999476,0.004114,0.000000,0.457744,-0.011045,0.889016,0.000000,-0.050843,0.055225,-0.008917,1.000000;;
     }

     Frame Bip01_L_Calf {
      

      FrameTransformMatrix {
       0.942235,-0.000000,-0.334952,0.000000,-0.000000,1.000000,-0.000000,0.000000,0.334952,-0.000000,0.942235,0.000000,0.237500,0.000000,-0.000000,1.000000;;
      }

      Frame Bip01_L_Foot {
       

       FrameTransformMatrix {
        0.924325,-0.026487,0.380687,0.000000,-0.068962,0.969570,0.234901,0.000000,-0.375325,-0.243378,0.894371,0.000000,0.206841,0.000000,0.000000,1.000000;;
       }

       Frame Bip01_L_Toe0 {
        

        FrameTransformMatrix {
         0.000000,0.000000,1.000000,0.000000,0.000000,1.000000,-0.000000,0.000000,-1.000000,0.000000,0.000000,0.000000,0.065373,0.000000,0.066450,1.000000;;
        }

        Frame Bip01_L_Toe0Nub {
         

         FrameTransformMatrix {
          -1.000000,0.000000,0.000000,0.000000,0.000000,1.000000,0.000000,0.000000,0.000000,0.000000,-1.000000,0.000000,0.006735,-0.000000,-0.000000,1.000000;;
         }
        }
       }
      }
     }
    }

    Frame Bip01_R_Thigh {
     

     FrameTransformMatrix {
      -0.996965,0.030321,-0.071704,0.000000,-0.029454,-0.999480,-0.013113,0.000000,-0.072065,-0.010961,0.997340,0.000000,-0.050843,-0.055225,-0.008917,1.000000;;
     }

     Frame Bip01_R_Calf {
      

      FrameTransformMatrix {
       0.730239,0.000000,-0.683192,0.000000,0.000000,1.000000,0.000000,0.000000,0.683192,0.000000,0.730239,0.000000,0.237500,0.000000,0.000000,1.000000;;
      }

      Frame Bip01_R_Foot {
       

       FrameTransformMatrix {
        0.991957,0.087165,-0.091782,0.000000,-0.093276,0.993546,-0.064539,0.000000,0.085565,0.072581,0.993685,0.000000,0.206841,0.000000,0.000000,1.000000;;
       }

       Frame Bip01_R_Toe0 {
        

        FrameTransformMatrix {
         0.000000,0.000000,1.000000,0.000000,0.000000,1.000000,-0.000000,0.000000,-1.000000,0.000000,0.000000,0.000000,0.065373,0.000000,0.066450,1.000000;;
        }

        Frame Bip01_R_Toe0Nub {
         

         FrameTransformMatrix {
          1.000000,0.000000,0.000000,0.000000,0.000000,1.000000,-0.000000,0.000000,-0.000000,-0.000000,1.000000,0.000000,0.006735,-0.000000,-0.000000,1.000000;;
         }
        }
       }
      }
     }
    }
   }

   Frame Bip01_DressFront {
    

    FrameTransformMatrix {
     -0.880185,-0.088339,0.466338,0.000000,0.121847,0.907542,0.401896,0.000000,-0.458725,0.410564,-0.788041,0.000000,-0.043935,0.001339,0.061057,1.000000;;
    }

    Frame Bip01_DressFront02 {
     

     FrameTransformMatrix {
      0.912593,0.000001,0.408870,0.000000,-0.000001,1.000000,-0.000000,0.000000,-0.408870,-0.000000,0.912593,0.000000,0.183378,-0.000000,-0.000120,1.000000;;
     }

     Frame Bip01_DressFrontNub {
      

      FrameTransformMatrix {
       0.000796,0.000003,1.000000,0.000000,0.000000,-1.000000,0.000003,0.000000,1.000000,0.000000,-0.000796,0.000000,0.165302,0.000000,0.000000,1.000000;;
      }
     }
    }
   }

   Frame Bip01_DressBack {
    

    FrameTransformMatrix {
     -0.886023,0.038029,0.462080,0.000000,0.191625,0.937561,0.290274,0.000000,-0.422190,0.345735,-0.837988,0.000000,-0.047673,-0.000048,-0.078302,1.000000;;
    }

    Frame Bip01_DressBack02 {
     

     FrameTransformMatrix {
      0.936852,0.174932,-0.302833,0.000000,-0.166408,0.984581,0.053939,0.000000,0.307600,-0.000139,0.951516,0.000000,0.176125,0.000000,-0.000103,1.000000;;
     }

     Frame Bip01_DressBackNub {
      

      FrameTransformMatrix {
       0.000796,0.000003,1.000000,0.000000,0.000000,-1.000000,0.000003,0.000000,1.000000,0.000000,-0.000796,0.000000,0.136508,0.000000,0.000000,1.000000;;
      }
     }
    }
   }
  }

  Frame Bip01_Prop1 {
   

   FrameTransformMatrix {
    -0.233929,-0.108090,0.966227,0.000000,0.687222,0.684611,0.242967,0.000000,-0.687752,0.720849,-0.085868,0.000000,0.076452,-0.048658,-0.145664,1.000000;;
   }
  }

  Frame Bip01_Prop2 {
   

   FrameTransformMatrix {
    -0.163643,-0.967062,0.194966,0.000000,0.985576,-0.168906,-0.010564,0.000000,0.043147,0.190425,0.980753,0.000000,-0.138405,-0.102098,0.114818,1.000000;;
   }
  }
 }
}

Frame Translation_Data {
 

 FrameTransformMatrix {
  -0.000000,0.000000,-1.000000,0.000000,-1.000000,-0.000000,0.000000,0.000000,-0.000000,1.000000,0.000000,0.000000,0.000000,-0.000000,0.000000,1.000000;;
 }
}

Frame GasCan_RHand {
 

 FrameTransformMatrix {
  1.000000,0.000000,0.000000,0.000000,0.000000,1.000000,0.000000,0.000000,0.000000,0.000000,1.000000,0.000000,0.000000,0.000000,0.000000,1.000000;;
 }

 Mesh GasCan_RHand {
  137;
  -0.444225;0.664253;-0.017704;,
  -0.460062;0.705770;0.073502;,
  -0.441264;0.674500;0.076318;,
  -0.463023;0.695523;-0.020520;,
  -0.475274;0.717713;0.091812;,
  -0.466495;0.704372;0.100914;,
  -0.479403;0.721533;0.072393;,
  -0.482365;0.711286;-0.021629;,
  -0.479672;0.702493;-0.047828;,
  -0.471386;0.687447;-0.054374;,
  -0.444225;0.664253;-0.017704;,
  -0.443809;0.642836;-0.042455;,
  -0.452588;0.656177;-0.051558;,
  -0.439432;0.639870;-0.015197;,
  -0.436471;0.650117;0.078824;,
  -0.441264;0.674500;0.076318;,
  -0.439410;0.658055;0.097184;,
  -0.447697;0.673102;0.103731;,
  -0.496124;0.714039;0.100794;,
  -0.474309;0.679537;0.115075;,
  -0.501963;0.719442;0.073331;,
  -0.504925;0.709195;-0.020690;,
  -0.501015;0.697114;-0.054495;,
  -0.479897;0.660200;-0.062344;,
  -0.471386;0.687447;-0.054374;,
  -0.479897;0.660200;-0.062344;,
  -0.458083;0.625698;-0.048063;,
  -0.451996;0.621150;-0.012761;,
  -0.449034;0.631397;0.081260;,
  -0.453191;0.642623;0.107226;,
  -0.474309;0.679537;0.115075;,
  -0.466495;0.704372;0.100914;,
  -0.556038;0.678540;0.106550;,
  -0.534223;0.644038;0.120831;,
  -0.561878;0.683943;0.079088;,
  -0.564839;0.673695;-0.014934;,
  -0.560929;0.661615;-0.048738;,
  -0.539811;0.624701;-0.056588;,
  -0.517997;0.590199;-0.042307;,
  -0.539811;0.624701;-0.056588;,
  -0.511910;0.585650;-0.007005;,
  -0.508948;0.595898;0.087017;,
  -0.513105;0.607124;0.112982;,
  -0.534223;0.644038;0.120831;,
  -0.570312;0.661402;0.100943;,
  -0.552133;0.632426;0.111453;,
  -0.574441;0.665223;0.081524;,
  -0.577402;0.654975;-0.012498;,
  -0.574710;0.646183;-0.038697;,
  -0.557024;0.615501;-0.043835;,
  -0.538846;0.586525;-0.033325;,
  -0.557024;0.615501;-0.043835;,
  -0.534470;0.583559;-0.006066;,
  -0.531509;0.593807;0.087955;,
  -0.534448;0.601745;0.106315;,
  -0.552133;0.632426;0.111453;,
  -0.569648;0.640840;0.084030;,
  -0.572610;0.630592;-0.009991;,
  -0.553811;0.599322;-0.007175;,
  -0.572610;0.630592;-0.009991;,
  -0.550850;0.609570;0.086846;,
  -0.569648;0.640840;0.084030;,
  -0.550850;0.609570;0.086846;,
  -0.553811;0.599322;-0.007175;,
  -0.444225;0.664253;-0.017704;,
  -0.453181;0.695557;-0.017189;,
  -0.463023;0.695523;-0.020520;,
  -0.439811;0.673316;-0.015186;,
  -0.460859;0.689762;-0.050185;,
  -0.471386;0.687447;-0.054374;,
  -0.445916;0.664903;-0.047947;,
  -0.452588;0.656177;-0.051558;,
  -0.439811;0.673316;-0.015186;,
  -0.444225;0.664253;-0.017704;,
  -0.460062;0.705770;0.073502;,
  -0.427115;0.692703;0.069702;,
  -0.441264;0.674500;0.076318;,
  -0.436877;0.708941;0.068240;,
  -0.441264;0.674500;0.076318;,
  -0.419847;0.701755;0.073507;,
  -0.447697;0.673102;0.103731;,
  -0.427115;0.692703;0.069702;,
  -0.425799;0.711655;0.072616;,
  -0.466495;0.704372;0.100914;,
  -0.428021;0.703398;0.000406;,
  -0.422436;0.694108;0.001243;,
  -0.439779;0.700455;0.001222;,
  -0.430637;0.685248;0.002592;,
  -0.430637;0.685248;0.002592;,
  -0.443762;0.672477;-0.026149;,
  -0.425015;0.695352;-0.038364;,
  -0.446482;0.683935;-0.021848;,
  -0.422295;0.683895;-0.042664;,
  -0.446482;0.683935;-0.021848;,
  -0.433450;0.702450;-0.044335;,
  -0.454917;0.691032;-0.027820;,
  -0.425015;0.695352;-0.038364;,
  -0.439164;0.698090;-0.054607;,
  -0.460631;0.686672;-0.038091;,
  -0.436444;0.686632;-0.058907;,
  -0.457911;0.675214;-0.042391;,
  -0.428010;0.679535;-0.052936;,
  -0.449476;0.668117;-0.036420;,
  -0.427388;0.693487;-0.043238;,
  -0.425910;0.687260;-0.045575;,
  -0.431972;0.697344;-0.046483;,
  -0.427388;0.693487;-0.043238;,
  -0.435078;0.694975;-0.052065;,
  -0.433599;0.688748;-0.054402;,
  -0.429015;0.684891;-0.051157;,
  -0.425910;0.687260;-0.045575;,
  -0.388949;0.713868;-0.073516;,
  -0.427388;0.693487;-0.043238;,
  -0.388664;0.707019;-0.074804;,
  -0.427388;0.693487;-0.043238;,
  -0.394726;0.717103;-0.075712;,
  -0.431972;0.697344;-0.046483;,
  -0.388949;0.713868;-0.073516;,
  -0.400217;0.713488;-0.079196;,
  -0.435078;0.694975;-0.052065;,
  -0.399932;0.706638;-0.080485;,
  -0.433599;0.688748;-0.054402;,
  -0.394155;0.703404;-0.078288;,
  -0.429015;0.684891;-0.051157;,
  -0.382691;0.715186;-0.100659;,
  -0.395174;0.714670;-0.099733;,
  -0.388873;0.718376;-0.100653;,
  -0.395293;0.707776;-0.098818;,
  -0.389112;0.704586;-0.098825;,
  -0.382811;0.708291;-0.099745;,
  -0.382691;0.715186;-0.100659;,
  -0.382811;0.708291;-0.099745;,
  -0.388873;0.718376;-0.100653;,
  -0.382691;0.715186;-0.100659;,
  -0.395174;0.714670;-0.099733;,
  -0.395293;0.707776;-0.098818;,
  -0.389112;0.704586;-0.098825;;
  176;
  3;0,1,2;,
  3;1,0,3;,
  3;1,4,5;,
  3;1,6,4;,
  3;7,1,3;,
  3;1,7,6;,
  3;3,8,7;,
  3;3,9,8;,
  3;10,11,12;,
  3;10,13,11;,
  3;14,10,15;,
  3;10,14,13;,
  3;15,16,14;,
  3;15,17,16;,
  3;18,5,4;,
  3;5,18,19;,
  3;20,4,6;,
  3;4,20,18;,
  3;21,6,7;,
  3;6,21,20;,
  3;22,7,8;,
  3;7,22,21;,
  3;23,8,9;,
  3;8,23,22;,
  3;24,12,25;,
  3;26,12,11;,
  3;12,26,25;,
  3;27,11,13;,
  3;11,27,26;,
  3;28,13,14;,
  3;13,28,27;,
  3;29,14,16;,
  3;14,29,28;,
  3;30,16,17;,
  3;16,30,29;,
  3;17,31,30;,
  3;32,19,18;,
  3;19,32,33;,
  3;34,18,20;,
  3;18,34,32;,
  3;35,20,21;,
  3;20,35,34;,
  3;36,21,22;,
  3;21,36,35;,
  3;37,22,23;,
  3;22,37,36;,
  3;38,25,26;,
  3;25,38,39;,
  3;40,26,27;,
  3;26,40,38;,
  3;41,27,28;,
  3;27,41,40;,
  3;42,28,29;,
  3;28,42,41;,
  3;43,29,30;,
  3;29,43,42;,
  3;44,33,32;,
  3;33,44,45;,
  3;46,32,34;,
  3;32,46,44;,
  3;47,34,35;,
  3;34,47,46;,
  3;48,35,36;,
  3;35,48,47;,
  3;49,36,37;,
  3;36,49,48;,
  3;50,39,38;,
  3;39,50,51;,
  3;52,38,40;,
  3;38,52,50;,
  3;53,40,41;,
  3;40,53,52;,
  3;54,41,42;,
  3;41,54,53;,
  3;55,42,43;,
  3;42,55,54;,
  3;45,44,56;,
  3;44,46,56;,
  3;57,46,47;,
  3;46,57,56;,
  3;47,48,57;,
  3;48,49,57;,
  3;51,58,59;,
  3;51,50,58;,
  3;50,52,58;,
  3;60,52,53;,
  3;52,60,58;,
  3;53,54,60;,
  3;54,55,60;,
  3;55,61,60;,
  3;57,62,56;,
  3;62,57,63;,
  3;64,65,66;,
  3;65,64,67;,
  3;66,68,69;,
  3;68,66,65;,
  3;69,70,71;,
  3;70,69,68;,
  3;71,72,73;,
  3;72,71,70;,
  3;74,75,76;,
  3;75,74,77;,
  3;78,79,80;,
  3;79,78,81;,
  3;80,82,83;,
  3;82,80,79;,
  3;83,77,74;,
  3;77,83,82;,
  3;65,84,68;,
  3;68,85,70;,
  3;85,68,84;,
  3;70,85,72;,
  3;67,86,65;,
  3;86,67,87;,
  3;65,86,84;,
  3;85,88,72;,
  3;87,77,86;,
  3;77,87,75;,
  3;86,82,84;,
  3;82,86,77;,
  3;84,79,85;,
  3;79,84,82;,
  3;85,81,88;,
  3;81,85,79;,
  3;89,90,91;,
  3;90,89,92;,
  3;93,94,95;,
  3;94,93,96;,
  3;95,97,98;,
  3;97,95,94;,
  3;98,99,100;,
  3;99,98,97;,
  3;100,101,102;,
  3;101,100,99;,
  3;102,92,89;,
  3;92,102,101;,
  3;92,103,90;,
  3;103,92,104;,
  3;96,105,94;,
  3;105,96,106;,
  3;94,107,97;,
  3;107,94,105;,
  3;97,108,99;,
  3;108,97,107;,
  3;99,109,101;,
  3;109,99,108;,
  3;101,104,92;,
  3;104,101,109;,
  3;110,111,112;,
  3;111,110,113;,
  3;114,115,116;,
  3;115,114,117;,
  3;116,118,119;,
  3;118,116,115;,
  3;119,120,121;,
  3;120,119,118;,
  3;121,122,123;,
  3;122,121,120;,
  3;123,113,110;,
  3;113,123,122;,
  3;124,125,126;,
  3;124,127,125;,
  3;124,128,127;,
  3;129,128,124;,
  3;113,130,111;,
  3;130,113,131;,
  3;117,132,115;,
  3;132,117,133;,
  3;115,134,118;,
  3;134,115,132;,
  3;118,135,120;,
  3;135,118,134;,
  3;120,136,122;,
  3;136,120,135;,
  3;122,131,113;,
  3;131,122,136;;

  MeshNormals {
   137;
   0.995978;0.082889;0.034009;,
   0.497804;0.839825;-0.216529;,
   0.988284;0.009713;-0.152316;,
   0.524976;0.851031;-0.012132;,
   0.356562;0.859555;0.366099;,
   0.378257;0.605226;0.700445;,
   0.265474;0.964069;0.009728;,
   0.263387;0.943086;-0.203016;,
   0.321239;0.753263;-0.573934;,
   0.208350;0.467979;-0.858829;,
   0.995978;0.082889;0.034009;,
   0.880471;-0.136296;-0.454085;,
   0.618125;-0.042266;-0.784943;,
   0.969512;-0.226550;-0.093385;,
   0.970973;-0.209500;0.115414;,
   0.988284;0.009713;-0.152316;,
   0.872684;-0.023774;0.487707;,
   0.619756;0.052502;0.783037;,
   -0.150033;0.753597;0.639986;,
   0.200264;0.197044;0.959723;,
   -0.307424;0.948789;0.072733;,
   -0.317532;0.921899;-0.221982;,
   -0.184163;0.622039;-0.761020;,
   0.130264;-0.001204;-0.991479;,
   0.208350;0.467979;-0.858829;,
   0.130264;-0.001204;-0.991479;,
   0.507587;-0.568331;-0.647577;,
   0.675469;-0.734039;-0.070207;,
   0.682038;-0.697138;0.220958;,
   0.548944;-0.373182;0.747928;,
   0.200264;0.197044;0.959723;,
   0.378257;0.605226;0.700445;,
   -0.503881;0.529113;0.682747;,
   -0.166737;-0.017096;0.985853;,
   -0.671685;0.732962;0.107729;,
   -0.683488;0.706290;-0.184386;,
   -0.562366;0.391795;-0.728176;,
   -0.232564;-0.219492;-0.947490;,
   0.140687;-0.772478;-0.619261;,
   -0.232564;-0.219492;-0.947490;,
   0.309354;-0.950200;-0.037685;,
   0.317777;-0.912965;0.255955;,
   0.166644;-0.594952;0.786296;,
   -0.166737;-0.017096;0.985853;,
   -0.833614;0.103961;0.542475;,
   -0.604610;-0.306216;0.735309;,
   -0.963314;0.236005;0.127783;,
   -0.974957;0.207711;-0.079470;,
   -0.877498;-0.004824;-0.479556;,
   -0.673180;-0.448515;-0.587931;,
   -0.376250;-0.839175;-0.392710;,
   -0.673180;-0.448515;-0.587931;,
   -0.269105;-0.962871;0.021488;,
   -0.257814;-0.937563;0.233470;,
   -0.344198;-0.701561;0.623971;,
   -0.604610;-0.306216;0.735309;,
   -0.911893;-0.354829;0.206268;,
   -0.924026;-0.381111;-0.030493;,
   -0.768527;-0.639776;-0.007198;,
   -0.924026;-0.381111;-0.030493;,
   -0.758443;-0.610087;0.229256;,
   -0.911893;-0.354829;0.206268;,
   -0.758443;-0.610087;0.229256;,
   -0.768527;-0.639776;-0.007198;,
   0.995978;0.082889;0.034009;,
   -0.506627;0.674989;0.536394;,
   0.524976;0.851031;-0.012132;,
   0.307596;-0.693595;0.651391;,
   0.293128;0.696401;-0.655059;,
   0.208350;0.467979;-0.858829;,
   0.809187;-0.172328;-0.561712;,
   0.618125;-0.042266;-0.784943;,
   0.307596;-0.693595;0.651391;,
   0.995978;0.082889;0.034009;,
   0.497804;0.839825;-0.216529;,
   0.385152;-0.850738;-0.357636;,
   0.988284;0.009713;-0.152316;,
   -0.558189;0.703459;-0.439966;,
   0.988284;0.009713;-0.152316;,
   0.937099;0.032975;0.347502;,
   0.619756;0.052502;0.783037;,
   0.385152;-0.850738;-0.357636;,
   0.435699;0.857214;0.274502;,
   0.378257;0.605226;0.700445;,
   0.423969;0.855691;-0.296722;,
   0.974436;-0.059598;-0.216615;,
   -0.831828;0.512422;0.213273;,
   0.038657;-0.939266;0.341005;,
   0.038657;-0.939266;0.341005;,
   0.669720;-0.569127;0.477043;,
   0.796964;0.508463;0.326058;,
   0.450250;0.344844;0.823625;,
   0.972676;-0.226955;0.048915;,
   0.450250;0.344844;0.823625;,
   0.256208;0.964855;-0.058416;,
   -0.221104;0.912719;0.343594;,
   0.796964;0.508463;0.326058;,
   -0.108515;0.685763;-0.719690;,
   -0.670280;0.566074;-0.479880;,
   0.067272;-0.049301;-0.996516;,
   -0.450251;-0.344845;-0.823624;,
   0.607704;-0.505636;-0.612395;,
   0.218385;-0.912179;-0.346752;,
   0.751520;0.404872;-0.520861;,
   0.763804;0.353137;-0.540276;,
   0.713430;0.436927;-0.547825;,
   0.751520;0.404872;-0.520861;,
   0.687630;0.417237;-0.594204;,
   0.699912;0.365497;-0.613624;,
   0.738000;0.333446;-0.586660;,
   0.674226;-0.564686;0.475971;,
   0.695433;0.466376;0.546686;,
   0.458174;0.348494;0.817697;,
   0.808220;-0.447242;0.383087;,
   0.458174;0.348494;0.817697;,
   -0.042226;0.965754;0.256002;,
   -0.215924;0.914233;0.342862;,
   0.695433;0.466376;0.546686;,
   -0.741702;0.605844;-0.287806;,
   -0.671450;0.566060;-0.478259;,
   -0.675033;-0.456073;-0.579938;,
   -0.453728;-0.346008;-0.821225;,
   0.205222;-0.967966;-0.144657;,
   0.217356;-0.913455;-0.344029;,
   -0.068040;-0.129985;-0.989179;,
   -0.068042;-0.129983;-0.989179;,
   -0.068042;-0.129980;-0.989179;,
   -0.068041;-0.129986;-0.989179;,
   -0.068039;-0.129988;-0.989178;,
   -0.068037;-0.129990;-0.989178;,
   0.828208;0.516307;0.217939;,
   0.899338;-0.393336;0.190990;,
   0.063037;0.996003;0.063278;,
   0.828208;0.516307;0.217939;,
   -0.808579;0.564463;-0.166074;,
   -0.824433;-0.513919;-0.237059;,
   0.128811;-0.991271;-0.028090;;
   176;
   3;0,1,2;,
   3;1,0,3;,
   3;1,4,5;,
   3;1,6,4;,
   3;7,1,3;,
   3;1,7,6;,
   3;3,8,7;,
   3;3,9,8;,
   3;10,11,12;,
   3;10,13,11;,
   3;14,10,15;,
   3;10,14,13;,
   3;15,16,14;,
   3;15,17,16;,
   3;18,5,4;,
   3;5,18,19;,
   3;20,4,6;,
   3;4,20,18;,
   3;21,6,7;,
   3;6,21,20;,
   3;22,7,8;,
   3;7,22,21;,
   3;23,8,9;,
   3;8,23,22;,
   3;24,12,25;,
   3;26,12,11;,
   3;12,26,25;,
   3;27,11,13;,
   3;11,27,26;,
   3;28,13,14;,
   3;13,28,27;,
   3;29,14,16;,
   3;14,29,28;,
   3;30,16,17;,
   3;16,30,29;,
   3;17,31,30;,
   3;32,19,18;,
   3;19,32,33;,
   3;34,18,20;,
   3;18,34,32;,
   3;35,20,21;,
   3;20,35,34;,
   3;36,21,22;,
   3;21,36,35;,
   3;37,22,23;,
   3;22,37,36;,
   3;38,25,26;,
   3;25,38,39;,
   3;40,26,27;,
   3;26,40,38;,
   3;41,27,28;,
   3;27,41,40;,
   3;42,28,29;,
   3;28,42,41;,
   3;43,29,30;,
   3;29,43,42;,
   3;44,33,32;,
   3;33,44,45;,
   3;46,32,34;,
   3;32,46,44;,
   3;47,34,35;,
   3;34,47,46;,
   3;48,35,36;,
   3;35,48,47;,
   3;49,36,37;,
   3;36,49,48;,
   3;50,39,38;,
   3;39,50,51;,
   3;52,38,40;,
   3;38,52,50;,
   3;53,40,41;,
   3;40,53,52;,
   3;54,41,42;,
   3;41,54,53;,
   3;55,42,43;,
   3;42,55,54;,
   3;45,44,56;,
   3;44,46,56;,
   3;57,46,47;,
   3;46,57,56;,
   3;47,48,57;,
   3;48,49,57;,
   3;51,58,59;,
   3;51,50,58;,
   3;50,52,58;,
   3;60,52,53;,
   3;52,60,58;,
   3;53,54,60;,
   3;54,55,60;,
   3;55,61,60;,
   3;57,62,56;,
   3;62,57,63;,
   3;64,65,66;,
   3;65,64,67;,
   3;66,68,69;,
   3;68,66,65;,
   3;69,70,71;,
   3;70,69,68;,
   3;71,72,73;,
   3;72,71,70;,
   3;74,75,76;,
   3;75,74,77;,
   3;78,79,80;,
   3;79,78,81;,
   3;80,82,83;,
   3;82,80,79;,
   3;83,77,74;,
   3;77,83,82;,
   3;65,84,68;,
   3;68,85,70;,
   3;85,68,84;,
   3;70,85,72;,
   3;67,86,65;,
   3;86,67,87;,
   3;65,86,84;,
   3;85,88,72;,
   3;87,77,86;,
   3;77,87,75;,
   3;86,82,84;,
   3;82,86,77;,
   3;84,79,85;,
   3;79,84,82;,
   3;85,81,88;,
   3;81,85,79;,
   3;89,90,91;,
   3;90,89,92;,
   3;93,94,95;,
   3;94,93,96;,
   3;95,97,98;,
   3;97,95,94;,
   3;98,99,100;,
   3;99,98,97;,
   3;100,101,102;,
   3;101,100,99;,
   3;102,92,89;,
   3;92,102,101;,
   3;92,103,90;,
   3;103,92,104;,
   3;96,105,94;,
   3;105,96,106;,
   3;94,107,97;,
   3;107,94,105;,
   3;97,108,99;,
   3;108,97,107;,
   3;99,109,101;,
   3;109,99,108;,
   3;101,104,92;,
   3;104,101,109;,
   3;110,111,112;,
   3;111,110,113;,
   3;114,115,116;,
   3;115,114,117;,
   3;116,118,119;,
   3;118,116,115;,
   3;119,120,121;,
   3;120,119,118;,
   3;121,122,123;,
   3;122,121,120;,
   3;123,113,110;,
   3;113,123,122;,
   3;124,125,126;,
   3;124,127,125;,
   3;124,128,127;,
   3;129,128,124;,
   3;113,130,111;,
   3;130,113,131;,
   3;117,132,115;,
   3;132,117,133;,
   3;115,134,118;,
   3;134,115,132;,
   3;118,135,120;,
   3;135,118,134;,
   3;120,136,122;,
   3;136,120,135;,
   3;122,131,113;,
   3;131,122,136;;
  }

  MeshMaterialList {
   1;
   176;
   0,
   0,
   0,
   0,
   0,
   0,
   0,
   0,
   0,
   0,
   0,
   0,
   0,
   0,
   0,
   0,
   0,
   0,
   0,
   0,
   0,
   0,
   0,
   0,
   0,
   0,
   0,
   0,
   0,
   0,
   0,
   0,
   0,
   0,
   0,
   0,
   0,
   0,
   0,
   0,
   0,
   0,
   0,
   0,
   0,
   0,
   0,
   0,
   0,
   0,
   0,
   0,
   0,
   0,
   0,
   0,
   0,
   0,
   0,
   0,
   0,
   0,
   0,
   0,
   0,
   0,
   0,
   0,
   0,
   0,
   0,
   0,
   0,
   0,
   0,
   0,
   0,
   0,
   0,
   0,
   0,
   0,
   0,
   0,
   0,
   0,
   0,
   0,
   0,
   0,
   0,
   0,
   0,
   0,
   0,
   0,
   0,
   0,
   0,
   0,
   0,
   0,
   0,
   0,
   0,
   0,
   0,
   0,
   0,
   0,
   0,
   0,
   0,
   0,
   0,
   0,
   0,
   0,
   0,
   0,
   0,
   0,
   0,
   0,
   0,
   0,
   0,
   0,
   0,
   0,
   0,
   0,
   0,
   0,
   0,
   0,
   0,
   0,
   0,
   0,
   0,
   0,
   0,
   0,
   0,
   0,
   0,
   0,
   0,
   0,
   0,
   0,
   0,
   0,
   0,
   0,
   0,
   0,
   0,
   0,
   0,
   0,
   0,
   0,
   0,
   0,
   0,
   0,
   0,
   0,
   0,
   0,
   0,
   0,
   0,
   0;
   { Material__125 }
  }

  MeshTextureCoords c1 {
   137;
   0.015826;0.192130;,
   0.094475;0.364207;,
   0.017360;0.361131;,
   0.096163;0.192030;,
   0.141451;0.408796;,
   0.143458;0.458608;,
   0.146094;0.362170;,
   0.145998;0.192352;,
   0.145170;0.145788;,
   0.131574;0.107623;,
   0.505926;0.551104;,
   0.436142;0.593490;,
   0.383231;0.594634;,
   0.502166;0.590363;,
   0.702856;0.595098;,
   0.722807;0.552848;,
   0.763232;0.593775;,
   0.854951;0.582833;,
   0.191854;0.409501;,
   0.191065;0.460060;,
   0.193852;0.359584;,
   0.193178;0.192397;,
   0.192182;0.130472;,
   0.192262;0.078267;,
   0.302722;0.586460;,
   0.342205;0.645390;,
   0.435043;0.646649;,
   0.509208;0.643443;,
   0.704203;0.642802;,
   0.776746;0.642914;,
   0.898893;0.646752;,
   0.948464;0.585705;,
   0.354173;0.410861;,
   0.353800;0.462927;,
   0.354005;0.360469;,
   0.356702;0.191984;,
   0.356272;0.132360;,
   0.355456;0.079726;,
   0.435316;0.812169;,
   0.342677;0.811562;,
   0.511389;0.820273;,
   0.713677;0.818986;,
   0.780348;0.819522;,
   0.891230;0.823829;,
   0.403556;0.398631;,
   0.400566;0.462707;,
   0.403425;0.361483;,
   0.406444;0.192059;,
   0.406034;0.142526;,
   0.424412;0.084581;,
   0.437034;0.881406;,
   0.343104;0.877458;,
   0.509817;0.875142;,
   0.715644;0.878419;,
   0.764657;0.879670;,
   0.886290;0.890647;,
   0.452261;0.373882;,
   0.454384;0.183348;,
   0.516588;0.963405;,
   0.307311;0.957674;,
   0.716950;0.968948;,
   0.934587;0.955261;,
   0.526698;0.376351;,
   0.529501;0.184706;,
   0.288378;0.664291;,
   0.215751;0.705140;,
   0.247052;0.654330;,
   0.260528;0.713105;,
   0.206327;0.595735;,
   0.213764;0.567671;,
   0.136640;0.596104;,
   0.128350;0.567787;,
   0.084389;0.701398;,
   0.056295;0.647014;,
   0.216593;0.967692;,
   0.220784;0.858792;,
   0.256277;0.922362;,
   0.200306;0.866755;,
   0.087759;0.925577;,
   0.155996;0.861690;,
   0.117791;0.982502;,
   0.137226;0.862445;,
   0.182302;0.867812;,
   0.203060;0.988668;,
   0.186233;0.704807;,
   0.141041;0.710396;,
   0.199521;0.744570;,
   0.256076;0.751176;,
   0.140803;0.740438;,
   0.924815;0.515164;,
   0.956925;0.367264;,
   0.975795;0.501111;,
   0.914316;0.385258;,
   0.677003;0.493206;,
   0.749775;0.385980;,
   0.724252;0.512620;,
   0.707164;0.375092;,
   0.786034;0.402571;,
   0.775549;0.530723;,
   0.830090;0.402611;,
   0.828251;0.536538;,
   0.874461;0.397049;,
   0.877848;0.529406;,
   0.940727;0.349536;,
   0.904629;0.363547;,
   0.753478;0.366134;,
   0.719886;0.349995;,
   0.793553;0.374186;,
   0.831520;0.376695;,
   0.868375;0.372260;,
   0.904629;0.363547;,
   0.906883;0.117787;,
   0.940727;0.349536;,
   0.879242;0.132619;,
   0.719886;0.349995;,
   0.776420;0.155101;,
   0.753478;0.366134;,
   0.739608;0.120873;,
   0.797671;0.167245;,
   0.793553;0.374186;,
   0.829216;0.167476;,
   0.831520;0.376695;,
   0.854289;0.153715;,
   0.868375;0.372260;,
   0.618377;0.050405;,
   0.563767;0.146138;,
   0.563770;0.082310;,
   0.618377;0.178033;,
   0.673041;0.146133;,
   0.673041;0.082295;,
   0.882988;0.027501;,
   0.862523;0.049233;,
   0.783328;0.040688;,
   0.767458;0.020562;,
   0.801306;0.054730;,
   0.821660;0.056307;,
   0.838012;0.054096;;
  }

  XSkinMeshHeader {
   1;
   1;
   1;
  }

  SkinWeights {
   "Bip01_Prop1";
   137;
   0,
   1,
   2,
   3,
   4,
   5,
   6,
   7,
   8,
   9,
   10,
   11,
   12,
   13,
   14,
   15,
   16,
   17,
   18,
   19,
   20,
   21,
   22,
   23,
   24,
   25,
   26,
   27,
   28,
   29,
   30,
   31,
   32,
   33,
   34,
   35,
   36,
   37,
   38,
   39,
   40,
   41,
   42,
   43,
   44,
   45,
   46,
   47,
   48,
   49,
   50,
   51,
   52,
   53,
   54,
   55,
   56,
   57,
   58,
   59,
   60,
   61,
   62,
   63,
   64,
   65,
   66,
   67,
   68,
   69,
   70,
   71,
   72,
   73,
   74,
   75,
   76,
   77,
   78,
   79,
   80,
   81,
   82,
   83,
   84,
   85,
   86,
   87,
   88,
   89,
   90,
   91,
   92,
   93,
   94,
   95,
   96,
   97,
   98,
   99,
   100,
   101,
   102,
   103,
   104,
   105,
   106,
   107,
   108,
   109,
   110,
   111,
   112,
   113,
   114,
   115,
   116,
   117,
   118,
   119,
   120,
   121,
   122,
   123,
   124,
   125,
   126,
   127,
   128,
   129,
   130,
   131,
   132,
   133,
   134,
   135,
   136;
   1.000000,
   1.000000,
   1.000000,
   1.000000,
   1.000000,
   1.000000,
   1.000000,
   1.000000,
   1.000000,
   1.000000,
   1.000000,
   1.000000,
   1.000000,
   1.000000,
   1.000000,
   1.000000,
   1.000000,
   1.000000,
   1.000000,
   1.000000,
   1.000000,
   1.000000,
   1.000000,
   1.000000,
   1.000000,
   1.000000,
   1.000000,
   1.000000,
   1.000000,
   1.000000,
   1.000000,
   1.000000,
   1.000000,
   1.000000,
   1.000000,
   1.000000,
   1.000000,
   1.000000,
   1.000000,
   1.000000,
   1.000000,
   1.000000,
   1.000000,
   1.000000,
   1.000000,
   1.000000,
   1.000000,
   1.000000,
   1.000000,
   1.000000,
   1.000000,
   1.000000,
   1.000000,
   1.000000,
   1.000000,
   1.000000,
   1.000000,
   1.000000,
   1.000000,
   1.000000,
   1.000000,
   1.000000,
   1.000000,
   1.000000,
   1.000000,
   1.000000,
   1.000000,
   1.000000,
   1.000000,
   1.000000,
   1.000000,
   1.000000,
   1.000000,
   1.000000,
   1.000000,
   1.000000,
   1.000000,
   1.000000,
   1.000000,
   1.000000,
   1.000000,
   1.000000,
   1.000000,
   1.000000,
   1.000000,
   1.000000,
   1.000000,
   1.000000,
   1.000000,
   1.000000,
   1.000000,
   1.000000,
   1.000000,
   1.000000,
   1.000000,
   1.000000,
   1.000000,
   1.000000,
   1.000000,
   1.000000,
   1.000000,
   1.000000,
   1.000000,
   1.000000,
   1.000000,
   1.000000,
   1.000000,
   1.000000,
   1.000000,
   1.000000,
   1.000000,
   1.000000,
   1.000000,
   1.000000,
   1.000000,
   1.000000,
   1.000000,
   1.000000,
   1.000000,
   1.000000,
   1.000000,
   1.000000,
   1.000000,
   1.000000,
   1.000000,
   1.000000,
   1.000000,
   1.000000,
   1.000000,
   1.000000,
   1.000000,
   1.000000,
   1.000000,
   1.000000,
   1.000000,
   1.000000,
   1.000000;
   0.513697,-0.031297,0.857400,0.000000,-0.854513,-0.108296,0.508015,0.000000,0.076954,-0.993626,-0.082376,0.000000,0.821476,0.117511,0.031785,1.000000;;
  }
 }
}

AnimTicksPerSecond  {
 4800;
}

AnimationSet Bob_Walk {
 

 Animation {
  
  { Dummy01 }

  AnimationKey S {
   1;
   2;
   0;3;1.000000,1.000000,1.000000;;,
   3200;3;1.000000,1.000000,1.000000;;;
  }

  AnimationKey R {
   0;
   2;
   0;4;0.707107,0.707107,0.000000,0.000000;;,
   3200;4;0.707107,0.707107,0.000000,0.000000;;;
  }

  AnimationKey T {
   2;
   2;
   0;3;0.000000,0.000000,0.000000;;,
   3200;3;0.000000,0.000000,0.000000;;;
  }
 }

 Animation {
  
  { Bip01 }

  AnimationKey S {
   1;
   2;
   0;3;1.000000,1.000000,1.000000;;,
   3200;3;1.000000,1.000000,1.000000;;;
  }

  AnimationKey R {
   0;
   21;
   0;4;0.515802,-0.436315,-0.562899,-0.476154;;,
   160;4;0.517441,-0.437578,-0.561533,-0.474828;;,
   320;4;0.521626,-0.440871,-0.557927,-0.471441;;,
   480;4;0.527247,-0.445573,-0.552691,-0.466912;;,
   640;4;0.533452,-0.451064,-0.546445,-0.461918;;,
   800;4;0.539863,-0.456672,-0.539862,-0.456671;;,
   960;4;0.546445,-0.461919,-0.533451,-0.451064;;,
   1120;4;0.552691,-0.466914,-0.527246,-0.445574;;,
   1280;4;0.557926,-0.471443,-0.521624,-0.440872;;,
   1440;4;0.561532,-0.474830,-0.517438,-0.437580;;,
   1600;4;0.562897,-0.476157,-0.515800,-0.436316;;,
   1760;4;0.561532,-0.474830,-0.517438,-0.437580;;,
   1920;4;0.557926,-0.471443,-0.521624,-0.440872;;,
   2080;4;0.552691,-0.466914,-0.527246,-0.445574;;,
   2240;4;0.546445,-0.461919,-0.533451,-0.451064;;,
   2400;4;0.539863,-0.456672,-0.539862,-0.456671;;,
   2560;4;0.533452,-0.451064,-0.546445,-0.461918;;,
   2720;4;0.527247,-0.445573,-0.552691,-0.466912;;,
   2880;4;0.521626,-0.440871,-0.557927,-0.471441;;,
   3040;4;0.517441,-0.437578,-0.561533,-0.474828;;,
   3200;4;0.515802,-0.436315,-0.562899,-0.476154;;;
  }

  AnimationKey T {
   2;
   21;
   0;3;-0.010000,-0.012284,0.490453;;,
   160;3;-0.010708,-0.012284,0.491858;;,
   320;3;-0.010749,-0.012284,0.495223;;,
   480;3;-0.010016,-0.012284,0.499328;;,
   640;3;-0.008388,-0.012284,0.502988;;,
   800;3;-0.005725,-0.012284,0.504988;;,
