xof 0303txt 0032
template ColorRGBA {
 <35ff44e0-6c7c-11cf-8f52-0040333594a3>
 FLOAT red;
 FLOAT green;
 FLOAT blue;
 FLOAT alpha;
}

template ColorRGB {
 <d3e16e81-7835-11cf-8f52-0040333594a3>
 FLOAT red;
 FLOAT green;
 FLOAT blue;
}

template Material {
 <3d82ab4d-62da-11cf-ab39-0020af71e433>
 ColorRGBA faceColor;
 FLOAT power;
 ColorRGB specularColor;
 ColorRGB emissiveColor;
 [...]
}

template TextureFilename {
 <a42790e1-7810-11cf-8f52-0040333594a3>
 STRING filename;
}

template Frame {
 <3d82ab46-62da-11cf-ab39-0020af71e433>
 [...]
}

template Matrix4x4 {
 <f6f23f45-7686-11cf-8f52-0040333594a3>
 array FLOAT matrix[16];
}

template FrameTransformMatrix {
 <f6f23f41-7686-11cf-8f52-0040333594a3>
 Matrix4x4 frameMatrix;
}

template Vector {
 <3d82ab5e-62da-11cf-ab39-0020af71e433>
 FLOAT x;
 FLOAT y;
 FLOAT z;
}

template MeshFace {
 <3d82ab5f-62da-11cf-ab39-0020af71e433>
 DWORD nFaceVertexIndices;
 array DWORD faceVertexIndices[nFaceVertexIndices];
}

template Mesh {
 <3d82ab44-62da-11cf-ab39-0020af71e433>
 DWORD nVertices;
 array Vector vertices[nVertices];
 DWORD nFaces;
 array MeshFace faces[nFaces];
 [...]
}

template MeshNormals {
 <f6f23f43-7686-11cf-8f52-0040333594a3>
 DWORD nNormals;
 array Vector normals[nNormals];
 DWORD nFaceNormals;
 array MeshFace faceNormals[nFaceNormals];
}

template MeshMaterialList {
 <f6f23f42-7686-11cf-8f52-0040333594a3>
 DWORD nMaterials;
 DWORD nFaceIndexes;
 array DWORD faceIndexes[nFaceIndexes];
 [Material <3d82ab4d-62da-11cf-ab39-0020af71e433>]
}

template Coords2d {
 <f6f23f44-7686-11cf-8f52-0040333594a3>
 FLOAT u;
 FLOAT v;
}

template MeshTextureCoords {
 <f6f23f40-7686-11cf-8f52-0040333594a3>
 DWORD nTextureCoords;
 array Coords2d textureCoords[nTextureCoords];
}

template XSkinMeshHeader {
 <3cf169ce-ff7c-44ab-93c0-f78f62d172e2>
 WORD nMaxSkinWeightsPerVertex;
 WORD nMaxSkinWeightsPerFace;
 WORD nBones;
}

template SkinWeights {
 <6f0d123b-bad2-4167-a0d0-80224f25fabb>
 STRING transformNodeName;
 DWORD nWeights;
 array DWORD vertexIndices[nWeights];
 array FLOAT weights[nWeights];
 Matrix4x4 matrixOffset;
}

template AnimTicksPerSecond {
 <9e415a43-7ba6-4a73-8743-b73d47e88476>
 DWORD AnimTicksPerSecond;
}

template Animation {
 <3d82ab4f-62da-11cf-ab39-0020af71e433>
 [...]
}

template AnimationSet {
 <3d82ab50-62da-11cf-ab39-0020af71e433>
 [Animation <3d82ab4f-62da-11cf-ab39-0020af71e433>]
}

template FloatKeys {
 <10dd46a9-775b-11cf-8f52-0040333594a3>
 DWORD nValues;
 array FLOAT values[nValues];
}

template TimedFloatKeys {
 <f406b180-7b3b-11cf-8f52-0040333594a3>
 DWORD time;
 FloatKeys tfkeys;
}

template AnimationKey {
 <10dd46a8-775b-11cf-8f52-0040333594a3>
 DWORD keyType;
 DWORD nKeys;
 array TimedFloatKeys keys[nKeys];
}


Material Material__183 {
 1.000000;1.000000;1.000000;1.000000;;
 9.999999;
 0.000000;0.000000;0.000000;;
 0.000000;0.000000;0.000000;;

 TextureFilename {
  "SandBag.png";
 }
}

Frame Dummy01 {
 

 FrameTransformMatrix {
  1.000000,0.000000,0.000000,0.000000,0.000000,-0.000000,-1.000000,0.000000,0.000000,1.000000,-0.000000,0.000000,0.000000,0.000000,0.000000,1.000000;;
 }

 Frame Bip01 {
  

  FrameTransformMatrix {
   -0.087155,0.982405,-0.165183,0.000000,-0.000001,0.165814,0.986157,0.000000,0.996195,0.085949,-0.014450,0.000000,-0.010000,-0.012284,0.490453,1.000000;;
  }

  Frame Bip01_Pelvis {
   

   FrameTransformMatrix {
    0.000000,1.000000,-0.000001,0.000000,-0.000001,0.000001,1.000000,0.000000,1.000000,0.000000,0.000001,0.000000,0.000000,0.000000,0.000000,1.000000;;
   }

   Frame Bip01_Spine {
    

    FrameTransformMatrix {
     0.984686,0.000002,-0.174337,0.000000,-0.000001,1.000000,0.000004,0.000000,0.174337,-0.000004,0.984686,0.000000,0.051619,0.000000,-0.000083,1.000000;;
    }

    Frame Bip01_Spine1 {
     

     FrameTransformMatrix {
      0.997819,0.052687,0.039774,0.000000,-0.044862,0.983198,-0.176942,0.000000,-0.048428,0.174771,0.983417,0.000000,0.106484,-0.000015,-0.000083,1.000000;;
     }

     Frame Bip01_Neck {
      

      FrameTransformMatrix {
       0.966067,-0.020835,0.257451,0.000000,0.025191,0.999590,-0.013632,0.000000,-0.257061,0.019655,0.966195,0.000000,0.130511,-0.000001,0.004626,1.000000;;
      }

      Frame Bip01_Head {
       

       FrameTransformMatrix {
        0.989321,-0.051753,-0.136255,0.000000,0.064251,0.993958,0.088989,0.000000,0.130826,-0.096793,0.986669,0.000000,0.033674,-0.000000,-0.000000,1.000000;;
       }
      }

      Frame Bip01_L_Clavicle {
       

       FrameTransformMatrix {
        -0.205975,0.976135,0.068811,0.000000,0.943873,0.216738,-0.249254,0.000000,-0.258220,0.013609,-0.965990,0.000000,-0.024734,0.015166,0.002017,1.000000;;
       }

       Frame Bip01_L_UpperArm {
        

        FrameTransformMatrix {
         0.385871,-0.777669,0.496320,0.000000,0.922466,0.332598,-0.196046,0.000000,-0.012616,0.533487,0.845714,0.000000,0.087086,-0.000000,-0.000000,1.000000;;
        }

        Frame Bip01_L_Forearm {
         

         FrameTransformMatrix {
          0.943939,0.000000,-0.330119,0.000000,0.000000,1.000000,-0.000000,0.000000,0.330119,-0.000000,0.943939,0.000000,0.137062,0.000000,0.000000,1.000000;;
         }

         Frame Bip01_L_Hand {
          

          FrameTransformMatrix {
           1.000000,-0.000000,0.000000,0.000000,0.000000,0.000796,1.000000,0.000000,0.000000,-1.000000,0.000796,0.000000,0.137062,0.000000,0.000000,1.000000;;
          }

          Frame Bip01_L_Finger0 {
           

           FrameTransformMatrix {
            0.690342,-0.181727,0.700288,0.000000,0.558537,0.749101,-0.356210,0.000000,-0.459853,0.637043,0.618637,0.000000,0.057681,-0.023605,-0.000272,1.000000;;
           }
          }

          Frame Bip01_L_Finger1 {
           

           FrameTransformMatrix {
            0.728079,-0.000546,0.685493,0.000000,0.000000,1.000000,0.000796,0.000000,-0.685493,-0.000580,0.728079,0.000000,0.084102,0.000000,0.000000,1.000000;;
           }
          }
         }
        }
       }
      }

      Frame Bip01_R_Clavicle {
       

       FrameTransformMatrix {
        -0.028509,-0.999573,-0.006461,0.000000,-0.965665,0.025871,0.258498,0.000000,-0.258220,0.013609,-0.965990,0.000000,-0.024080,-0.016250,0.001399,1.000000;;
       }

       Frame Bip01_R_UpperArm {
        

        FrameTransformMatrix {
         0.221390,0.975047,0.016433,0.000000,-0.974986,0.221654,-0.016512,0.000000,-0.019742,-0.012366,0.999729,0.000000,0.087086,0.000000,0.000000,1.000000;;
        }

        Frame Bip01_R_Forearm {
         

         FrameTransformMatrix {
          0.915660,-0.000000,-0.401954,0.000000,-0.000000,1.000000,-0.000000,0.000000,0.401954,-0.000000,0.915660,0.000000,0.137062,0.000000,0.000000,1.000000;;
         }

         Frame Bip01_R_Hand {
          

          FrameTransformMatrix {
           0.975195,-0.000000,-0.221346,0.000000,-0.221346,0.000796,-0.975195,0.000000,0.000176,1.000000,0.000777,0.000000,0.137062,-0.000000,0.000000,1.000000;;
          }

          Frame Bip01_R_Finger0 {
           

           FrameTransformMatrix {
            0.417774,-0.116941,0.900994,0.000000,-0.558537,0.749101,0.356210,0.000000,-0.716591,-0.652054,0.247639,0.000000,0.057681,0.023605,-0.000272,1.000000;;
           }
          }

          Frame Bip01_R_Finger1 {
           

           FrameTransformMatrix {
            0.352436,0.000745,0.935835,0.000000,0.000000,1.000000,-0.000796,0.000000,-0.935836,0.000281,0.352436,0.000000,0.084102,0.000000,0.000000,1.000000;;
           }
          }
         }
        }
       }
      }
     }

     Frame Bip01_BackPack {
      

      FrameTransformMatrix {
       0.180560,0.080500,-0.980264,0.000000,0.047560,0.994764,0.090451,0.000000,0.982413,-0.062954,0.175786,0.000000,0.063697,0.000003,-0.088856,1.000000;;
      }
     }
    }

    Frame Bip01_L_Thigh {
     

     FrameTransformMatrix {
      -0.888504,0.030427,0.457858,0.000000,-0.032107,-0.999476,0.004114,0.000000,0.457744,-0.011045,0.889016,0.000000,-0.050843,0.055225,-0.008917,1.000000;;
     }

     Frame Bip01_L_Calf {
      

      FrameTransformMatrix {
       0.942235,-0.000000,-0.334952,0.000000,-0.000000,1.000000,-0.000000,0.000000,0.334952,-0.000000,0.942235,0.000000,0.237500,0.000000,-0.000000,1.000000;;
      }

      Frame Bip01_L_Foot {
       

       FrameTransformMatrix {
        0.924325,-0.026487,0.380687,0.000000,-0.068962,0.969570,0.234901,0.000000,-0.375325,-0.243378,0.894371,0.000000,0.206841,0.000000,0.000000,1.000000;;
       }

       Frame Bip01_L_Toe0 {
        

        FrameTransformMatrix {
         0.000000,0.000000,1.000000,0.000000,0.000000,1.000000,-0.000000,0.000000,-1.000000,0.000000,0.000000,0.000000,0.065373,0.000000,0.066450,1.000000;;
        }
       }
      }
     }
    }

    Frame Bip01_R_Thigh {
     

     FrameTransformMatrix {
      -0.996965,0.030321,-0.071704,0.000000,-0.029454,-0.999480,-0.013113,0.000000,-0.072065,-0.010961,0.997340,0.000000,-0.050843,-0.055225,-0.008917,1.000000;;
     }

     Frame Bip01_R_Calf {
      

      FrameTransformMatrix {
       0.730239,0.000000,-0.683192,0.000000,0.000000,1.000000,0.000000,0.000000,0.683192,0.000000,0.730239,0.000000,0.237500,0.000000,0.000000,1.000000;;
      }

      Frame Bip01_R_Foot {
       

       FrameTransformMatrix {
        0.991957,0.087165,-0.091782,0.000000,-0.093276,0.993546,-0.064539,0.000000,0.085565,0.072581,0.993685,0.000000,0.206841,0.000000,0.000000,1.000000;;
       }

       Frame Bip01_R_Toe0 {
        

        FrameTransformMatrix {
         0.000000,0.000000,1.000000,0.000000,0.000000,1.000000,-0.000000,0.000000,-1.000000,0.000000,0.000000,0.000000,0.065373,0.000000,0.066450,1.000000;;
        }
       }
      }
     }
    }
   }

   Frame Bip01_DressFront {
    

    FrameTransformMatrix {
     -0.880185,-0.088339,0.466338,0.000000,0.121847,0.907542,0.401896,0.000000,-0.458725,0.410564,-0.788041,0.000000,-0.043935,0.001339,0.061057,1.000000;;
    }

    Frame Bip01_DressFront02 {
     

     FrameTransformMatrix {
      0.912593,0.000001,0.408870,0.000000,-0.000001,1.000000,-0.000000,0.000000,-0.408870,-0.000000,0.912593,0.000000,0.183378,-0.000000,-0.000120,1.000000;;
     }
    }
   }

   Frame Bip01_DressBack {
    

    FrameTransformMatrix {
     -0.886023,0.038029,0.462080,0.000000,0.191625,0.937561,0.290274,0.000000,-0.422190,0.345735,-0.837988,0.000000,-0.047673,-0.000048,-0.078302,1.000000;;
    }

    Frame Bip01_DressBack02 {
     

     FrameTransformMatrix {
      0.936852,0.174932,-0.302833,0.000000,-0.166408,0.984581,0.053939,0.000000,0.307600,-0.000139,0.951516,0.000000,0.176125,0.000000,-0.000103,1.000000;;
     }
    }
   }
  }

  Frame Bip01_Prop1 {
   

   FrameTransformMatrix {
    -0.233929,-0.108090,0.966227,0.000000,0.687222,0.684611,0.242967,0.000000,-0.687752,0.720849,-0.085868,0.000000,0.076452,-0.048658,-0.145664,1.000000;;
   }
  }

  Frame Bip01_Prop2 {
   

   FrameTransformMatrix {
    -0.163643,-0.967062,0.194966,0.000000,0.985576,-0.168906,-0.010564,0.000000,0.043147,0.190425,0.980753,0.000000,-0.138405,-0.102098,0.114818,1.000000;;
   }
  }
 }
}

Frame Translation_Data {
 

 FrameTransformMatrix {
  -0.000000,0.000000,-1.000000,0.000000,-1.000000,-0.000000,0.000000,0.000000,-0.000000,1.000000,0.000000,0.000000,0.000000,-0.000000,0.000000,1.000000;;
 }
}

Frame SandBag_RHand {
 

 FrameTransformMatrix {
  1.000000,0.000000,0.000000,0.000000,0.000000,1.000000,0.000000,0.000000,0.000000,0.000000,1.000000,0.000000,-0.000000,-0.000000,0.000000,1.000000;;
 }

 Mesh SandBag_RHand {
  158;
  -0.669291;0.554241;0.058778;,
  -0.676470;0.582466;0.022625;,
  -0.670326;0.550658;0.025898;,
  -0.675435;0.586050;0.055504;,
  -0.670772;0.547106;-0.000643;,
  -0.671319;0.568690;-0.002978;,
  -0.670635;0.544328;-0.016350;,
  -0.661405;0.549985;-0.015145;,
  -0.670635;0.544328;-0.016350;,
  -0.650627;0.534269;0.000121;,
  -0.669502;0.544994;-0.000453;,
  -0.661405;0.549985;-0.015145;,
  -0.642989;0.526772;0.027640;,
  -0.668272;0.547241;0.026206;,
  -0.642075;0.530284;0.060532;,
  -0.667236;0.550824;0.059085;,
  -0.666791;0.554376;0.085627;,
  -0.647904;0.543658;0.086200;,
  -0.666928;0.557154;0.101333;,
  -0.657818;0.562364;0.098367;,
  -0.666928;0.557154;0.101333;,
  -0.668596;0.578079;0.083100;,
  -0.668060;0.556488;0.085437;,
  -0.657818;0.562364;0.098367;,
  -0.662302;0.594861;0.020166;,
  -0.661225;0.598587;0.054352;,
  -0.656091;0.580067;-0.006430;,
  -0.644966;0.559855;-0.015278;,
  -0.633175;0.541946;-0.002997;,
  -0.644966;0.559855;-0.015278;,
  -0.625222;0.533181;0.025721;,
  -0.624145;0.536907;0.059907;,
  -0.630356;0.551701;0.086503;,
  -0.641481;0.571913;0.095350;,
  -0.653272;0.589822;0.083070;,
  -0.641481;0.571913;0.095350;,
  -0.612732;0.626419;0.015165;,
  -0.611655;0.630145;0.049352;,
  -0.606151;0.611008;-0.011377;,
  -0.594427;0.589800;-0.020135;,
  -0.582037;0.570894;-0.007764;,
  -0.594427;0.589800;-0.020135;,
  -0.573714;0.561513;0.021010;,
  -0.572637;0.565239;0.055197;,
  -0.579217;0.580649;0.081738;,
  -0.590942;0.601858;0.090496;,
  -0.603332;0.620763;0.078126;,
  -0.590942;0.601858;0.090496;,
  -0.555806;0.656358;0.010771;,
  -0.554770;0.659942;0.043650;,
  -0.549844;0.642147;-0.014811;,
  -0.539160;0.622737;-0.023323;,
  -0.527837;0.605541;-0.011514;,
  -0.539160;0.622737;-0.023323;,
  -0.520199;0.597128;0.016105;,
  -0.519163;0.600711;0.048984;,
  -0.525126;0.614923;0.074566;,
  -0.535809;0.634333;0.083078;,
  -0.547132;0.651529;0.071269;,
  -0.535809;0.634333;0.083078;,
  -0.514301;0.671474;0.008526;,
  -0.513350;0.674766;0.038727;,
  -0.509813;0.660437;-0.012822;,
  -0.501705;0.645507;-0.020503;,
  -0.493034;0.632525;-0.010308;,
  -0.501705;0.645507;-0.020503;,
  -0.487152;0.626311;0.012593;,
  -0.486200;0.629603;0.042794;,
  -0.490680;0.640671;0.064424;,
  -0.498788;0.655601;0.072105;,
  -0.507459;0.668582;0.061910;,
  -0.498788;0.655601;0.072105;,
  -0.429024;0.706675;0.076317;,
  -0.419540;0.709003;0.075993;,
  -0.425696;0.715019;0.077369;,
  -0.414789;0.701100;0.076705;,
  -0.410624;0.709103;0.077680;,
  -0.421337;0.693888;0.077469;,
  -0.412523;0.693107;0.079343;,
  -0.430135;0.697334;0.077229;,
  -0.428769;0.689136;0.080059;,
  -0.436911;0.702679;0.078839;,
  -0.492770;0.674108;0.008513;,
  -0.491973;0.676865;0.033811;,
  -0.489931;0.666221;-0.010582;,
  -0.484552;0.656173;-0.016564;,
  -0.478744;0.647613;-0.008906;,
  -0.484552;0.656173;-0.016564;,
  -0.474670;0.644000;0.011224;,
  -0.473873;0.646758;0.036522;,
  -0.476767;0.654454;0.053861;,
  -0.482146;0.664501;0.059844;,
  -0.487954;0.673062;0.052186;,
  -0.482146;0.664501;0.059844;,
  -0.464930;0.679615;0.007932;,
  -0.464207;0.681044;0.018970;,
  -0.463014;0.676419;-0.000311;,
  -0.460325;0.671944;-0.003167;,
  -0.457892;0.667899;0.000456;,
  -0.460325;0.671944;-0.003167;,
  -0.456643;0.665830;0.009173;,
  -0.455919;0.667259;0.020211;,
  -0.457235;0.670997;0.030464;,
  -0.459882;0.675613;0.034621;,
  -0.462357;0.679516;0.029697;,
  -0.459882;0.675613;0.034621;,
  -0.436721;0.692515;0.010159;,
  -0.438462;0.691825;0.014122;,
  -0.434443;0.691628;0.007083;,
  -0.432500;0.689503;0.006069;,
  -0.431632;0.686952;0.007504;,
  -0.432500;0.689503;0.006069;,
  -0.432173;0.684949;0.010840;,
  -0.433914;0.684259;0.014803;,
  -0.436192;0.685146;0.017879;,
  -0.438135;0.687271;0.018893;,
  -0.439003;0.689822;0.017458;,
  -0.438135;0.687271;0.018893;,
  -0.423062;0.702831;0.033535;,
  -0.426779;0.700745;0.035186;,
  -0.419186;0.703074;0.032329;,
  -0.416632;0.701380;0.032029;,
  -0.416375;0.698398;0.032750;,
  -0.416632;0.701380;0.032029;,
  -0.418514;0.695265;0.034216;,
  -0.422231;0.693179;0.035867;,
  -0.426107;0.692937;0.037073;,
  -0.428661;0.694630;0.037372;,
  -0.428918;0.697613;0.036652;,
  -0.428661;0.694630;0.037372;,
  -0.425696;0.715019;0.077369;,
  -0.429024;0.706675;0.076317;,
  -0.419540;0.709003;0.075993;,
  -0.410624;0.709103;0.077680;,
  -0.414789;0.701100;0.076705;,
  -0.410624;0.709103;0.077680;,
  -0.412523;0.693107;0.079343;,
  -0.421337;0.693888;0.077469;,
  -0.428769;0.689136;0.080059;,
  -0.430135;0.697334;0.077229;,
  -0.436911;0.702679;0.078839;,
  -0.430135;0.697334;0.077229;,
  -0.670326;0.550658;0.025898;,
  -0.671877;0.550509;0.060585;,
  -0.669291;0.554241;0.058778;,
  -0.672995;0.546642;0.025101;,
  -0.670973;0.553638;0.089293;,
  -0.668060;0.556488;0.085437;,
  -0.670405;0.555603;0.107321;,
  -0.666928;0.557154;0.101333;,
  -0.666791;0.554376;0.085627;,
  -0.667236;0.550824;0.059085;,
  -0.668272;0.547241;0.026206;,
  -0.673899;0.543513;-0.003607;,
  -0.669502;0.544994;-0.000453;,
  -0.674467;0.541548;-0.021635;,
  -0.670635;0.544328;-0.016350;,
  -0.670772;0.547106;-0.000643;;
  228;
  3;0,1,2;,
  3;1,0,3;,
  3;1,4,2;,
  3;4,1,5;,
  3;5,6,4;,
  3;6,5,7;,
  3;8,9,10;,
  3;9,8,11;,
  3;10,12,13;,
  3;12,10,9;,
  3;13,14,15;,
  3;14,13,12;,
  3;14,16,15;,
  3;16,14,17;,
  3;17,18,16;,
  3;18,17,19;,
  3;20,21,22;,
  3;21,20,23;,
  3;22,3,0;,
  3;3,22,21;,
  3;3,24,1;,
  3;24,3,25;,
  3;1,26,5;,
  3;26,1,24;,
  3;5,27,7;,
  3;27,5,26;,
  3;11,28,9;,
  3;28,11,29;,
  3;9,30,12;,
  3;30,9,28;,
  3;12,31,14;,
  3;31,12,30;,
  3;14,32,17;,
  3;32,14,31;,
  3;17,33,19;,
  3;33,17,32;,
  3;23,34,21;,
  3;34,23,35;,
  3;21,25,3;,
  3;25,21,34;,
  3;25,36,24;,
  3;36,25,37;,
  3;24,38,26;,
  3;38,24,36;,
  3;26,39,27;,
  3;39,26,38;,
  3;29,40,28;,
  3;40,29,41;,
  3;28,42,30;,
  3;42,28,40;,
  3;30,43,31;,
  3;43,30,42;,
  3;31,44,32;,
  3;44,31,43;,
  3;32,45,33;,
  3;45,32,44;,
  3;35,46,34;,
  3;46,35,47;,
  3;34,37,25;,
  3;37,34,46;,
  3;37,48,36;,
  3;48,37,49;,
  3;36,50,38;,
  3;50,36,48;,
  3;38,51,39;,
  3;51,38,50;,
  3;41,52,40;,
  3;52,41,53;,
  3;40,54,42;,
  3;54,40,52;,
  3;42,55,43;,
  3;55,42,54;,
  3;43,56,44;,
  3;56,43,55;,
  3;44,57,45;,
  3;57,44,56;,
  3;47,58,46;,
  3;58,47,59;,
  3;46,49,37;,
  3;49,46,58;,
  3;49,60,48;,
  3;60,49,61;,
  3;48,62,50;,
  3;62,48,60;,
  3;50,63,51;,
  3;63,50,62;,
  3;53,64,52;,
  3;64,53,65;,
  3;52,66,54;,
  3;66,52,64;,
  3;54,67,55;,
  3;67,54,66;,
  3;55,68,56;,
  3;68,55,67;,
  3;56,69,57;,
  3;69,56,68;,
  3;59,70,58;,
  3;70,59,71;,
  3;58,61,49;,
  3;61,58,70;,
  3;72,73,74;,
  3;73,75,76;,
  3;75,77,78;,
  3;73,77,75;,
  3;77,79,80;,
  3;73,79,77;,
  3;72,79,73;,
  3;72,81,79;,
  3;61,82,60;,
  3;82,61,83;,
  3;60,84,62;,
  3;84,60,82;,
  3;62,85,63;,
  3;85,62,84;,
  3;65,86,64;,
  3;86,65,87;,
  3;64,88,66;,
  3;88,64,86;,
  3;66,89,67;,
  3;89,66,88;,
  3;67,90,68;,
  3;90,67,89;,
  3;68,91,69;,
  3;91,68,90;,
  3;71,92,70;,
  3;92,71,93;,
  3;70,83,61;,
  3;83,70,92;,
  3;83,94,82;,
  3;94,83,95;,
  3;82,96,84;,
  3;96,82,94;,
  3;84,97,85;,
  3;97,84,96;,
  3;87,98,86;,
  3;98,87,99;,
  3;86,100,88;,
  3;100,86,98;,
  3;88,101,89;,
  3;101,88,100;,
  3;89,102,90;,
  3;102,89,101;,
  3;90,103,91;,
  3;103,90,102;,
  3;93,104,92;,
  3;104,93,105;,
  3;92,95,83;,
  3;95,92,104;,
  3;95,106,94;,
  3;106,95,107;,
  3;94,108,96;,
  3;108,94,106;,
  3;96,109,97;,
  3;109,96,108;,
  3;99,110,98;,
  3;110,99,111;,
  3;98,112,100;,
  3;112,98,110;,
  3;100,113,101;,
  3;113,100,112;,
  3;101,114,102;,
  3;114,101,113;,
  3;102,115,103;,
  3;115,102,114;,
  3;105,116,104;,
  3;116,105,117;,
  3;104,107,95;,
  3;107,104,116;,
  3;107,118,106;,
  3;118,107,119;,
  3;106,120,108;,
  3;120,106,118;,
  3;108,121,109;,
  3;121,108,120;,
  3;111,122,110;,
  3;122,111,123;,
  3;110,124,112;,
  3;124,110,122;,
  3;112,125,113;,
  3;125,112,124;,
  3;113,126,114;,
  3;126,113,125;,
  3;114,127,115;,
  3;127,114,126;,
  3;117,128,116;,
  3;128,117,129;,
  3;116,119,107;,
  3;119,116,128;,
  3;119,130,118;,
  3;130,119,131;,
  3;118,132,120;,
  3;132,118,130;,
  3;120,133,121;,
  3;133,120,132;,
  3;123,134,122;,
  3;134,123,135;,
  3;122,136,124;,
  3;136,122,134;,
  3;124,137,125;,
  3;137,124,136;,
  3;125,138,126;,
  3;138,125,137;,
  3;126,139,127;,
  3;139,126,138;,
  3;129,140,128;,
  3;140,129,141;,
  3;128,131,119;,
  3;131,128,140;,
  3;142,143,144;,
  3;143,142,145;,
  3;144,146,147;,
  3;146,144,143;,
  3;147,148,149;,
  3;148,147,146;,
  3;149,146,150;,
  3;146,149,148;,
  3;150,143,151;,
  3;143,150,146;,
  3;151,145,152;,
  3;145,151,143;,
  3;152,153,154;,
  3;153,152,145;,
  3;154,155,156;,
  3;155,154,153;,
  3;156,153,157;,
  3;153,156,155;,
  3;157,145,142;,
  3;145,157,153;;

  MeshNormals {
   158;
   -0.981372;-0.183804;0.055907;,
   -0.922971;0.346748;-0.167004;,
   -0.981680;-0.184872;0.046110;,
   -0.915287;0.377708;0.139948;,
   -0.996886;-0.073325;-0.029011;,
   -0.775701;0.306198;-0.551844;,
   -0.506309;-0.374337;-0.776868;,
   0.054511;-0.032202;-0.997994;,
   -0.506309;-0.374337;-0.776868;,
   -0.069387;-0.905922;-0.417721;,
   -0.532840;-0.845246;0.040509;,
   0.054511;-0.032202;-0.997994;,
   -0.120533;-0.991840;-0.041535;,
   -0.630330;-0.770140;0.097819;,
   -0.109846;-0.957760;0.265764;,
   -0.632382;-0.767031;0.108426;,
   -0.529075;-0.829974;0.176701;,
   -0.019041;-0.776513;0.629813;,
   -0.454613;-0.195031;0.869074;,
   0.138471;0.146540;0.979465;,
   -0.454613;-0.195031;0.869074;,
   -0.762578;0.413086;0.497830;,
   -0.992643;-0.058200;0.106173;,
   0.138471;0.146540;0.979465;,
   -0.595614;0.748147;-0.292437;,
   -0.580735;0.799136;0.155331;,
   -0.450665;0.482504;-0.751060;,
   -0.033285;-0.081243;-0.996138;,
   0.295159;-0.715709;-0.632963;,
   -0.033285;-0.081243;-0.996138;,
   0.401128;-0.905558;-0.138064;,
   0.413470;-0.856178;0.309843;,
   0.314505;-0.563076;0.764220;,
   0.054310;0.093688;0.994119;,
   -0.395310;0.656373;0.642577;,
   0.054310;0.093688;0.994119;,
   -0.499007;0.809339;-0.309777;,
   -0.481085;0.862260;0.158320;,
   -0.368657;0.517126;-0.772446;,
   -0.017361;-0.099880;-0.994848;,
   0.346885;-0.659710;-0.666673;,
   -0.017361;-0.099880;-0.994848;,
   0.502548;-0.849543;-0.160381;,
   0.514141;-0.800372;0.308323;,
   0.386238;-0.506710;0.770756;,
   0.045357;0.116467;0.992158;,
   -0.317399;0.677180;0.663841;,
   0.045357;0.116467;0.992158;,
   -0.405775;0.861725;-0.304592;,
   -0.387203;0.910977;0.142112;,
   -0.296166;0.571842;-0.765038;,
   0.052716;-0.063462;-0.996591;,
   0.425839;-0.621165;-0.657887;,
   0.052716;-0.063462;-0.996591;,
   0.589241;-0.792027;-0.159652;,
   0.604770;-0.742968;0.286795;,
   0.472626;-0.465327;0.748395;,
   0.119399;0.165279;0.978993;,
   -0.240311;0.729426;0.640459;,
   0.119399;0.165279;0.978993;,
   -0.244952;0.926131;-0.286844;,
   -0.209419;0.971699;0.109289;,
   -0.190928;0.660541;-0.726107;,
   0.161067;-0.002978;-0.986939;,
   0.554552;-0.564210;-0.611670;,
   0.161067;-0.002978;-0.986939;,
   0.722494;-0.673666;-0.155487;,
   0.744138;-0.622105;0.243402;,
   0.640688;-0.368599;0.673538;,
   0.301544;0.273575;0.913361;,
   -0.073437;0.821152;0.565966;,
   0.301544;0.273575;0.913361;,
   -0.487472;0.504186;0.712859;,
   0.234834;0.660841;0.712841;,
   -0.156278;0.816035;0.556474;,
   0.629418;0.025933;0.776634;,
   0.679063;0.451084;0.579134;,
   0.186181;-0.560955;0.806639;,
   0.579156;-0.458755;0.673886;,
   -0.532322;-0.266616;0.803461;,
   -0.311948;-0.644196;0.698356;,
   -0.764624;0.136039;0.629956;,
   -0.154300;0.955400;-0.251799;,
   -0.097941;0.992253;0.076429;,
   -0.068743;0.727156;-0.683022;,
   0.303137;0.085720;-0.949084;,
   0.649632;-0.501562;-0.571326;,
   0.303137;0.085720;-0.949084;,
   0.775725;-0.618557;-0.125050;,
   0.819049;-0.536320;0.203762;,
   0.784175;-0.253928;0.566207;,
   0.501377;0.384141;0.775279;,
   0.095320;0.880816;0.463764;,
   0.501377;0.384141;0.775279;,
   -0.282960;0.922539;-0.262402;,
   -0.271030;0.962123;0.029351;,
   -0.122133;0.748779;-0.651470;,
   0.344635;0.121469;-0.930845;,
   0.645376;-0.542314;-0.537946;,
   0.344635;0.121469;-0.930845;,
   0.697234;-0.707462;-0.115592;,
   0.726849;-0.663937;0.175721;,
   0.767370;-0.395039;0.505062;,
   0.530224;0.399041;0.748083;,
   -0.060206;0.916795;0.394793;,
   0.530224;0.399041;0.748083;,
   -0.314456;0.903240;-0.292020;,
   -0.486811;0.870021;0.077967;,
   0.037965;0.750721;-0.659527;,
   0.503188;0.230310;-0.832922;,
   0.736868;-0.392798;-0.550214;,
   0.503188;0.230310;-0.832922;,
   0.671508;-0.728378;-0.136171;,
   0.507011;-0.830785;0.229644;,
   0.265444;-0.714120;0.647744;,
   -0.178086;-0.048309;0.982828;,
   -0.486635;0.672779;0.557274;,
   -0.178086;-0.048309;0.982828;,
   -0.284263;0.935745;-0.208750;,
   -0.683552;0.724829;-0.085907;,
   0.209064;0.917360;-0.338736;,
   0.814472;0.436857;-0.381826;,
   0.939229;-0.248388;-0.236966;,
   0.814472;0.436857;-0.381826;,
   0.667821;-0.739941;-0.080635;,
   0.358971;-0.930212;0.076453;,
   -0.201765;-0.959563;0.196289;,
   -0.827002;-0.508045;0.240744;,
   -0.940571;0.331626;0.073152;,
   -0.827002;-0.508045;0.240744;,
   -0.156278;0.816035;0.556474;,
   -0.487472;0.504186;0.712859;,
   0.234834;0.660841;0.712841;,
   0.679063;0.451084;0.579134;,
   0.629418;0.025933;0.776634;,
   0.679063;0.451084;0.579134;,
   0.579156;-0.458755;0.673886;,
   0.186181;-0.560955;0.806639;,
   -0.311948;-0.644196;0.698356;,
   -0.532322;-0.266616;0.803461;,
   -0.764624;0.136039;0.629956;,
   -0.532322;-0.266616;0.803461;,
   -0.827823;0.559135;-0.045589;,
   -0.853644;-0.511328;0.099172;,
   -0.824560;0.564734;-0.034295;,
   -0.860887;-0.504555;0.065555;,
   -0.833064;-0.519897;0.188976;,
   -0.704267;0.709282;-0.030450;,
   -0.197900;-0.053087;0.978784;,
   0.613482;0.334670;0.715287;,
   0.263051;-0.957378;0.119298;,
   0.104241;-0.987868;0.115110;,
   0.109048;-0.988682;0.103039;,
   -0.871365;-0.489987;-0.025230;,
   0.290994;-0.954149;0.070155;,
   -0.277573;-0.228632;-0.933103;,
   0.479007;0.312575;-0.820274;,
   -0.727165;0.682386;-0.074708;;
   228;
   3;0,1,2;,
   3;1,0,3;,
   3;1,4,2;,
   3;4,1,5;,
   3;5,6,4;,
   3;6,5,7;,
   3;8,9,10;,
   3;9,8,11;,
   3;10,12,13;,
   3;12,10,9;,
   3;13,14,15;,
   3;14,13,12;,
   3;14,16,15;,
   3;16,14,17;,
   3;17,18,16;,
   3;18,17,19;,
   3;20,21,22;,
   3;21,20,23;,
   3;22,3,0;,
   3;3,22,21;,
   3;3,24,1;,
   3;24,3,25;,
   3;1,26,5;,
   3;26,1,24;,
   3;5,27,7;,
   3;27,5,26;,
   3;11,28,9;,
   3;28,11,29;,
   3;9,30,12;,
   3;30,9,28;,
   3;12,31,14;,
   3;31,12,30;,
   3;14,32,17;,
   3;32,14,31;,
   3;17,33,19;,
   3;33,17,32;,
   3;23,34,21;,
   3;34,23,35;,
   3;21,25,3;,
   3;25,21,34;,
   3;25,36,24;,
   3;36,25,37;,
   3;24,38,26;,
   3;38,24,36;,
   3;26,39,27;,
   3;39,26,38;,
   3;29,40,28;,
   3;40,29,41;,
   3;28,42,30;,
   3;42,28,40;,
   3;30,43,31;,
   3;43,30,42;,
   3;31,44,32;,
   3;44,31,43;,
   3;32,45,33;,
   3;45,32,44;,
   3;35,46,34;,
   3;46,35,47;,
   3;34,37,25;,
   3;37,34,46;,
   3;37,48,36;,
   3;48,37,49;,
   3;36,50,38;,
   3;50,36,48;,
   3;38,51,39;,
   3;51,38,50;,
   3;41,52,40;,
   3;52,41,53;,
   3;40,54,42;,
   3;54,40,52;,
   3;42,55,43;,
   3;55,42,54;,
   3;43,56,44;,
   3;56,43,55;,
   3;44,57,45;,
   3;57,44,56;,
   3;47,58,46;,
   3;58,47,59;,
   3;46,49,37;,
   3;49,46,58;,
   3;49,60,48;,
   3;60,49,61;,
   3;48,62,50;,
   3;62,48,60;,
   3;50,63,51;,
   3;63,50,62;,
   3;53,64,52;,
   3;64,53,65;,
   3;52,66,54;,
   3;66,52,64;,
   3;54,67,55;,
   3;67,54,66;,
   3;55,68,56;,
   3;68,55,67;,
   3;56,69,57;,
   3;69,56,68;,
   3;59,70,58;,
   3;70,59,71;,
   3;58,61,49;,
   3;61,58,70;,
   3;72,73,74;,
   3;73,75,76;,
   3;75,77,78;,
   3;73,77,75;,
   3;77,79,80;,
   3;73,79,77;,
   3;72,79,73;,
   3;72,81,79;,
   3;61,82,60;,
   3;82,61,83;,
   3;60,84,62;,
   3;84,60,82;,
   3;62,85,63;,
   3;85,62,84;,
   3;65,86,64;,
   3;86,65,87;,
   3;64,88,66;,
   3;88,64,86;,
   3;66,89,67;,
   3;89,66,88;,
   3;67,90,68;,
   3;90,67,89;,
   3;68,91,69;,
   3;91,68,90;,
   3;71,92,70;,
   3;92,71,93;,
   3;70,83,61;,
   3;83,70,92;,
   3;83,94,82;,
   3;94,83,95;,
   3;82,96,84;,
   3;96,82,94;,
   3;84,97,85;,
   3;97,84,96;,
   3;87,98,86;,
   3;98,87,99;,
   3;86,100,88;,
   3;100,86,98;,
   3;88,101,89;,
   3;101,88,100;,
   3;89,102,90;,
   3;102,89,101;,
   3;90,103,91;,
   3;103,90,102;,
   3;93,104,92;,
   3;104,93,105;,
   3;92,95,83;,
   3;95,92,104;,
   3;95,106,94;,
   3;106,95,107;,
   3;94,108,96;,
   3;108,94,106;,
   3;96,109,97;,
   3;109,96,108;,
   3;99,110,98;,
   3;110,99,111;,
   3;98,112,100;,
   3;112,98,110;,
   3;100,113,101;,
   3;113,100,112;,
   3;101,114,102;,
   3;114,101,113;,
   3;102,115,103;,
   3;115,102,114;,
   3;105,116,104;,
   3;116,105,117;,
   3;104,107,95;,
   3;107,104,116;,
   3;107,118,106;,
   3;118,107,119;,
   3;106,120,108;,
   3;120,106,118;,
   3;108,121,109;,
   3;121,108,120;,
   3;111,122,110;,
   3;122,111,123;,
   3;110,124,112;,
   3;124,110,122;,
   3;112,125,113;,
   3;125,112,124;,
   3;113,126,114;,
   3;126,113,125;,
   3;114,127,115;,
   3;127,114,126;,
   3;117,128,116;,
   3;128,117,129;,
   3;116,119,107;,
   3;119,116,128;,
   3;119,130,118;,
   3;130,119,131;,
   3;118,132,120;,
   3;132,118,130;,
   3;120,133,121;,
   3;133,120,132;,
   3;123,134,122;,
   3;134,123,135;,
   3;122,136,124;,
   3;136,122,134;,
   3;124,137,125;,
   3;137,124,136;,
   3;125,138,126;,
   3;138,125,137;,
   3;126,139,127;,
   3;139,126,138;,
   3;129,140,128;,
   3;140,129,141;,
   3;128,131,119;,
   3;131,128,140;,
   3;142,143,144;,
   3;143,142,145;,
   3;144,146,147;,
   3;146,144,143;,
   3;147,148,149;,
   3;148,147,146;,
   3;149,146,150;,
   3;146,149,148;,
   3;150,143,151;,
   3;143,150,146;,
   3;151,145,152;,
   3;145,151,143;,
   3;152,153,154;,
   3;153,152,145;,
   3;154,155,156;,
   3;155,154,153;,
   3;156,153,157;,
   3;153,156,155;,
   3;157,145,142;,
   3;145,157,153;;
  }

  MeshMaterialList {
   1;
   228;
   0,
   0,
   0,
   0,
   0,
   0,
   0,
   0,
   0,
   0,
   0,
   0,
   0,
   0,
   0,
   0,
   0,
   0,
   0,
   0,
   0,
   0,
   0,
   0,
   0,
   0,
   0,
   0,
   0,
   0,
   0,
   0,
   0,
   0,
   0,
   0,
   0,
   0,
   0,
   0,
   0,
   0,
   0,
   0,
   0,
   0,
   0,
   0,
   0,
   0,
   0,
   0,
   0,
   0,
   0,
   0,
   0,
   0,
   0,
   0,
   0,
   0,
   0,
   0,
   0,
   0,
   0,
   0,
   0,
   0,
   0,
   0,
   0,
   0,
   0,
   0,
   0,
   0,
   0,
   0,
   0,
   0,
   0,
   0,
   0,
   0,
   0,
   0,
   0,
   0,
   0,
   0,
   0,
   0,
   0,
   0,
   0,
   0,
   0,
   0,
   0,
   0,
   0,
   0,
   0,
   0,
   0,
   0,
   0,
   0,
   0,
   0,
   0,
   0,
   0,
   0,
   0,
   0,
   0,
   0,
   0,
   0,
   0,
   0,
   0,
   0,
   0,
   0,
   0,
   0,
   0,
   0,
   0,
   0,
   0,
   0,
   0,
   0,
   0,
   0,
   0,
   0,
   0,
   0,
   0,
   0,
   0,
   0,
   0,
   0,
   0,
   0,
   0,
   0,
   0,
   0,
   0,
   0,
   0,
   0,
   0,
   0,
   0,
   0,
   0,
   0,
   0,
   0,
   0,
   0,
   0,
   0,
   0,
   0,
   0,
   0,
   0,
   0,
   0,
   0,
   0,
   0,
   0,
   0,
   0,
   0,
   0,
   0,
   0,
   0,
   0,
   0,
   0,
   0,
   0,
   0,
   0,
   0,
   0,
   0,
   0,
   0,
   0,
   0,
   0,
   0,
   0,
   0,
   0,
   0,
   0,
   0,
   0,
   0,
   0,
   0,
   0,
   0,
   0,
   0,
   0,
   0,
   0,
   0,
   0,
   0,
   0,
   0;
   { Material__183 }
  }

  MeshTextureCoords c1 {
   158;
   0.205887;0.975760;,
   0.306253;0.899581;,
   0.306253;0.975760;,
   0.205887;0.899581;,
   0.387451;0.975760;,
   0.387451;0.901014;,
   0.475929;0.975760;,
   0.469566;0.901014;,
   0.523973;0.976007;,
   0.614446;0.901261;,
   0.614446;0.976007;,
   0.530336;0.901261;,
   0.695644;0.899828;,
   0.695644;0.976007;,
   0.796010;0.900256;,
   0.796010;0.976007;,
   0.877208;0.976007;,
   0.877208;0.901220;,
   0.961788;0.976007;,
   0.955424;0.901220;,
   0.050265;0.975760;,
   0.124689;0.900973;,
   0.124689;0.975760;,
   0.056628;0.900973;,
   0.308247;0.843021;,
   0.203893;0.843021;,
   0.392671;0.843021;,
   0.465161;0.843021;,
   0.609226;0.843268;,
   0.534741;0.843268;,
   0.693650;0.843268;,
   0.798004;0.843268;,
   0.882428;0.843268;,
   0.951020;0.843268;,
   0.119469;0.843021;,
   0.061033;0.843021;,
   0.308249;0.664237;,
   0.203892;0.664237;,
   0.392676;0.664237;,
   0.465167;0.664237;,
   0.609222;0.664484;,
   0.534735;0.664484;,
   0.693649;0.664484;,
   0.798006;0.664484;,
   0.882433;0.664484;,
   0.951025;0.664484;,
   0.119465;0.664237;,
   0.061027;0.664237;,
   0.306253;0.468966;,
   0.205887;0.468966;,
   0.387451;0.468966;,
   0.458709;0.468966;,
   0.614446;0.469213;,
   0.541193;0.469213;,
   0.695644;0.469213;,
   0.796010;0.469213;,
   0.877208;0.469213;,
   0.944568;0.469213;,
   0.124689;0.468966;,
   0.067485;0.468966;,
   0.304114;0.337179;,
   0.211923;0.337179;,
   0.371649;0.337179;,
   0.433106;0.337179;,
   0.630248;0.337426;,
   0.560726;0.337426;,
   0.697783;0.337426;,
   0.789974;0.337426;,
   0.858372;0.337426;,
   0.922001;0.337426;,
   0.143526;0.337179;,
   0.090052;0.337179;,
   0.504511;0.091360;,
   0.432772;0.143481;,
   0.460174;0.105765;,
   0.460174;0.227814;,
   0.432772;0.190099;,
   0.548847;0.227814;,
   0.504511;0.242220;,
   0.576249;0.143481;,
   0.576249;0.190099;,
   0.548847;0.105765;,
   0.301243;0.277122;,
   0.224020;0.277122;,
   0.361110;0.277122;,
   0.416103;0.277122;,
   0.640787;0.277369;,
   0.577728;0.277369;,
   0.700654;0.277369;,
   0.777878;0.277369;,
   0.832386;0.277369;,
   0.889552;0.277369;,
   0.169511;0.277122;,
   0.122501;0.277122;,
   0.298542;0.190062;,
   0.264739;0.188737;,
   0.324254;0.187943;,
   0.368247;0.187134;,
   0.677644;0.185380;,
   0.632461;0.184571;,
   0.703355;0.187499;,
   0.737159;0.186174;,
   0.769162;0.186397;,
   0.792778;0.187207;,
   0.232735;0.188961;,
   0.192753;0.189770;,
   0.284916;0.097382;,
   0.273365;0.103965;,
   0.294261;0.092057;,
   0.297831;0.090023;,
   0.707636;0.089494;,
   0.690315;0.087460;,
   0.716981;0.094819;,
   0.728533;0.101402;,
   0.737878;0.106727;,
   0.741448;0.108761;,
   0.264019;0.109290;,
   0.254506;0.111324;,
   0.209782;0.051807;,
   0.205844;0.065100;,
   0.212968;0.041053;,
   0.214184;0.036945;,
   0.788930;0.038490;,
   0.787713;0.034382;,
   0.792116;0.049244;,
   0.796054;0.062537;,
   0.799239;0.073291;,
   0.800456;0.077398;,
   0.202658;0.075854;,
   0.201441;0.079962;,
   0.073922;0.050830;,
   0.080150;0.072078;,
   0.079462;0.043747;,
   0.073497;0.020827;,
   0.922436;0.041184;,
   0.928401;0.018264;,
   0.927976;0.048267;,
   0.921748;0.069515;,
   0.927288;0.096812;,
   0.921322;0.117475;,
   0.074610;0.099375;,
   0.080575;0.112372;,
   0.547048;0.027302;,
   0.429032;0.041924;,
   0.433530;0.027302;,
   0.551546;0.041924;,
   0.329917;0.041924;,
   0.341691;0.027302;,
   0.267674;0.041924;,
   0.287136;0.027302;,
   0.341691;0.027302;,
   0.433530;0.027302;,
   0.547048;0.027302;,
   0.650661;0.041924;,
   0.638886;0.027302;,
   0.712903;0.041924;,
   0.693442;0.027302;,
   0.638886;0.027302;;
  }

  XSkinMeshHeader {
   2;
   2;
   2;
  }

  SkinWeights {
   "Bip01_R_Hand";
   58;
   72,
   73,
   74,
   75,
   76,
   77,
   78,
   79,
   80,
   81,
   94,
   95,
   96,
   97,
   98,
   99,
   100,
   101,
   102,
   103,
   104,
   105,
   106,
   107,
   108,
   109,
   110,
   111,
   112,
   113,
   114,
   115,
   116,
   117,
   118,
   119,
   120,
   121,
   122,
   123,
   124,
   125,
   126,
   127,
   128,
   129,
   130,
   131,
   132,
   133,
   134,
   135,
   136,
   137,
   138,
   139,
   140,
   141;
   1.000000,
   1.000000,
   1.000000,
   1.000000,
   1.000000,
   1.000000,
   1.000000,
   1.000000,
   1.000000,
   1.000000,
   0.500000,
   0.500000,
   0.500000,
   0.500000,
   0.500000,
   0.500000,
   0.500000,
   0.500000,
   0.500000,
   0.500000,
   0.500000,
   0.500000,
   1.000000,
   1.000000,
   1.000000,
   1.000000,
   1.000000,
   1.000000,
   1.000000,
   1.000000,
   1.000000,
   1.000000,
   1.000000,
   1.000000,
   1.000000,
   1.000000,
   1.000000,
   1.000000,
   1.000000,
   1.000000,
   1.000000,
   1.000000,
   1.000000,
   1.000000,
   1.000000,
   1.000000,
   1.000000,
   1.000000,
   1.000000,
   1.000000,
   1.000000,
   1.000000,
   1.000000,
   1.000000,
   1.000000,
   1.000000,
   1.000000,
   1.000000;
   -0.944798,0.017844,0.327167,0.000000,-0.326946,-0.116872,-0.937788,0.000000,0.021503,-0.992987,0.116255,0.000000,-0.113466,0.130225,0.806922,1.000000;;
  }

  SkinWeights {
   "Bip01_Prop1";
   112;
   0,
   1,
   2,
   3,
   4,
   5,
   6,
   7,
   8,
   9,
   10,
   11,
   12,
   13,
   14,
   15,
   16,
   17,
   18,
   19,
   20,
   21,
   22,
   23,
   24,
   25,
   26,
   27,
   28,
   29,
   30,
   31,
   32,
   33,
   34,
   35,
   36,
   37,
   38,
   39,
   40,
   41,
   42,
   43,
   44,
   45,
   46,
   47,
   48,
   49,
   50,
   51,
   52,
   53,
   54,
   55,
   56,
   57,
   58,
   59,
   60,
   61,
   62,
   63,
   64,
   65,
   66,
   67,
   68,
   69,
   70,
   71,
   82,
   83,
   84,
   85,
   86,
   87,
   88,
   89,
   90,
   91,
   92,
   93,
   94,
   95,
   96,
   97,
   98,
   99,
   100,
   101,
   102,
   103,
   104,
   105,
   142,
   143,
   144,
   145,
   146,
   147,
   148,
   149,
   150,
   151,
   152,
   153,
   154,
   155,
   156,
   157;
   1.000000,
   1.000000,
   1.000000,
   1.000000,
   1.000000,
   1.000000,
   1.000000,
   1.000000,
   1.000000,
   1.000000,
   1.000000,
   1.000000,
   1.000000,
   1.000000,
   1.000000,
   1.000000,
   1.000000,
   1.000000,
   1.000000,
   1.000000,
   1.000000,
   1.000000,
   1.000000,
   1.000000,
   1.000000,
   1.000000,
   1.000000,
   1.000000,
   1.000000,
   1.000000,
   1.000000,
   1.000000,
   1.000000,
   1.000000,
   1.000000,
   1.000000,
   1.000000,
   1.000000,
   1.000000,
   1.000000,
   1.000000,
   1.000000,
   1.000000,
   1.000000,
   1.000000,
   1.000000,
   1.000000,
   1.000000,
   1.000000,
   1.000000,
   1.000000,
   1.000000,
   1.000000,
   1.000000,
   1.000000,
   1.000000,
   1.000000,
   1.000000,
   1.000000,
   1.000000,
   1.000000,
   1.000000,
   1.000000,
   1.000000,
   1.000000,
   1.000000,
   1.000000,
   1.000000,
   1.000000,
   1.000000,
   1.000000,
   1.000000,
   1.000000,
   1.000000,
   1.000000,
   1.000000,
   1.000000,
   1.000000,
   1.000000,
   1.000000,
   1.000000,
   1.000000,
   1.000000,
   1.000000,
   0.500000,
   0.500000,
   0.500000,
   0.500000,
   0.500000,
   0.500000,
   0.500000,
   0.500000,
   0.500000,
   0.500000,
   0.500000,
