xof 0303txt 0032
template ColorRGBA {
 <35ff44e0-6c7c-11cf-8f52-0040333594a3>
 FLOAT red;
 FLOAT green;
 FLOAT blue;
 FLOAT alpha;
}

template ColorRGB {
 <d3e16e81-7835-11cf-8f52-0040333594a3>
 FLOAT red;
 FLOAT green;
 FLOAT blue;
}

template Material {
 <3d82ab4d-62da-11cf-ab39-0020af71e433>
 ColorRGBA faceColor;
 FLOAT power;
 ColorRGB specularColor;
 ColorRGB emissiveColor;
 [...]
}

template TextureFilename {
 <a42790e1-7810-11cf-8f52-0040333594a3>
 STRING filename;
}

template Frame {
 <3d82ab46-62da-11cf-ab39-0020af71e433>
 [...]
}

template Matrix4x4 {
 <f6f23f45-7686-11cf-8f52-0040333594a3>
 array FLOAT matrix[16];
}

template FrameTransformMatrix {
 <f6f23f41-7686-11cf-8f52-0040333594a3>
 Matrix4x4 frameMatrix;
}

template Vector {
 <3d82ab5e-62da-11cf-ab39-0020af71e433>
 FLOAT x;
 FLOAT y;
 FLOAT z;
}

template MeshFace {
 <3d82ab5f-62da-11cf-ab39-0020af71e433>
 DWORD nFaceVertexIndices;
 array DWORD faceVertexIndices[nFaceVertexIndices];
}

template Mesh {
 <3d82ab44-62da-11cf-ab39-0020af71e433>
 DWORD nVertices;
 array Vector vertices[nVertices];
 DWORD nFaces;
 array MeshFace faces[nFaces];
 [...]
}

template MeshNormals {
 <f6f23f43-7686-11cf-8f52-0040333594a3>
 DWORD nNormals;
 array Vector normals[nNormals];
 DWORD nFaceNormals;
 array MeshFace faceNormals[nFaceNormals];
}

template MeshMaterialList {
 <f6f23f42-7686-11cf-8f52-0040333594a3>
 DWORD nMaterials;
 DWORD nFaceIndexes;
 array DWORD faceIndexes[nFaceIndexes];
 [Material <3d82ab4d-62da-11cf-ab39-0020af71e433>]
}

template Coords2d {
 <f6f23f44-7686-11cf-8f52-0040333594a3>
 FLOAT u;
 FLOAT v;
}

template MeshTextureCoords {
 <f6f23f40-7686-11cf-8f52-0040333594a3>
 DWORD nTextureCoords;
 array Coords2d textureCoords[nTextureCoords];
}

template XSkinMeshHeader {
 <3cf169ce-ff7c-44ab-93c0-f78f62d172e2>
 WORD nMaxSkinWeightsPerVertex;
 WORD nMaxSkinWeightsPerFace;
 WORD nBones;
}

template SkinWeights {
 <6f0d123b-bad2-4167-a0d0-80224f25fabb>
 STRING transformNodeName;
 DWORD nWeights;
 array DWORD vertexIndices[nWeights];
 array FLOAT weights[nWeights];
 Matrix4x4 matrixOffset;
}

template AnimTicksPerSecond {
 <9e415a43-7ba6-4a73-8743-b73d47e88476>
 DWORD AnimTicksPerSecond;
}

template Animation {
 <3d82ab4f-62da-11cf-ab39-0020af71e433>
 [...]
}

template AnimationSet {
 <3d82ab50-62da-11cf-ab39-0020af71e433>
 [Animation <3d82ab4f-62da-11cf-ab39-0020af71e433>]
}

template FloatKeys {
 <10dd46a9-775b-11cf-8f52-0040333594a3>
 DWORD nValues;
 array FLOAT values[nValues];
}

template TimedFloatKeys {
 <f406b180-7b3b-11cf-8f52-0040333594a3>
 DWORD time;
 FloatKeys tfkeys;
}

template AnimationKey {
 <10dd46a8-775b-11cf-8f52-0040333594a3>
 DWORD keyType;
 DWORD nKeys;
 array TimedFloatKeys keys[nKeys];
}


Material Material__177 {
 1.000000;1.000000;1.000000;1.000000;;
 9.999999;
 0.000000;0.000000;0.000000;;
 0.000000;0.000000;0.000000;;

 TextureFilename {
  "schoolbag_spiffo.png";
 }
}

Frame Dummy01 {
 

 FrameTransformMatrix {
  1.000000,0.000000,0.000000,0.000000,0.000000,-0.000000,-1.000000,0.000000,0.000000,1.000000,-0.000000,0.000000,0.000000,0.000000,0.000000,1.000000;;
 }

 Frame Bip01 {
  

  FrameTransformMatrix {
   -0.087155,0.982405,-0.165183,0.000000,-0.000001,0.165814,0.986157,0.000000,0.996195,0.085949,-0.014450,0.000000,-0.010000,-0.012284,0.490453,1.000000;;
  }

  Frame Bip01_Pelvis {
   

   FrameTransformMatrix {
    0.000000,1.000000,-0.000001,0.000000,-0.000001,0.000001,1.000000,0.000000,1.000000,0.000000,0.000001,0.000000,0.000000,0.000000,0.000000,1.000000;;
   }

   Frame Bip01_Spine {
    

    FrameTransformMatrix {
     0.984686,0.000002,-0.174337,0.000000,-0.000001,1.000000,0.000004,0.000000,0.174337,-0.000004,0.984686,0.000000,0.051619,0.000000,-0.000083,1.000000;;
    }

    Frame Bip01_Spine1 {
     

     FrameTransformMatrix {
      0.997819,0.052687,0.039774,0.000000,-0.044862,0.983198,-0.176942,0.000000,-0.048428,0.174771,0.983417,0.000000,0.106484,-0.000015,-0.000083,1.000000;;
     }

     Frame Bip01_Neck {
      

      FrameTransformMatrix {
       0.966067,-0.020835,0.257451,0.000000,0.025191,0.999590,-0.013632,0.000000,-0.257061,0.019655,0.966195,0.000000,0.130511,-0.000001,0.004626,1.000000;;
      }

      Frame Bip01_Head {
       

       FrameTransformMatrix {
        0.989321,-0.051753,-0.136255,0.000000,0.064251,0.993958,0.088989,0.000000,0.130826,-0.096793,0.986669,0.000000,0.033674,-0.000000,-0.000000,1.000000;;
       }
      }

      Frame Bip01_L_Clavicle {
       

       FrameTransformMatrix {
        -0.205975,0.976135,0.068811,0.000000,0.943873,0.216738,-0.249254,0.000000,-0.258220,0.013609,-0.965990,0.000000,-0.024734,0.015166,0.002017,1.000000;;
       }

       Frame Bip01_L_UpperArm {
        

        FrameTransformMatrix {
         0.385871,-0.777669,0.496320,0.000000,0.922466,0.332598,-0.196046,0.000000,-0.012616,0.533487,0.845714,0.000000,0.087086,-0.000000,-0.000000,1.000000;;
        }

        Frame Bip01_L_Forearm {
         

         FrameTransformMatrix {
          0.943939,0.000000,-0.330119,0.000000,0.000000,1.000000,-0.000000,0.000000,0.330119,-0.000000,0.943939,0.000000,0.137062,0.000000,0.000000,1.000000;;
         }

         Frame Bip01_L_Hand {
          

          FrameTransformMatrix {
           1.000000,-0.000000,0.000000,0.000000,0.000000,0.000796,1.000000,0.000000,0.000000,-1.000000,0.000796,0.000000,0.137062,0.000000,0.000000,1.000000;;
          }

          Frame Bip01_L_Finger0 {
           

           FrameTransformMatrix {
            0.690342,-0.181727,0.700288,0.000000,0.558537,0.749101,-0.356210,0.000000,-0.459853,0.637043,0.618637,0.000000,0.057681,-0.023605,-0.000272,1.000000;;
           }
          }

          Frame Bip01_L_Finger1 {
           

           FrameTransformMatrix {
            0.728079,-0.000546,0.685493,0.000000,0.000000,1.000000,0.000796,0.000000,-0.685493,-0.000580,0.728079,0.000000,0.084102,0.000000,0.000000,1.000000;;
           }
          }
         }
        }
       }
      }

      Frame Bip01_R_Clavicle {
       

       FrameTransformMatrix {
        -0.028509,-0.999573,-0.006461,0.000000,-0.965665,0.025871,0.258498,0.000000,-0.258220,0.013609,-0.965990,0.000000,-0.024080,-0.016250,0.001399,1.000000;;
       }

       Frame Bip01_R_UpperArm {
        

        FrameTransformMatrix {
         0.221390,0.975047,0.016433,0.000000,-0.974986,0.221654,-0.016512,0.000000,-0.019742,-0.012366,0.999729,0.000000,0.087086,0.000000,0.000000,1.000000;;
        }

        Frame Bip01_R_Forearm {
         

         FrameTransformMatrix {
          0.915660,-0.000000,-0.401954,0.000000,-0.000000,1.000000,-0.000000,0.000000,0.401954,-0.000000,0.915660,0.000000,0.137062,0.000000,0.000000,1.000000;;
         }

         Frame Bip01_R_Hand {
          

          FrameTransformMatrix {
           0.975195,-0.000000,-0.221346,0.000000,-0.221346,0.000796,-0.975195,0.000000,0.000176,1.000000,0.000777,0.000000,0.137062,-0.000000,0.000000,1.000000;;
          }

          Frame Bip01_R_Finger0 {
           

           FrameTransformMatrix {
            0.417774,-0.116941,0.900994,0.000000,-0.558537,0.749101,0.356210,0.000000,-0.716591,-0.652054,0.247639,0.000000,0.057681,0.023605,-0.000272,1.000000;;
           }
          }

          Frame Bip01_R_Finger1 {
           

           FrameTransformMatrix {
            0.352436,0.000745,0.935835,0.000000,0.000000,1.000000,-0.000796,0.000000,-0.935836,0.000281,0.352436,0.000000,0.084102,0.000000,0.000000,1.000000;;
           }
          }
         }
        }
       }
      }
     }

     Frame Bip01_BackPack {
      

      FrameTransformMatrix {
       0.180560,0.080500,-0.980264,0.000000,0.047560,0.994764,0.090451,0.000000,0.982413,-0.062954,0.175786,0.000000,0.063697,0.000003,-0.088856,1.000000;;
      }
     }
    }

    Frame Bip01_L_Thigh {
     

     FrameTransformMatrix {
      -0.888504,0.030427,0.457858,0.000000,-0.032107,-0.999476,0.004114,0.000000,0.457744,-0.011045,0.889016,0.000000,-0.050843,0.055225,-0.008917,1.000000;;
     }

     Frame Bip01_L_Calf {
      

      FrameTransformMatrix {
       0.942235,-0.000000,-0.334952,0.000000,-0.000000,1.000000,-0.000000,0.000000,0.334952,-0.000000,0.942235,0.000000,0.237500,0.000000,-0.000000,1.000000;;
      }

      Frame Bip01_L_Foot {
       

       FrameTransformMatrix {
        0.924325,-0.026487,0.380687,0.000000,-0.068962,0.969570,0.234901,0.000000,-0.375325,-0.243378,0.894371,0.000000,0.206841,0.000000,0.000000,1.000000;;
       }

       Frame Bip01_L_Toe0 {
        

        FrameTransformMatrix {
         0.000000,0.000000,1.000000,0.000000,0.000000,1.000000,-0.000000,0.000000,-1.000000,0.000000,0.000000,0.000000,0.065373,0.000000,0.066450,1.000000;;
        }
       }
      }
     }
    }

    Frame Bip01_R_Thigh {
     

     FrameTransformMatrix {
      -0.996965,0.030321,-0.071704,0.000000,-0.029454,-0.999480,-0.013113,0.000000,-0.072065,-0.010961,0.997340,0.000000,-0.050843,-0.055225,-0.008917,1.000000;;
     }

     Frame Bip01_R_Calf {
      

      FrameTransformMatrix {
       0.730239,0.000000,-0.683192,0.000000,0.000000,1.000000,0.000000,0.000000,0.683192,0.000000,0.730239,0.000000,0.237500,0.000000,0.000000,1.000000;;
      }

      Frame Bip01_R_Foot {
       

       FrameTransformMatrix {
        0.991957,0.087165,-0.091782,0.000000,-0.093276,0.993546,-0.064539,0.000000,0.085565,0.072581,0.993685,0.000000,0.206841,0.000000,0.000000,1.000000;;
       }

       Frame Bip01_R_Toe0 {
        

        FrameTransformMatrix {
         0.000000,0.000000,1.000000,0.000000,0.000000,1.000000,-0.000000,0.000000,-1.000000,0.000000,0.000000,0.000000,0.065373,0.000000,0.066450,1.000000;;
        }
       }
      }
     }
    }
   }

   Frame Bip01_DressFront {
    

    FrameTransformMatrix {
     -0.880185,-0.088339,0.466338,0.000000,0.121847,0.907542,0.401896,0.000000,-0.458725,0.410564,-0.788041,0.000000,-0.043935,0.001339,0.061057,1.000000;;
    }

    Frame Bip01_DressFront02 {
     

     FrameTransformMatrix {
      0.912593,0.000001,0.408870,0.000000,-0.000001,1.000000,-0.000000,0.000000,-0.408870,-0.000000,0.912593,0.000000,0.183378,-0.000000,-0.000120,1.000000;;
     }
    }
   }

   Frame Bip01_DressBack {
    

    FrameTransformMatrix {
     -0.886023,0.038029,0.462080,0.000000,0.191625,0.937561,0.290274,0.000000,-0.422190,0.345735,-0.837988,0.000000,-0.047673,-0.000048,-0.078302,1.000000;;
    }

    Frame Bip01_DressBack02 {
     

     FrameTransformMatrix {
      0.936852,0.174932,-0.302833,0.000000,-0.166408,0.984581,0.053939,0.000000,0.307600,-0.000139,0.951516,0.000000,0.176125,0.000000,-0.000103,1.000000;;
     }
    }
   }
  }

  Frame Bip01_Prop1 {
   

   FrameTransformMatrix {
    -0.233929,-0.108090,0.966227,0.000000,0.687222,0.684611,0.242967,0.000000,-0.687752,0.720849,-0.085868,0.000000,0.076452,-0.048658,-0.145664,1.000000;;
   }
  }

  Frame Bip01_Prop2 {
   

   FrameTransformMatrix {
    -0.163643,-0.967062,0.194966,0.000000,0.985576,-0.168906,-0.010564,0.000000,0.043147,0.190425,0.980753,0.000000,-0.138405,-0.102098,0.114818,1.000000;;
   }
  }
 }
}

Frame Translation_Data {
 

 FrameTransformMatrix {
  -0.000000,0.000000,-1.000000,0.000000,-1.000000,-0.000000,0.000000,0.000000,-0.000000,1.000000,0.000000,0.000000,0.000000,-0.000000,0.000000,1.000000;;
 }
}

Frame SchoolBag_LHand {
 

 FrameTransformMatrix {
  1.000000,-0.000000,-0.000000,0.000000,0.000000,1.000000,-0.000000,0.000000,0.000000,0.000000,1.000000,0.000000,0.000000,0.000000,0.000000,1.000000;;
 }

 Mesh SchoolBag_LHand {
  215;
  0.626894;0.691329;0.109719;,
  0.631848;0.637764;0.079933;,
  0.644280;0.662237;0.063968;,
  0.617330;0.683716;0.134736;,
  0.610379;0.614091;0.093393;,
  0.592512;0.663923;0.151229;,
  0.583855;0.599712;0.098734;,
  0.568692;0.645510;0.154299;,
  0.492405;0.761326;-0.010313;,
  0.463594;0.747179;-0.038479;,
  0.462774;0.764174;-0.008643;,
  0.492674;0.748550;-0.033409;,
  0.432240;0.730756;-0.032601;,
  0.431034;0.750083;0.000806;,
  0.419449;0.707338;-0.017512;,
  0.418457;0.724930;0.013099;,
  0.626894;0.691329;0.109719;,
  0.623431;0.680591;0.045654;,
  0.602305;0.710267;0.097566;,
  0.644280;0.662237;0.063968;,
  0.594519;0.699633;0.025125;,
  0.572361;0.728088;0.077366;,
  0.565542;0.718611;0.004630;,
  0.545345;0.744630;0.051844;,
  0.524110;0.737513;-0.018425;,
  0.509014;0.759152;0.017519;,
  0.583855;0.599712;0.098734;,
  0.537593;0.665514;0.138182;,
  0.550088;0.618735;0.077199;,
  0.568692;0.645510;0.154299;,
  0.501595;0.687713;0.111836;,
  0.514233;0.642217;0.051839;,
  0.468489;0.707305;0.082985;,
  0.479843;0.664739;0.027516;,
  0.436001;0.722958;0.049614;,
  0.444105;0.688145;0.002239;,
  0.418457;0.724930;0.013099;,
  0.419449;0.707338;-0.017512;,
  0.568692;0.645510;0.154299;,
  0.559568;0.688961;0.134328;,
  0.537593;0.665514;0.138182;,
  0.592512;0.663923;0.151229;,
  0.585227;0.705823;0.118340;,
  0.617330;0.683716;0.134736;,
  0.523094;0.712039;0.107034;,
  0.501595;0.687713;0.111836;,
  0.549140;0.727416;0.095412;,
  0.487343;0.732506;0.076302;,
  0.468489;0.707305;0.082985;,
  0.516804;0.744830;0.067716;,
  0.452675;0.749058;0.040411;,
  0.436001;0.722958;0.049614;,
  0.484442;0.759872;0.033455;,
  0.436001;0.722958;0.049614;,
  0.645435;0.624349;0.021484;,
  0.641382;0.596829;0.020275;,
  0.618297;0.570774;0.028520;,
  0.592946;0.557891;0.038874;,
  0.500925;0.730547;-0.050860;,
  0.473902;0.723971;-0.061604;,
  0.443569;0.704800;-0.058847;,
  0.429913;0.683543;-0.041423;,
  0.645435;0.624349;0.021484;,
  0.622762;0.636363;0.000209;,
  0.592720;0.654540;-0.019521;,
  0.563813;0.677911;-0.036048;,
  0.523420;0.707112;-0.051035;,
  0.563300;0.572645;0.015842;,
  0.592946;0.557891;0.038874;,
  0.526801;0.596653;-0.008122;,
  0.491874;0.622824;-0.028305;,
  0.455583;0.652215;-0.043579;,
  0.429913;0.683543;-0.041423;,
  0.592946;0.557891;0.038874;,
  0.587694;0.587353;0.000475;,
  0.618297;0.570774;0.028520;,
  0.563300;0.572645;0.015842;,
  0.611128;0.612254;-0.004922;,
  0.641382;0.596829;0.020275;,
  0.550672;0.612409;-0.024212;,
  0.526801;0.596653;-0.008122;,
  0.575312;0.632867;-0.029142;,
  0.512928;0.640075;-0.045462;,
  0.491874;0.622824;-0.028305;,
  0.540984;0.657479;-0.047356;,
  0.474100;0.671657;-0.061552;,
  0.455583;0.652215;-0.043579;,
  0.504461;0.687551;-0.061816;,
  0.455583;0.652215;-0.043579;,
  0.436884;0.656957;-0.029853;,
  0.436411;0.686296;-0.015916;,
  0.431686;0.674826;-0.009615;,
  0.454037;0.671715;-0.036029;,
  0.425904;0.661546;-0.031247;,
  0.434770;0.693879;-0.022851;,
  0.452397;0.679298;-0.042964;,
  0.421690;0.676955;-0.012802;,
  0.575555;0.577297;0.036679;,
  0.578884;0.576525;0.047971;,
  0.578502;0.575009;0.038501;,
  0.575937;0.578813;0.046149;,
  0.431686;0.674826;-0.009615;,
  0.436411;0.686296;-0.015916;,
  0.436411;0.686296;-0.015916;,
  0.452397;0.679298;-0.042964;,
  0.434770;0.693879;-0.022851;,
  0.454037;0.671715;-0.036029;,
  0.430300;0.664749;-0.002254;,
  0.433619;0.651020;-0.024536;,
  0.418011;0.665169;-0.005434;,
  0.430300;0.664749;-0.002254;,
  0.421514;0.652214;-0.024508;,
  0.433084;0.655893;0.005551;,
  0.438025;0.639173;-0.012536;,
  0.423801;0.649807;0.007793;,
  0.433084;0.655893;0.005551;,
  0.428470;0.634752;-0.009005;,
  0.455479;0.637961;0.023302;,
  0.457296;0.623578;0.006324;,
  0.451379;0.632639;0.025241;,
  0.455479;0.637961;0.023302;,
  0.453924;0.617076;0.007949;,
  0.482835;0.622512;0.039365;,
  0.485169;0.607439;0.021746;,
  0.475689;0.617185;0.041031;,
  0.482835;0.622512;0.039365;,
  0.478042;0.601638;0.023982;,
  0.508450;0.609097;0.055407;,
  0.510053;0.593645;0.036595;,
  0.501871;0.603631;0.058106;,
  0.508450;0.609097;0.055407;,
  0.503346;0.587764;0.039915;,
  0.539310;0.595768;0.067618;,
  0.541404;0.583239;0.052417;,
  0.535797;0.589049;0.072253;,
  0.539310;0.595768;0.067618;,
  0.538819;0.576286;0.054715;,
  0.564307;0.584895;0.075245;,
  0.567332;0.576584;0.063948;,
  0.563995;0.580131;0.077479;,
  0.564307;0.584895;0.075245;,
  0.567137;0.570118;0.065012;,
  0.574476;0.579187;0.067114;,
  0.576294;0.572703;0.057346;,
  0.578828;0.575283;0.067668;,
  0.574476;0.579187;0.067114;,
  0.580645;0.568799;0.057900;,
  0.575937;0.578813;0.046149;,
  0.575555;0.577297;0.036679;,
  0.578884;0.576525;0.047971;,
  0.575937;0.578813;0.046149;,
  0.578502;0.575009;0.038501;,
  0.425809;0.708475;0.038773;,
  0.431630;0.703566;0.006834;,
  0.440209;0.721670;0.029779;,
  0.424469;0.691174;0.016739;,
  0.415992;0.714460;0.033000;,
  0.429774;0.711930;0.000929;,
  0.416604;0.697088;0.011431;,
  0.438353;0.730034;0.023874;,
  0.555373;0.650206;0.132726;,
  0.561297;0.640059;0.131667;,
  0.558489;0.641847;0.129186;,
  0.558181;0.648419;0.135207;,
  0.424469;0.691174;0.016739;,
  0.431630;0.703566;0.006834;,
  0.431630;0.703566;0.006834;,
  0.438353;0.730034;0.023874;,
  0.440209;0.721670;0.029779;,
  0.429774;0.711930;0.000929;,
  0.425143;0.683543;0.024222;,
  0.424599;0.703050;0.045257;,
  0.412440;0.685178;0.021953;,
  0.425143;0.683543;0.024222;,
  0.411938;0.702021;0.042360;,
  0.430038;0.674738;0.033318;,
  0.426079;0.690996;0.056241;,
  0.418307;0.672657;0.034120;,
  0.430038;0.674738;0.033318;,
  0.414778;0.687363;0.054999;,
  0.450539;0.658491;0.051822;,
  0.444762;0.673716;0.073167;,
  0.445151;0.654988;0.054592;,
  0.450539;0.658491;0.051822;,
  0.439507;0.669185;0.076589;,
  0.471360;0.660349;0.090199;,
  0.476946;0.643851;0.070355;,
  0.469479;0.639768;0.073482;,
  0.476946;0.643851;0.070355;,
  0.463950;0.655629;0.093702;,
  0.502388;0.631710;0.088110;,
  0.497372;0.646655;0.107234;,
  0.495927;0.627387;0.091390;,
  0.502388;0.631710;0.088110;,
  0.492270;0.642399;0.111509;,
  0.532725;0.624314;0.106648;,
  0.526284;0.638266;0.122156;,
  0.528797;0.621043;0.109555;,
  0.532725;0.624314;0.106648;,
  0.522356;0.634995;0.125063;,
  0.555293;0.624249;0.126350;,
  0.552503;0.629067;0.131885;,
  0.554490;0.621363;0.130686;,
  0.555293;0.624249;0.126350;,
  0.551019;0.626411;0.137477;,
  0.561915;0.627880;0.133019;,
  0.559323;0.635817;0.141447;,
  0.565234;0.627354;0.137835;,
  0.561915;0.627880;0.133019;,
  0.562641;0.635291;0.146263;,
  0.558489;0.641847;0.129186;,
  0.555373;0.650206;0.132726;,
  0.561297;0.640059;0.131667;,
  0.558489;0.641847;0.129186;,
  0.558181;0.648419;0.135207;;
  292;
  3;0,1,2;,
  3;1,0,3;,
  3;3,4,1;,
  3;4,3,5;,
  3;5,6,4;,
  3;6,5,7;,
  3;8,9,10;,
  3;9,8,11;,
  3;10,12,13;,
  3;12,10,9;,
  3;13,14,15;,
  3;14,13,12;,
  3;16,17,18;,
  3;17,16,19;,
  3;18,20,21;,
  3;20,18,17;,
  3;21,22,23;,
  3;22,21,20;,
  3;23,24,25;,
  3;24,23,22;,
  3;25,11,8;,
  3;11,25,24;,
  3;26,27,28;,
  3;27,26,29;,
  3;28,30,31;,
  3;30,28,27;,
  3;31,32,33;,
  3;32,31,30;,
  3;33,34,35;,
  3;34,33,32;,
  3;35,36,37;,
  3;36,35,34;,
  3;38,39,40;,
  3;39,38,41;,
  3;41,42,39;,
  3;42,41,43;,
  3;43,18,42;,
  3;18,43,16;,
  3;40,44,45;,
  3;44,40,39;,
  3;39,46,44;,
  3;46,39,42;,
  3;42,21,46;,
  3;21,42,18;,
  3;45,47,48;,
  3;47,45,44;,
  3;44,49,47;,
  3;49,44,46;,
  3;46,23,49;,
  3;23,46,21;,
  3;48,50,51;,
  3;50,48,47;,
  3;47,52,50;,
  3;52,47,49;,
  3;49,25,52;,
  3;25,49,23;,
  3;53,13,15;,
  3;13,53,50;,
  3;50,10,13;,
  3;10,50,52;,
  3;52,8,10;,
  3;8,52,25;,
  3;54,1,55;,
  3;1,54,2;,
  3;55,4,56;,
  3;4,55,1;,
  3;56,6,57;,
  3;6,56,4;,
  3;58,9,11;,
  3;9,58,59;,
  3;59,12,9;,
  3;12,59,60;,
  3;60,14,12;,
  3;14,60,61;,
  3;62,17,19;,
  3;17,62,63;,
  3;63,20,17;,
  3;20,63,64;,
  3;64,22,20;,
  3;22,64,65;,
  3;65,24,22;,
  3;24,65,66;,
  3;66,11,24;,
  3;11,66,58;,
  3;26,67,68;,
  3;67,26,28;,
  3;28,69,67;,
  3;69,28,31;,
  3;31,70,69;,
  3;70,31,33;,
  3;33,71,70;,
  3;71,33,35;,
  3;35,72,71;,
  3;72,35,37;,
  3;73,74,75;,
  3;74,73,76;,
  3;75,77,78;,
  3;77,75,74;,
  3;78,63,62;,
  3;63,78,77;,
  3;76,79,74;,
  3;79,76,80;,
  3;74,81,77;,
  3;81,74,79;,
  3;77,64,63;,
  3;64,77,81;,
  3;80,82,79;,
  3;82,80,83;,
  3;79,84,81;,
  3;84,79,82;,
  3;81,65,64;,
  3;65,81,84;,
  3;83,85,82;,
  3;85,83,86;,
  3;82,87,84;,
  3;87,82,85;,
  3;84,66,65;,
  3;66,84,87;,
  3;88,60,85;,
  3;60,88,61;,
  3;85,59,87;,
  3;59,85,60;,
  3;87,58,66;,
  3;58,87,59;,
  3;89,90,91;,
  3;90,89,92;,
  3;93,94,95;,
  3;94,93,96;,
  3;97,98,99;,
  3;98,97,100;,
  3;101,94,96;,
  3;94,101,102;,
  3;103,104,105;,
  3;104,103,106;,
  3;92,93,95;,
  3;93,92,89;,
  3;89,107,108;,
  3;107,89,91;,
  3;101,109,110;,
  3;109,101,96;,
  3;96,111,109;,
  3;111,96,93;,
  3;93,108,111;,
  3;108,93,89;,
  3;108,112,113;,
  3;112,108,107;,
  3;110,114,115;,
  3;114,110,109;,
  3;109,116,114;,
  3;116,109,111;,
  3;111,113,116;,
  3;113,111,108;,
  3;113,117,118;,
  3;117,113,112;,
  3;115,119,120;,
  3;119,115,114;,
  3;114,121,119;,
  3;121,114,116;,
  3;116,118,121;,
  3;118,116,113;,
  3;118,122,123;,
  3;122,118,117;,
  3;120,124,125;,
  3;124,120,119;,
  3;119,126,124;,
  3;126,119,121;,
  3;121,123,126;,
  3;123,121,118;,
  3;123,127,128;,
  3;127,123,122;,
  3;125,129,130;,
  3;129,125,124;,
  3;124,131,129;,
  3;131,124,126;,
  3;126,128,131;,
  3;128,126,123;,
  3;128,132,133;,
  3;132,128,127;,
  3;130,134,135;,
  3;134,130,129;,
  3;129,136,134;,
  3;136,129,131;,
  3;131,133,136;,
  3;133,131,128;,
  3;133,137,138;,
  3;137,133,132;,
  3;135,139,140;,
  3;139,135,134;,
  3;134,141,139;,
  3;141,134,136;,
  3;136,138,141;,
  3;138,136,133;,
  3;138,142,143;,
  3;142,138,137;,
  3;140,144,145;,
  3;144,140,139;,
  3;139,146,144;,
  3;146,139,141;,
  3;141,143,146;,
  3;143,141,138;,
  3;143,147,148;,
  3;147,143,142;,
  3;145,149,150;,
  3;149,145,144;,
  3;144,151,149;,
  3;151,144,146;,
  3;146,148,151;,
  3;148,146,143;,
  3;152,153,154;,
  3;153,152,155;,
  3;156,157,158;,
  3;157,156,159;,
  3;160,161,162;,
  3;161,160,163;,
  3;164,157,165;,
  3;157,164,158;,
  3;166,167,168;,
  3;167,166,169;,
  3;154,156,152;,
  3;156,154,159;,
  3;152,170,155;,
  3;170,152,171;,
  3;164,172,158;,
  3;172,164,173;,
  3;158,174,156;,
  3;174,158,172;,
  3;156,171,152;,
  3;171,156,174;,
  3;171,175,170;,
  3;175,171,176;,
  3;173,177,172;,
  3;177,173,178;,
  3;172,179,174;,
  3;179,172,177;,
  3;174,176,171;,
  3;176,174,179;,
  3;176,180,175;,
  3;180,176,181;,
  3;178,182,177;,
  3;182,178,183;,
  3;177,184,179;,
  3;184,177,182;,
  3;179,181,176;,
  3;181,179,184;,
  3;180,185,186;,
  3;185,180,181;,
  3;183,187,182;,
  3;187,183,188;,
  3;182,189,184;,
  3;189,182,187;,
  3;184,185,181;,
  3;185,184,189;,
  3;185,190,186;,
  3;190,185,191;,
  3;188,192,187;,
  3;192,188,193;,
  3;187,194,189;,
  3;194,187,192;,
  3;189,191,185;,
  3;191,189,194;,
  3;191,195,190;,
  3;195,191,196;,
  3;193,197,192;,
  3;197,193,198;,
  3;192,199,194;,
  3;199,192,197;,
  3;194,196,191;,
  3;196,194,199;,
  3;196,200,195;,
  3;200,196,201;,
  3;198,202,197;,
  3;202,198,203;,
  3;197,204,199;,
  3;204,197,202;,
  3;199,201,196;,
  3;201,199,204;,
  3;201,205,200;,
  3;205,201,206;,
  3;203,207,202;,
  3;207,203,208;,
  3;202,209,204;,
  3;209,202,207;,
  3;204,206,201;,
  3;206,204,209;,
  3;206,210,205;,
  3;210,206,211;,
  3;208,212,207;,
  3;212,208,213;,
  3;207,214,209;,
  3;214,207,212;,
  3;209,211,206;,
  3;211,209,214;;

  MeshNormals {
   215;
   0.927966;-0.111857;0.355482;,
   0.851011;-0.316486;0.419066;,
   0.905248;-0.224568;0.360687;,
   0.818844;-0.300790;0.488896;,
   0.626366;-0.551874;0.550545;,
   0.614368;-0.502977;0.607920;,
   -0.069666;-0.801567;0.593832;,
   -0.070220;-0.779078;0.622982;,
   0.330911;0.901988;-0.277337;,
   -0.218472;0.754611;-0.618734;,
   -0.205330;0.960695;-0.186829;,
   0.287312;0.791036;-0.540105;,
   -0.711743;0.479369;-0.513446;,
   -0.691501;0.721361;-0.038260;,
   -0.894584;0.244860;-0.373850;,
   -0.869574;0.483607;0.099825;,
   0.576442;0.806361;0.132277;,
   0.710710;0.624183;-0.324479;,
   0.492020;0.858458;0.144799;,
   0.761619;0.583145;-0.282629;,
   0.669469;0.652655;-0.354758;,
   0.446269;0.886938;0.119100;,
   0.621698;0.681253;-0.386505;,
   0.403027;0.913209;0.060155;,
   0.532729;0.724231;-0.437824;,
   0.326592;0.944063;-0.045639;,
   -0.069666;-0.801567;0.593832;,
   -0.649330;-0.662384;0.373655;,
   -0.649156;-0.665346;0.368660;,
   -0.070220;-0.779078;0.622982;,
   -0.675555;-0.647794;0.352121;,
   -0.675645;-0.648630;0.350405;,
   -0.678311;-0.644778;0.352357;,
   -0.674348;-0.649481;0.351324;,
   -0.694382;-0.631690;0.344675;,
   -0.701968;-0.630543;0.331144;,
   -0.730097;-0.603614;0.320326;,
   -0.726530;-0.612191;0.312051;,
   -0.198537;0.374578;0.905690;,
   -0.133200;0.550508;0.824135;,
   -0.286471;0.412509;0.864737;,
   -0.056814;0.518446;0.853221;,
   0.161479;0.779906;0.604708;,
   0.202071;0.740402;0.641072;,
   -0.242842;0.610019;0.754257;,
   -0.358178;0.475279;0.803629;,
   0.067671;0.835581;0.545183;,
   -0.299968;0.671970;0.677108;,
   -0.426184;0.517522;0.741983;,
   0.006080;0.886060;0.463531;,
   -0.439971;0.764865;0.470538;,
   -0.592894;0.570231;0.568607;,
   -0.055020;0.952954;0.298080;,
   -0.592894;0.570231;0.568607;,
   0.947568;-0.182672;0.262196;,
   0.841798;-0.383714;0.379658;,
   0.639528;-0.593873;0.488178;,
   -0.058202;-0.822494;0.565789;,
   0.418527;0.585461;-0.694313;,
   -0.053456;0.412041;-0.909596;,
   -0.521720;0.108015;-0.846251;,
   -0.701084;-0.125078;-0.702024;,
   0.738086;0.222404;-0.636997;,
   0.671771;0.209095;-0.710636;,
   0.627454;0.232389;-0.743167;,
   0.576453;0.286690;-0.765187;,
   0.482820;0.379674;-0.789134;,
   -0.647441;-0.669205;0.364670;,
   -0.058202;-0.822494;0.565789;,
   -0.674950;-0.649979;0.349243;,
   -0.676901;-0.649871;0.345648;,
   -0.691512;-0.642059;0.331017;,
   -0.726069;-0.618168;0.301152;,
   0.120923;-0.779496;-0.614625;,
   0.196183;-0.639418;-0.743409;,
   0.269637;-0.660890;-0.700372;,
   0.034628;-0.747484;-0.663377;,
   0.463056;-0.309571;-0.830508;,
   0.503090;-0.347058;-0.791487;,
   0.086110;-0.578348;-0.811233;,
   -0.036663;-0.686221;-0.726469;,
   0.369883;-0.256192;-0.893058;,
   0.024285;-0.499422;-0.866019;,
   -0.108635;-0.629654;-0.769243;,
   0.300410;-0.177237;-0.937198;,
   -0.143375;-0.306616;-0.940973;,
   -0.300848;-0.484812;-0.821248;,
   0.212900;-0.014932;-0.976960;,
   -0.300848;-0.484812;-0.821248;,
   0.595611;-0.657952;-0.460811;,
   0.087973;0.344082;0.934809;,
   0.514722;0.361833;0.777263;,
   0.433714;-0.832491;-0.344749;,
   -0.576486;-0.112124;-0.809378;,
   -0.757140;0.575225;-0.309604;,
   -0.297963;-0.174712;-0.938453;,
   -0.764728;0.585546;0.268936;,
   0.661030;0.736301;-0.144570;,
   0.661026;0.736304;-0.144569;,
   0.661032;0.736299;-0.144571;,
   0.661024;0.736306;-0.144568;,
   0.514722;0.361833;0.777263;,
   0.087973;0.344082;0.934809;,
   0.800187;0.489705;0.346251;,
   0.800186;0.489707;0.346250;,
   0.800187;0.489705;0.346251;,
   0.800186;0.489707;0.346250;,
   0.523320;0.547494;0.652982;,
   0.606379;-0.581063;-0.542835;,
   -0.859692;0.293449;0.418112;,
   0.523320;0.547494;0.652982;,
   -0.715738;-0.421236;-0.557028;,
   0.421540;0.751934;0.506852;,
   0.646597;-0.252660;-0.719775;,
   -0.746803;0.012300;0.664932;,
   0.421540;0.751934;0.506852;,
   -0.559027;-0.776131;-0.291735;,
   0.340758;0.866243;0.365385;,
   0.603791;0.096260;-0.791309;,
   -0.575218;-0.063452;0.815535;,
   0.340758;0.866243;0.365385;,
   -0.332830;-0.860883;-0.384843;,
   0.319993;0.909771;0.264426;,
   0.533808;0.059691;-0.843497;,
   -0.563873;-0.058743;0.823770;,
   0.319993;0.909771;0.264426;,
   -0.362568;-0.892468;-0.268412;,
   0.299326;0.915082;0.270240;,
   0.492739;-0.000580;-0.870177;,
   -0.474792;-0.062658;0.877865;,
   0.299326;0.915082;0.270240;,
   -0.302893;-0.939506;-0.159951;,
   0.322246;0.917463;0.233279;,
   0.457990;0.185941;-0.869294;,
   -0.331493;-0.144609;0.932309;,
   0.322246;0.917463;0.233279;,
   -0.136119;-0.941871;-0.307166;,
   0.380960;0.826339;0.414769;,
   0.045220;0.484644;-0.873542;,
   0.095461;-0.237239;0.966750;,
   0.380960;0.826339;0.414769;,
   -0.134659;-0.987676;-0.079771;,
   0.356437;0.923054;-0.144650;,
   -0.805180;-0.396483;-0.441007;,
   0.800566;-0.077178;0.594254;,
   0.356437;0.923054;-0.144650;,
   0.616663;-0.779715;-0.108495;,
   -0.932498;0.359141;0.038275;,
   -0.752399;-0.643308;-0.141599;,
   0.967623;0.252254;0.008609;,
   -0.932498;0.359141;0.038275;,
   -0.351892;-0.905063;-0.238818;,
   0.665536;0.334060;0.667432;,
   0.390795;-0.746651;-0.538322;,
   0.357973;0.189861;0.914225;,
   0.612320;-0.599570;-0.515344;,
   -0.687141;0.683369;0.246666;,
   -0.682786;0.290916;-0.670203;,
   -0.642086;-0.195627;-0.741253;,
   -0.476947;0.838747;0.262727;,
   0.732471;0.478213;-0.484559;,
   0.732467;0.478212;-0.484567;,
   0.732465;0.478211;-0.484572;,
   0.732474;0.478214;-0.484554;,
   0.612320;-0.599570;-0.515344;,
   0.390795;-0.746651;-0.538322;,
   0.942791;-0.025465;-0.332410;,
   0.942791;-0.025465;-0.332410;,
   0.942791;-0.025465;-0.332410;,
   0.942791;-0.025465;-0.332410;,
   0.672446;-0.416225;-0.612024;,
   0.565980;0.567105;0.598379;,
   -0.730411;-0.460144;-0.504744;,
   0.672446;-0.416225;-0.612024;,
   -0.821697;0.396363;0.409524;,
   0.667271;-0.250460;-0.701441;,
   0.379562;0.731627;0.566263;,
   -0.553399;-0.776944;-0.300181;,
   0.667271;-0.250460;-0.701441;,
   -0.785751;0.031971;0.617717;,
   0.597556;-0.062715;-0.799371;,
   0.343030;0.885356;0.313808;,
   -0.359026;-0.895614;-0.262632;,
   0.597556;-0.062715;-0.799371;,
   -0.610857;-0.025479;0.791331;,
   0.337078;0.915867;0.218097;,
   0.558051;-0.043450;-0.828669;,
   -0.350964;-0.914730;-0.200233;,
   0.558051;-0.043450;-0.828669;,
   -0.563224;-0.011050;0.826231;,
   0.543041;-0.057302;-0.837749;,
   0.279154;0.946577;0.161449;,
   -0.245548;-0.961757;-0.121363;,
   0.543041;-0.057302;-0.837749;,
   -0.478192;-0.022538;0.877966;,
   0.589784;-0.089576;-0.802577;,
   0.242340;0.956165;0.164380;,
   -0.080383;-0.995016;-0.059006;,
   0.589784;-0.089576;-0.802577;,
   -0.391359;-0.007843;0.920205;,
   0.666901;-0.066072;-0.742211;,
   0.059901;0.973431;-0.221009;,
   0.201828;-0.973849;0.104327;,
   0.666901;-0.066072;-0.742211;,
   -0.471809;-0.221342;0.853466;,
   0.584619;0.079856;-0.807368;,
   -0.910969;0.260621;0.319705;,
   0.821912;-0.531756;0.204196;,
   0.584619;0.079856;-0.807368;,
   0.317318;0.146890;0.936874;,
   -0.861665;-0.354414;-0.363214;,
   -0.952596;-0.021722;0.303463;,
   0.906170;0.147739;-0.396268;,
   -0.861665;-0.354414;-0.363214;,
   0.037988;0.645677;0.762665;;
   292;
   3;0,1,2;,
   3;1,0,3;,
   3;3,4,1;,
   3;4,3,5;,
   3;5,6,4;,
   3;6,5,7;,
   3;8,9,10;,
   3;9,8,11;,
   3;10,12,13;,
   3;12,10,9;,
   3;13,14,15;,
   3;14,13,12;,
   3;16,17,18;,
   3;17,16,19;,
   3;18,20,21;,
   3;20,18,17;,
   3;21,22,23;,
   3;22,21,20;,
   3;23,24,25;,
   3;24,23,22;,
   3;25,11,8;,
   3;11,25,24;,
   3;26,27,28;,
   3;27,26,29;,
   3;28,30,31;,
   3;30,28,27;,
   3;31,32,33;,
   3;32,31,30;,
   3;33,34,35;,
   3;34,33,32;,
   3;35,36,37;,
   3;36,35,34;,
   3;38,39,40;,
   3;39,38,41;,
   3;41,42,39;,
   3;42,41,43;,
   3;43,18,42;,
   3;18,43,16;,
   3;40,44,45;,
   3;44,40,39;,
   3;39,46,44;,
   3;46,39,42;,
   3;42,21,46;,
   3;21,42,18;,
   3;45,47,48;,
   3;47,45,44;,
   3;44,49,47;,
   3;49,44,46;,
   3;46,23,49;,
   3;23,46,21;,
   3;48,50,51;,
   3;50,48,47;,
   3;47,52,50;,
   3;52,47,49;,
   3;49,25,52;,
   3;25,49,23;,
   3;53,13,15;,
   3;13,53,50;,
   3;50,10,13;,
   3;10,50,52;,
   3;52,8,10;,
   3;8,52,25;,
   3;54,1,55;,
   3;1,54,2;,
   3;55,4,56;,
   3;4,55,1;,
   3;56,6,57;,
   3;6,56,4;,
   3;58,9,11;,
   3;9,58,59;,
   3;59,12,9;,
   3;12,59,60;,
   3;60,14,12;,
   3;14,60,61;,
   3;62,17,19;,
   3;17,62,63;,
   3;63,20,17;,
   3;20,63,64;,
   3;64,22,20;,
   3;22,64,65;,
   3;65,24,22;,
   3;24,65,66;,
   3;66,11,24;,
   3;11,66,58;,
   3;26,67,68;,
   3;67,26,28;,
   3;28,69,67;,
   3;69,28,31;,
   3;31,70,69;,
   3;70,31,33;,
   3;33,71,70;,
   3;71,33,35;,
   3;35,72,71;,
   3;72,35,37;,
   3;73,74,75;,
   3;74,73,76;,
   3;75,77,78;,
   3;77,75,74;,
   3;78,63,62;,
   3;63,78,77;,
   3;76,79,74;,
   3;79,76,80;,
   3;74,81,77;,
   3;81,74,79;,
   3;77,64,63;,
   3;64,77,81;,
   3;80,82,79;,
   3;82,80,83;,
   3;79,84,81;,
   3;84,79,82;,
   3;81,65,64;,
   3;65,81,84;,
   3;83,85,82;,
   3;85,83,86;,
   3;82,87,84;,
   3;87,82,85;,
   3;84,66,65;,
   3;66,84,87;,
   3;88,60,85;,
   3;60,88,61;,
   3;85,59,87;,
   3;59,85,60;,
   3;87,58,66;,
   3;58,87,59;,
   3;89,90,91;,
   3;90,89,92;,
   3;93,94,95;,
   3;94,93,96;,
   3;97,98,99;,
   3;98,97,100;,
   3;101,94,96;,
   3;94,101,102;,
   3;103,104,105;,
   3;104,103,106;,
   3;92,93,95;,
   3;93,92,89;,
   3;89,107,108;,
   3;107,89,91;,
   3;101,109,110;,
   3;109,101,96;,
   3;96,111,109;,
   3;111,96,93;,
   3;93,108,111;,
   3;108,93,89;,
   3;108,112,113;,
   3;112,108,107;,
   3;110,114,115;,
   3;114,110,109;,
   3;109,116,114;,
   3;116,109,111;,
   3;111,113,116;,
   3;113,111,108;,
   3;113,117,118;,
   3;117,113,112;,
   3;115,119,120;,
   3;119,115,114;,
   3;114,121,119;,
   3;121,114,116;,
   3;116,118,121;,
   3;118,116,113;,
   3;118,122,123;,
   3;122,118,117;,
   3;120,124,125;,
   3;124,120,119;,
   3;119,126,124;,
   3;126,119,121;,
   3;121,123,126;,
   3;123,121,118;,
   3;123,127,128;,
   3;127,123,122;,
   3;125,129,130;,
   3;129,125,124;,
   3;124,131,129;,
   3;131,124,126;,
   3;126,128,131;,
   3;128,126,123;,
   3;128,132,133;,
   3;132,128,127;,
   3;130,134,135;,
   3;134,130,129;,
   3;129,136,134;,
   3;136,129,131;,
   3;131,133,136;,
   3;133,131,128;,
   3;133,137,138;,
   3;137,133,132;,
   3;135,139,140;,
   3;139,135,134;,
   3;134,141,139;,
   3;141,134,136;,
   3;136,138,141;,
   3;138,136,133;,
   3;138,142,143;,
   3;142,138,137;,
   3;140,144,145;,
   3;144,140,139;,
   3;139,146,144;,
   3;146,139,141;,
   3;141,143,146;,
   3;143,141,138;,
   3;143,147,148;,
   3;147,143,142;,
   3;145,149,150;,
   3;149,145,144;,
   3;144,151,149;,
   3;151,144,146;,
   3;146,148,151;,
   3;148,146,143;,
   3;152,153,154;,
   3;153,152,155;,
   3;156,157,158;,
   3;157,156,159;,
   3;160,161,162;,
   3;161,160,163;,
   3;164,157,165;,
   3;157,164,158;,
   3;166,167,168;,
   3;167,166,169;,
   3;154,156,152;,
   3;156,154,159;,
   3;152,170,155;,
   3;170,152,171;,
   3;164,172,158;,
   3;172,164,173;,
   3;158,174,156;,
   3;174,158,172;,
   3;156,171,152;,
   3;171,156,174;,
   3;171,175,170;,
   3;175,171,176;,
   3;173,177,172;,
   3;177,173,178;,
   3;172,179,174;,
   3;179,172,177;,
   3;174,176,171;,
   3;176,174,179;,
   3;176,180,175;,
   3;180,176,181;,
   3;178,182,177;,
   3;182,178,183;,
   3;177,184,179;,
   3;184,177,182;,
   3;179,181,176;,
   3;181,179,184;,
   3;180,185,186;,
   3;185,180,181;,
   3;183,187,182;,
   3;187,183,188;,
   3;182,189,184;,
   3;189,182,187;,
   3;184,185,181;,
   3;185,184,189;,
   3;185,190,186;,
   3;190,185,191;,
   3;188,192,187;,
   3;192,188,193;,
   3;187,194,189;,
   3;194,187,192;,
   3;189,191,185;,
   3;191,189,194;,
   3;191,195,190;,
   3;195,191,196;,
   3;193,197,192;,
   3;197,193,198;,
   3;192,199,194;,
   3;199,192,197;,
   3;194,196,191;,
   3;196,194,199;,
   3;196,200,195;,
   3;200,196,201;,
   3;198,202,197;,
   3;202,198,203;,
   3;197,204,199;,
   3;204,197,202;,
   3;199,201,196;,
   3;201,199,204;,
   3;201,205,200;,
   3;205,201,206;,
   3;203,207,202;,
   3;207,203,208;,
   3;202,209,204;,
   3;209,202,207;,
   3;204,206,201;,
   3;206,204,209;,
   3;206,210,205;,
   3;210,206,211;,
   3;208,212,207;,
   3;212,208,213;,
   3;207,214,209;,
   3;214,207,212;,
   3;209,211,206;,
   3;211,209,214;;
  }

  MeshMaterialList {
   1;
   292;
   0,
   0,
   0,
   0,
   0,
   0,
   0,
   0,
   0,
   0,
   0,
   0,
   0,
   0,
   0,
   0,
   0,
   0,
   0,
   0,
   0,
   0,
   0,
   0,
   0,
   0,
   0,
   0,
   0,
   0,
   0,
   0,
   0,
   0,
   0,
   0,
   0,
   0,
   0,
   0,
   0,
   0,
   0,
   0,
   0,
   0,
   0,
   0,
   0,
   0,
   0,
   0,
   0,
   0,
   0,
   0,
   0,
   0,
   0,
   0,
   0,
   0,
   0,
   0,
   0,
   0,
   0,
   0,
   0,
   0,
   0,
   0,
   0,
   0,
   0,
   0,
   0,
   0,
   0,
   0,
   0,
   0,
   0,
   0,
   0,
   0,
   0,
   0,
   0,
   0,
   0,
   0,
   0,
   0,
   0,
   0,
   0,
   0,
   0,
   0,
   0,
   0,
   0,
   0,
   0,
   0,
   0,
   0,
   0,
   0,
   0,
   0,
   0,
   0,
   0,
   0,
   0,
   0,
   0,
   0,
   0,
   0,
   0,
   0,
   0,
   0,
   0,
   0,
   0,
   0,
   0,
   0,
   0,
   0,
   0,
   0,
   0,
   0,
   0,
   0,
   0,
   0,
   0,
   0,
   0,
   0,
   0,
   0,
   0,
   0,
   0,
   0,
   0,
   0,
   0,
   0,
   0,
   0,
   0,
   0,
   0,
   0,
   0,
   0,
   0,
   0,
   0,
   0,
   0,
   0,
   0,
   0,
   0,
   0,
   0,
   0,
   0,
   0,
   0,
   0,
   0,
   0,
   0,
   0,
   0,
   0,
   0,
   0,
   0,
   0,
   0,
   0,
   0,
   0,
   0,
   0,
   0,
   0,
   0,
   0,
   0,
   0,
   0,
   0,
   0,
   0,
   0,
   0,
   0,
   0,
   0,
   0,
   0,
   0,
   0,
   0,
   0,
   0,
   0,
   0,
   0,
   0,
   0,
   0,
   0,
   0,
   0,
   0,
   0,
   0,
   0,
   0,
   0,
   0,
   0,
   0,
   0,
   0,
   0,
   0,
   0,
   0,
   0,
   0,
   0,
   0,
   0,
   0,
   0,
   0,
   0,
   0,
   0,
   0,
   0,
   0,
   0,
   0,
   0,
   0,
   0,
   0,
   0,
   0,
   0,
   0,
   0,
   0,
   0,
   0,
   0,
   0,
   0,
   0,
   0,
   0,
   0,
   0,
   0,
   0,
   0,
   0,
   0,
   0,
   0,
   0,
   0,
   0,
   0,
   0,
   0,
   0;
   { Material__177 }
  }

  MeshTextureCoords c1 {
   215;
   0.469902;0.586108;,
   0.345053;0.646030;,
   0.345053;0.584875;,
   0.502434;0.638450;,
   0.345054;0.717432;,
   0.512416;0.716621;,
   0.345054;0.782657;,
   0.503522;0.780887;,
   0.394123;0.206310;,
   0.345053;0.141886;,
   0.409785;0.153094;,
   0.345054;0.195875;,
   0.345054;0.074898;,
   0.429875;0.091803;,
   0.345054;0.015665;,
   0.447998;0.036982;,
   0.469902;0.586108;,
   0.345054;0.521119;,
   0.480489;0.513983;,
   0.345053;0.584875;,
   0.345054;0.442147;,
   0.479225;0.430569;,
   0.345054;0.364321;,
   0.463172;0.351425;,
   0.345054;0.264576;,
   0.435062;0.252848;,
   0.784395;0.985478;,
   0.578214;0.904579;,
   0.784395;0.904495;,
   0.589867;0.977802;,
   0.582229;0.813846;,
   0.784395;0.813855;,
   0.596836;0.727001;,
   0.784395;0.726922;,
   0.627336;0.640069;,
   0.784395;0.636578;,
   0.692508;0.581910;,
   0.784395;0.569936;,
   0.681802;0.562184;,
   0.610007;0.488996;,
