xof 0303txt 0032
template ColorRGBA {
 <35ff44e0-6c7c-11cf-8f52-0040333594a3>
 FLOAT red;
 FLOAT green;
 FLOAT blue;
 FLOAT alpha;
}

template ColorRGB {
 <d3e16e81-7835-11cf-8f52-0040333594a3>
 FLOAT red;
 FLOAT green;
 FLOAT blue;
}

template Material {
 <3d82ab4d-62da-11cf-ab39-0020af71e433>
 ColorRGBA faceColor;
 FLOAT power;
 ColorRGB specularColor;
 ColorRGB emissiveColor;
 [...]
}

template TextureFilename {
 <a42790e1-7810-11cf-8f52-0040333594a3>
 STRING filename;
}

template Frame {
 <3d82ab46-62da-11cf-ab39-0020af71e433>
 [...]
}

template Matrix4x4 {
 <f6f23f45-7686-11cf-8f52-0040333594a3>
 array FLOAT matrix[16];
}

template FrameTransformMatrix {
 <f6f23f41-7686-11cf-8f52-0040333594a3>
 Matrix4x4 frameMatrix;
}

template Vector {
 <3d82ab5e-62da-11cf-ab39-0020af71e433>
 FLOAT x;
 FLOAT y;
 FLOAT z;
}

template MeshFace {
 <3d82ab5f-62da-11cf-ab39-0020af71e433>
 DWORD nFaceVertexIndices;
 array DWORD faceVertexIndices[nFaceVertexIndices];
}

template Mesh {
 <3d82ab44-62da-11cf-ab39-0020af71e433>
 DWORD nVertices;
 array Vector vertices[nVertices];
 DWORD nFaces;
 array MeshFace faces[nFaces];
 [...]
}

template MeshMaterialList {
 <f6f23f42-7686-11cf-8f52-0040333594a3>
 DWORD nMaterials;
 DWORD nFaceIndexes;
 array DWORD faceIndexes[nFaceIndexes];
 [Material <3d82ab4d-62da-11cf-ab39-0020af71e433>]
}

template VertexElement {
 <f752461c-1e23-48f6-b9f8-8350850f336f>
 DWORD Type;
 DWORD Method;
 DWORD Usage;
 DWORD UsageIndex;
}

template DeclData {
 <bf22e553-292c-4781-9fea-62bd554bdd93>
 DWORD nElements;
 array VertexElement Elements[nElements];
 DWORD nDWords;
 array DWORD data[nDWords];
}

template XSkinMeshHeader {
 <3cf169ce-ff7c-44ab-93c0-f78f62d172e2>
 WORD nMaxSkinWeightsPerVertex;
 WORD nMaxSkinWeightsPerFace;
 WORD nBones;
}

template SkinWeights {
 <6f0d123b-bad2-4167-a0d0-80224f25fabb>
 STRING transformNodeName;
 DWORD nWeights;
 array DWORD vertexIndices[nWeights];
 array FLOAT weights[nWeights];
 Matrix4x4 matrixOffset;
}

template AnimTicksPerSecond {
 <9e415a43-7ba6-4a73-8743-b73d47e88476>
 DWORD AnimTicksPerSecond;
}

template Animation {
 <3d82ab4f-62da-11cf-ab39-0020af71e433>
 [...]
}

template AnimationSet {
 <3d82ab50-62da-11cf-ab39-0020af71e433>
 [Animation <3d82ab4f-62da-11cf-ab39-0020af71e433>]
}

template FloatKeys {
 <10dd46a9-775b-11cf-8f52-0040333594a3>
 DWORD nValues;
 array FLOAT values[nValues];
}

template TimedFloatKeys {
 <f406b180-7b3b-11cf-8f52-0040333594a3>
 DWORD time;
 FloatKeys tfkeys;
}

template AnimationKey {
 <10dd46a8-775b-11cf-8f52-0040333594a3>
 DWORD keyType;
 DWORD nKeys;
 array TimedFloatKeys keys[nKeys];
}


Material _03_-_Default {
 1.000000;1.000000;1.000000;1.000000;;
 9.999999;
 0.000000;0.000000;0.000000;;
 0.000000;0.000000;0.000000;;

 TextureFilename {
  "MaleBody_full.png";
 }
}

Frame Dummy01 {
 

 FrameTransformMatrix {
  1.000000,0.000000,0.000000,0.000000,0.000000,-0.000000,-1.000000,0.000000,0.000000,1.000000,-0.000000,0.000000,0.000000,0.000000,0.000000,1.000000;;
 }

 Frame Bip01 {
  

  FrameTransformMatrix {
   -0.143630,0.952459,-0.268687,0.000000,-0.081900,0.259131,0.962364,0.000000,0.986237,0.160230,0.040787,0.000000,0.026347,0.030000,0.517375,1.000000;;
  }

  Frame Bip01_Pelvis {
   

   FrameTransformMatrix {
    -0.005512,0.996195,-0.086983,0.000000,0.063003,0.087157,0.994200,0.000000,0.997998,0.000000,-0.063244,0.000000,0.000000,0.000000,0.000000,1.000000;;
   }

   Frame Bip01_Spine {
    

    FrameTransformMatrix {
     0.981534,0.087633,0.170036,0.000000,-0.123008,0.969889,0.210201,0.000000,-0.146495,-0.227235,0.962758,0.000000,0.051449,0.004519,-0.000082,1.000000;;
    }

    Frame Bip01_Spine1 {
     

     FrameTransformMatrix {
      0.883250,-0.066569,0.464153,0.000000,0.002549,0.990538,0.137212,0.000000,-0.468895,-0.120009,0.875063,0.000000,0.106520,0.000010,-0.000074,1.000000;;
     }

     Frame Bip01_Neck {
      

      FrameTransformMatrix {
       1.000000,0.000000,0.000000,0.000000,0.000000,1.000000,-0.000000,0.000000,0.000000,0.000000,1.000000,0.000000,0.130505,0.000000,0.004625,1.000000;;
      }

      Frame Bip01_Head {
       

       FrameTransformMatrix {
        0.839005,-0.009528,-0.544041,0.000000,-0.295409,0.831687,-0.470138,0.000000,0.456951,0.555163,0.694975,0.000000,0.033674,0.000000,0.000000,1.000000;;
       }

       Frame Bip01_HeadNub {
        

        FrameTransformMatrix {
         1.000000,0.000000,0.000000,0.000000,0.000000,1.000000,-0.000000,0.000000,-0.000000,0.000000,1.000000,0.000000,0.169824,0.000000,0.000000,1.000000;;
        }
       }
      }

      Frame Bip01_L_Clavicle {
       

       FrameTransformMatrix {
        -0.171998,0.964622,0.199805,0.000000,0.985097,0.168583,0.034111,0.000000,-0.000780,0.202694,-0.979242,0.000000,-0.024025,0.015715,-0.004625,1.000000;;
       }

       Frame Bip01_L_UpperArm {
        

        FrameTransformMatrix {
         0.637046,-0.633537,-0.439094,0.000000,0.700669,0.713373,-0.012731,0.000000,0.321303,-0.299549,0.898351,0.000000,0.087086,0.000000,0.000000,1.000000;;
        }

        Frame Bip01_L_Forearm {
         

         FrameTransformMatrix {
          -0.208865,0.000000,-0.977944,0.000000,-0.000000,1.000000,0.000000,0.000000,0.977945,0.000000,-0.208865,0.000000,0.137062,-0.000000,0.000000,1.000000;;
         }

         Frame Bip01_L_Hand {
          

          FrameTransformMatrix {
           0.995051,0.043782,0.089200,0.000000,0.032246,-0.991393,0.126890,0.000000,0.093988,-0.123386,-0.987898,0.000000,0.137062,-0.000000,0.000000,1.000000;;
          }

          Frame Bip01_L_Finger0 {
           

           FrameTransformMatrix {
            0.690342,-0.181727,0.700288,0.000000,0.558537,0.749101,-0.356210,0.000000,-0.459853,0.637043,0.618638,0.000000,0.057681,-0.023605,-0.000272,1.000000;;
           }

           Frame Bip01_L_Finger0Nub {
            

            FrameTransformMatrix {
             1.000000,-0.000000,0.000000,0.000000,0.000000,1.000000,-0.000000,0.000000,0.000000,-0.000000,1.000000,0.000000,0.029435,0.000000,-0.000000,1.000000;;
            }
           }
          }

          Frame Bip01_L_Finger1 {
           

           FrameTransformMatrix {
            0.327407,-0.000752,0.944883,0.000000,0.000000,1.000000,0.000796,0.000000,-0.944883,-0.000261,0.327407,0.000000,0.084102,0.000000,0.000000,1.000000;;
           }

           Frame Bip01_L_Finger1Nub {
            

            FrameTransformMatrix {
             1.000000,-0.000000,0.000000,0.000000,-0.000000,1.000000,-0.000000,0.000000,0.000000,0.000000,1.000000,0.000000,0.047988,0.000000,0.000000,1.000000;;
            }
           }
          }
         }
        }
       }
      }

      Frame Bip01_R_Clavicle {
       

       FrameTransformMatrix {
        -0.077770,-0.962654,-0.259323,0.000000,-0.996971,0.074892,0.020974,0.000000,-0.000769,0.260169,-0.965563,0.000000,-0.024025,-0.015715,-0.004625,1.000000;;
       }

       Frame Bip01_R_UpperArm {
        

        FrameTransformMatrix {
         0.417226,0.908478,-0.024289,0.000000,-0.797201,0.378691,0.470173,0.000000,0.436340,-0.176805,0.882240,0.000000,0.087086,-0.000000,0.000000,1.000000;;
        }

        Frame Bip01_R_Forearm {
         

         FrameTransformMatrix {
          -0.067531,0.000000,-0.997717,0.000000,0.000000,1.000000,-0.000000,0.000000,0.997717,-0.000000,-0.067531,0.000000,0.137062,0.000000,-0.000000,1.000000;;
         }

         Frame Bip01_R_Hand {
          

          FrameTransformMatrix {
           0.997500,0.058944,-0.038976,0.000000,-0.051159,0.221887,-0.973729,0.000000,-0.048747,0.973289,0.224348,0.000000,0.137062,0.000000,0.000000,1.000000;;
          }

          Frame Bip01_R_Finger0 {
           

           FrameTransformMatrix {
            0.417774,-0.116941,0.900994,0.000000,-0.558537,0.749101,0.356210,0.000000,-0.716591,-0.652054,0.247639,0.000000,0.057681,0.023605,-0.000272,1.000000;;
           }

           Frame Bip01_R_Finger0Nub {
            

            FrameTransformMatrix {
             -1.000000,-0.000000,-0.000000,0.000000,0.000000,1.000000,-0.000000,0.000000,0.000000,0.000000,-1.000001,0.000000,0.029435,0.000000,0.000000,1.000000;;
            }
           }
          }

          Frame Bip01_R_Finger1 {
           

           FrameTransformMatrix {
            0.352436,0.000745,0.935835,0.000000,-0.000000,1.000000,-0.000796,0.000000,-0.935836,0.000281,0.352436,0.000000,0.084102,0.000000,0.000000,1.000000;;
           }

           Frame Bip01_R_Finger1Nub {
            

            FrameTransformMatrix {
             -1.000000,-0.000000,0.000000,0.000000,0.000000,1.000000,-0.000000,0.000000,-0.000000,0.000000,-1.000000,0.000000,0.047988,0.000000,0.000000,1.000000;;
            }
           }
          }
         }
        }
       }
      }
     }

     Frame Bip01_BackPack {
      

      FrameTransformMatrix {
       -0.135292,-0.101465,-0.985597,0.000000,-0.064786,0.993520,-0.093387,0.000000,0.988686,0.051219,-0.140989,0.000000,0.025143,-0.004617,-0.085827,1.000000;;
      }

      Frame Bip01_BackPackNub {
       

       FrameTransformMatrix {
        0.000796,0.000003,1.000000,0.000000,0.000000,-1.000000,0.000003,0.000000,1.000000,0.000000,-0.000796,0.000000,0.053240,0.000000,0.000000,1.000000;;
       }
      }
     }
    }

    Frame Bip01_L_Thigh {
     

     FrameTransformMatrix {
      -0.405247,0.282085,0.869599,0.000000,0.149656,-0.917905,0.367496,0.000000,0.901875,0.279067,0.329763,0.000000,-0.046042,0.055525,-0.003906,1.000000;;
     }

     Frame Bip01_L_Calf {
      

      FrameTransformMatrix {
       0.820108,0.000000,-0.572209,0.000000,0.000000,1.000000,0.000000,0.000000,0.572209,0.000000,0.820108,0.000000,0.237500,0.000000,0.000000,1.000000;;
      }

      Frame Bip01_L_Foot {
       

       FrameTransformMatrix {
        0.912448,-0.041496,0.407085,0.000000,0.033272,0.999075,0.027264,0.000000,-0.407839,-0.011333,0.912984,0.000000,0.206841,0.000000,0.000000,1.000000;;
       }

       Frame Bip01_L_Toe0 {
        

        FrameTransformMatrix {
         -0.000001,-0.087154,0.996195,0.000000,-0.000001,0.996195,0.087154,0.000000,-1.000000,-0.000001,-0.000001,0.000000,0.065373,-0.000000,0.066450,1.000000;;
        }

        Frame Bip01_L_Toe0Nub {
         

         FrameTransformMatrix {
          -1.000000,-0.000000,0.000000,0.000000,-0.000000,1.000000,-0.000000,0.000000,-0.000000,-0.000000,-1.000000,0.000000,0.006735,0.000000,0.000000,1.000000;;
         }
        }
       }
      }
     }
    }

    Frame Bip01_R_Thigh {
     

     FrameTransformMatrix {
      -0.933714,-0.095142,0.345146,0.000000,0.220047,-0.912964,0.343622,0.000000,0.282413,0.396793,0.873383,0.000000,-0.055721,-0.051600,0.021192,1.000000;;
     }

     Frame Bip01_R_Calf {
      

      FrameTransformMatrix {
       0.115338,0.000000,-0.993326,0.000000,0.000000,1.000000,0.000000,0.000000,0.993327,0.000000,0.115338,0.000000,0.237500,0.000000,0.000000,1.000000;;
      }

      Frame Bip01_R_Foot {
       

       FrameTransformMatrix {
        0.958689,0.032899,-0.282547,0.000000,-0.049085,0.997522,-0.050399,0.000000,0.280189,0.062186,0.957929,0.000000,0.206841,0.000000,0.000000,1.000000;;
       }

       Frame Bip01_R_Toe0 {
        

        FrameTransformMatrix {
         -0.000000,-0.000000,1.000000,0.000000,0.000001,1.000000,0.000000,0.000000,-1.000000,0.000001,-0.000000,0.000000,0.065373,0.000000,0.066450,1.000000;;
        }

        Frame Bip01_R_Toe0Nub {
         

         FrameTransformMatrix {
          1.000000,-0.000000,0.000000,0.000000,0.000000,1.000000,0.000000,0.000000,0.000000,-0.000000,1.000000,0.000000,0.006735,0.000000,0.000000,1.000000;;
         }
        }
       }
      }
     }
    }
   }

   Frame Bip01_DressFront {
    

    FrameTransformMatrix {
     -0.653910,-0.231217,0.720375,0.000000,0.121847,0.907542,0.401896,0.000000,-0.746696,0.350579,-0.565278,0.000000,-0.023183,-0.008375,0.076702,1.000000;;
    }

    Frame Bip01_DressFront02 {
     

     FrameTransformMatrix {
      0.912593,0.000001,0.408870,0.000000,-0.000001,1.000000,-0.000000,0.000000,-0.408870,-0.000000,0.912593,0.000000,0.183378,0.000000,-0.000120,1.000000;;
     }

     Frame Bip01_DressFrontNub {
      

      FrameTransformMatrix {
       0.000796,0.000003,1.000000,0.000000,0.000000,-1.000000,0.000003,0.000000,1.000000,0.000000,-0.000796,0.000000,0.165302,-0.000000,0.000000,1.000000;;
      }
     }
    }
   }

   Frame Bip01_DressBack {
    

    FrameTransformMatrix {
     -0.886023,0.038029,0.462080,0.000000,0.191625,0.937561,0.290274,0.000000,-0.422190,0.345735,-0.837988,0.000000,-0.047673,-0.000048,-0.078302,1.000000;;
    }

    Frame Bip01_DressBack02 {
     

     FrameTransformMatrix {
      0.936852,0.174931,-0.302833,0.000000,-0.166408,0.984581,0.053939,0.000000,0.307600,-0.000139,0.951516,0.000000,0.176125,-0.000000,-0.000103,1.000000;;
     }

     Frame Bip01_DressBackNub {
      

      FrameTransformMatrix {
       0.000796,0.000003,1.000000,0.000000,-0.000000,-1.000000,0.000003,0.000000,1.000000,-0.000000,-0.000796,0.000000,0.136508,0.000000,-0.000000,1.000000;;
      }
     }
    }
   }
  }

  Frame Bip01_Prop1 {
   

   FrameTransformMatrix {
    -0.197780,-0.050151,0.978963,0.000000,0.872984,0.445227,0.199177,0.000000,-0.445850,0.894012,-0.044276,0.000000,0.044688,0.008403,-0.112064,1.000000;;
   }
  }

  Frame Bip01_Prop2 {
   

   FrameTransformMatrix {
    0.337755,-0.805625,-0.486714,0.000000,-0.797902,-0.519364,0.305964,0.000000,-0.499274,0.285009,-0.818227,0.000000,0.219444,0.086477,0.000620,1.000000;;
   }
  }
 }
}

Frame Translation_Data {
 

 FrameTransformMatrix {
  1.000000,0.000000,0.000000,0.000000,0.000000,-0.000000,-1.000000,0.000000,0.000000,1.000000,-0.000000,0.000000,0.000000,0.000000,0.000000,1.000000;;
 }
}

Frame Body {
 

 FrameTransformMatrix {
  1.000000,0.000000,0.000000,0.000000,0.000000,1.000000,0.000000,0.000000,0.000000,0.000000,1.000000,0.000000,0.000000,0.000000,0.000000,1.000000;;
 }

 Mesh Body {
  617;
  0.013960;0.693023;-0.214127;,
  -0.008810;0.696146;-0.191893;,
  -0.016060;0.727958;-0.201561;,
  0.027330;0.676820;-0.206584;,
  0.042279;0.670840;-0.200515;,
  0.023259;0.642505;-0.168912;,
  0.000647;0.662281;-0.182813;,
  0.066843;0.660944;-0.170678;,
  -0.006045;0.768898;-0.196878;,
  0.053951;0.763972;-0.193977;,
  0.032775;0.741656;-0.210076;,
  0.027928;0.777278;-0.177371;,
  0.106449;0.584023;-0.025617;,
  0.072610;0.592275;-0.003614;,
  0.072393;0.581669;0.008398;,
  0.098914;0.590555;-0.033747;,
  0.080051;0.574457;-0.083723;,
  0.101526;0.558516;-0.060182;,
  0.046695;0.559119;-0.102994;,
  0.086340;0.528760;-0.077078;,
  0.057295;0.511963;-0.078619;,
  -0.026136;0.642799;-0.146152;,
  -0.035859;0.666510;-0.164516;,
  0.031980;0.587150;0.008631;,
  0.032529;0.573003;0.019368;,
  0.082835;0.692717;-0.066385;,
  0.030855;0.738742;-0.066829;,
  0.038351;0.700881;-0.040469;,
  0.077748;0.730647;-0.098333;,
  0.079272;0.510897;-0.096205;,
  0.115321;0.422069;-0.147277;,
  0.078186;0.444455;-0.166648;,
  0.114286;0.491892;-0.070423;,
  0.071501;0.367141;-0.233032;,
  0.099777;0.343748;-0.196462;,
  0.030075;0.508946;-0.083705;,
  0.035019;0.381311;-0.088769;,
  0.062030;0.477466;0.044475;,
  0.030094;0.430774;-0.146219;,
  0.045997;0.331235;-0.161159;,
  0.043203;0.348197;-0.198414;,
  0.114519;0.380970;-0.097222;,
  0.112735;0.455254;-0.026805;,
  0.086792;0.330851;-0.161261;,
  0.079578;0.075114;-0.244063;,
  0.038839;0.052836;-0.205644;,
  0.034779;0.077253;-0.247723;,
  0.073690;0.052494;-0.205098;,
  0.068497;0.297823;-0.224734;,
  0.091530;0.216112;-0.206421;,
  0.062246;0.224550;-0.233842;,
  0.100005;0.289770;-0.197213;,
  0.077611;0.137804;-0.214225;,
  0.057947;0.147548;-0.241239;,
  0.026171;0.278977;-0.203339;,
  0.031135;0.221999;-0.166118;,
  0.029155;0.285309;-0.148042;,
  0.032823;0.220152;-0.208872;,
  0.045345;0.142899;-0.189121;,
  0.041004;0.132834;-0.221297;,
  0.092941;0.216278;-0.167902;,
  0.101432;0.287570;-0.147842;,
  0.069630;0.146382;-0.187936;,
  0.113282;0.532963;-0.049901;,
  0.016570;0.496983;-0.078037;,
  0.030075;0.508946;-0.083705;,
  0.025198;0.467772;-0.056625;,
  0.127008;0.542829;0.002039;,
  0.083924;0.542696;0.037048;,
  0.119255;0.477259;-0.007039;,
  0.079987;0.481673;0.025211;,
  0.082224;0.645117;-0.039520;,
  0.103959;0.678395;-0.091783;,
  0.106194;0.671578;-0.110948;,
  0.074789;0.611098;-0.107990;,
  0.078253;0.644917;-0.145330;,
  0.101270;0.631662;-0.072175;,
  0.034068;0.626727;-0.152257;,
  0.043634;0.595901;-0.118718;,
  -0.016345;0.634123;-0.136351;,
  -0.001461;0.593069;-0.099878;,
  0.049812;0.658444;-0.243722;,
  0.074591;0.614321;-0.245741;,
  0.024162;0.662668;-0.196606;,
  0.081627;0.572832;-0.188748;,
  0.045858;0.605227;-0.193956;,
  0.104144;0.577628;-0.231413;,
  0.075225;0.673232;-0.165097;,
  0.045858;0.605227;-0.193956;,
  0.098303;0.627859;-0.160746;,
  0.113766;0.561545;-0.169431;,
  0.081627;0.572832;-0.188748;,
  0.084981;0.677841;-0.168561;,
  0.127046;0.637273;-0.212601;,
  0.102114;0.680221;-0.209976;,
  0.136179;0.566042;-0.212007;,
  0.076146;0.670178;-0.235660;,
  0.091727;0.593172;-0.240559;,
  0.016431;0.572623;-0.225658;,
  0.063158;0.589563;-0.190849;,
  0.036695;0.575863;-0.256093;,
  -0.012512;0.558892;-0.254396;,
  -0.007363;0.556546;-0.270650;,
  0.063158;0.589563;-0.190849;,
  0.038784;0.519951;-0.225739;,
  0.085317;0.531461;-0.181713;,
  0.016431;0.572623;-0.225658;,
  -0.006867;0.530172;-0.244718;,
  -0.012512;0.558892;-0.254396;,
  0.054464;0.522856;-0.248972;,
  0.113679;0.535239;-0.231150;,
  0.001749;0.522368;-0.264994;,
  -0.104321;0.556275;-0.322230;,
  -0.085665;0.542793;-0.270011;,
  -0.083550;0.558707;-0.315409;,
  -0.106001;0.540506;-0.277247;,
  -0.068716;0.555552;-0.322938;,
  -0.075592;0.540404;-0.324860;,
  -0.077567;0.549697;-0.319309;,
  -0.066659;0.549401;-0.332635;,
  -0.050436;0.554009;-0.251006;,
  -0.050144;0.535809;-0.308572;,
  -0.078971;0.533956;-0.264404;,
  -0.030795;0.561822;-0.296010;,
  -0.080440;0.514378;-0.267961;,
  -0.038693;0.518051;-0.250233;,
  -0.017071;0.525510;-0.296912;,
  -0.052004;0.516041;-0.310077;,
  0.056790;0.726791;-0.227492;,
  0.043062;0.705028;-0.242661;,
  0.032775;0.741656;-0.210076;,
  0.018107;0.720213;-0.219167;,
  0.101498;0.717338;-0.128382;,
  -0.006464;0.743810;-0.210331;,
  0.031706;0.682071;-0.235095;,
  0.027330;0.676820;-0.206584;,
  0.013960;0.693023;-0.214127;,
  0.037131;0.669804;-0.218168;,
  0.085251;0.738420;-0.171810;,
  0.061732;0.755347;-0.137209;,
  0.084400;0.737351;-0.178006;,
  0.015813;0.761954;-0.102194;,
  -0.012747;0.776164;-0.153078;,
  0.053951;0.763972;-0.193977;,
  0.084400;0.737351;-0.178006;,
  0.055921;0.685848;-0.181600;,
  0.083001;0.722773;-0.177709;,
  0.024162;0.662668;-0.196606;,
  0.091230;0.693286;-0.145591;,
  0.072180;0.668572;-0.159689;,
  0.042279;0.670840;-0.200515;,
  0.101496;0.705340;-0.140988;,
  -0.030795;0.561822;-0.296010;,
  -0.014076;0.769802;-0.211084;,
  -0.017762;0.782848;-0.193502;,
  -0.029455;0.777246;-0.181281;,
  -0.039990;0.789815;-0.181011;,
  -0.052004;0.516041;-0.310077;,
  -0.104321;0.556275;-0.322230;,
  -0.106001;0.540506;-0.277247;,
  -0.051391;0.559525;-0.313866;,
  -0.049166;0.540059;-0.330810;,
  -0.051391;0.559525;-0.313866;,
  -0.062592;0.546830;-0.308371;,
  -0.055646;0.524553;-0.316197;,
  -0.055646;0.524553;-0.316197;,
  -0.068716;0.555552;-0.322938;,
  -0.066659;0.549401;-0.332635;,
  -0.075592;0.540404;-0.324860;,
  0.087825;0.132199;-0.299607;,
  0.058750;0.136243;-0.349836;,
  0.057241;0.148733;-0.334311;,
  0.093572;0.117016;-0.316558;,
  0.035371;0.087132;-0.198227;,
  0.034779;0.077253;-0.247723;,
  0.038839;0.052836;-0.205644;,
  0.033474;0.100151;-0.237468;,
  0.045345;0.142899;-0.189121;,
  0.076911;0.089472;-0.196236;,
  0.069630;0.146382;-0.187936;,
  0.079578;0.075114;-0.244063;,
  0.073690;0.052494;-0.205098;,
  0.080793;0.106598;-0.228703;,
  0.057947;0.147548;-0.241239;,
  0.077611;0.137804;-0.214225;,
  0.029485;0.141240;-0.327400;,
  0.023549;0.131484;-0.341571;,
  0.093572;0.117016;-0.316558;,
  0.023549;0.131484;-0.341571;,
  0.030094;0.430774;-0.146219;,
  0.043203;0.348197;-0.198414;,
  0.026171;0.278977;-0.203339;,
  0.032823;0.220152;-0.208872;,
  0.041004;0.132834;-0.221297;,
  0.041004;0.132834;-0.221297;,
  0.037664;0.469468;-0.006172;,
  -0.003017;0.771945;-0.217264;,
  -0.019111;0.756074;-0.231866;,
  -0.010707;0.762787;-0.235083;,
  -0.024885;0.758054;-0.220304;,
  -0.012948;0.795657;-0.199453;,
  -0.022250;0.809700;-0.182168;,
  -0.040330;0.899769;-0.264112;,
  -0.058494;0.883631;-0.288449;,
  -0.060314;0.902495;-0.265384;,
  -0.019294;0.824826;-0.292210;,
  -0.035902;0.820614;-0.298467;,
  -0.025512;0.853874;-0.291666;,
  -0.006409;0.781931;-0.243540;,
  -0.000088;0.799985;-0.220754;,
  -0.005769;0.784969;-0.211635;,
  -0.002348;0.838201;-0.213124;,
  -0.002023;0.842074;-0.237351;,
  -0.013213;0.865919;-0.277575;,
  -0.005568;0.875830;-0.252606;,
  -0.005084;0.830586;-0.261870;,
  -0.005742;0.845829;-0.198541;,
  -0.017818;0.858053;-0.181137;,
  -0.057198;0.858473;-0.170902;,
  -0.027499;0.899121;-0.205052;,
  -0.060695;0.900791;-0.195934;,
  -0.002788;0.809091;-0.254927;,
  -0.014527;0.768266;-0.254439;,
  -0.016050;0.796859;-0.276183;,
  -0.026649;0.740316;-0.259422;,
  -0.045976;0.736361;-0.246876;,
  -0.045510;0.732836;-0.267717;,
  -0.031834;0.874390;-0.288281;,
  -0.019895;0.891686;-0.260882;,
  -0.011625;0.892952;-0.222458;,
  -0.026264;0.906187;-0.235589;,
  -0.044075;0.911648;-0.231010;,
  -0.061496;0.912912;-0.229482;,
  -0.053702;0.818466;-0.172116;,
  -0.011625;0.892952;-0.222458;,
  -0.026264;0.906187;-0.235589;,
  0.005943;0.802959;-0.222024;,
  0.007369;0.850465;-0.224584;,
  0.013718;0.834761;-0.211676;,
  0.001958;0.830624;-0.224671;,
  0.013718;0.834761;-0.211676;,
  0.005943;0.802959;-0.222024;,
  0.007369;0.850465;-0.224584;,
  -0.002023;0.842074;-0.237351;,
  0.000667;0.817052;-0.237497;,
  -0.000088;0.799985;-0.220754;,
  -0.018158;0.818237;-0.282008;,
  0.000667;0.817052;-0.237497;,
  -0.006464;0.743810;-0.210331;,
  -0.014076;0.769802;-0.211084;,
  0.018107;0.720213;-0.219167;,
  -0.012948;0.795657;-0.199453;,
  -0.044398;0.710393;-0.189458;,
  -0.039291;0.690751;-0.176161;,
  0.004708;0.552814;-0.093840;,
  0.043788;0.535595;0.047627;,
  0.048854;0.502087;0.052932;,
  0.029829;0.457696;0.007632;,
  -0.053025;0.735973;-0.223430;,
  0.037664;0.469468;-0.006172;,
  -0.044075;0.911648;-0.231010;,
  -0.061496;0.912912;-0.229482;,
  -0.028464;0.769407;-0.272619;,
  -0.037631;0.788888;-0.285198;,
  -0.036642;0.779546;-0.282973;,
  -0.057356;0.871399;-0.297885;,
  -0.055181;0.847057;-0.304965;,
  -0.037518;0.814173;-0.287269;,
  0.040349;0.648781;-0.017914;,
  0.018107;0.720213;-0.219167;,
  0.058750;0.136243;-0.349836;,
  -0.035790;0.758690;-0.276992;,
  -0.028524;0.763073;-0.270723;,
  -0.036474;0.764213;-0.274722;,
  -0.049140;0.776235;-0.287662;,
  -0.049567;0.782111;-0.298887;,
  -0.036907;0.766774;-0.280373;,
  -0.048112;0.763360;-0.275387;,
  -0.047387;0.755384;-0.279317;,
  -0.052511;0.816401;-0.304725;,
  -0.051853;0.808318;-0.298588;,
  0.083001;0.722773;-0.177709;,
  -0.048182;0.764926;-0.284095;,
  0.059244;0.700804;-0.172599;,
  0.055921;0.685848;-0.181600;,
  0.042279;0.670840;-0.200515;,
  -0.005742;0.845829;-0.198541;,
  0.068497;0.297823;-0.224734;,
  0.014536;0.213215;-0.234538;,
  0.006717;0.289253;-0.220955;,
  0.062246;0.224550;-0.233842;,
  0.071501;0.367141;-0.233032;,
  0.012067;0.354809;-0.216675;,
  0.078186;0.444455;-0.166648;,
  0.014962;0.428391;-0.155814;,
  0.079272;0.510897;-0.096205;,
  0.024201;0.501015;-0.105796;,
  0.057295;0.511963;-0.078619;,
  0.012299;0.142100;-0.249046;,
  0.057947;0.147548;-0.241239;,
  0.042301;0.211454;-0.136745;,
  0.069093;0.182151;-0.032645;,
  0.041609;0.143463;-0.150951;,
  0.064709;0.233735;-0.019415;,
  0.056547;0.283820;-0.009909;,
  0.033462;0.281054;-0.134717;,
  0.062524;0.322123;0.014057;,
  0.038405;0.318077;-0.135059;,
  0.033565;0.372210;-0.076979;,
  0.043875;0.396806;0.022988;,
  0.053217;0.475075;0.052573;,
  0.059244;0.700804;-0.172599;,
  -0.096810;0.725306;-0.138685;,
  -0.065363;0.704511;-0.157815;,
  -0.100425;0.710406;-0.121560;,
  -0.063761;0.735015;-0.172818;,
  -0.100781;0.692931;-0.113414;,
  -0.070014;0.654766;-0.116200;,
  -0.089711;0.681523;-0.082205;,
  -0.068896;0.672568;-0.140908;,
  -0.055388;0.776197;-0.167145;,
  -0.077192;0.788038;-0.113936;,
  -0.051710;0.789058;-0.129383;,
  -0.079744;0.773960;-0.135977;,
  -0.054303;0.566103;0.014707;,
  -0.009269;0.586101;0.019912;,
  -0.047174;0.579539;0.008227;,
  -0.008662;0.572633;0.028730;,
  -0.055934;0.564203;-0.044652;,
  -0.060908;0.540409;-0.019436;,
  -0.036185;0.552869;-0.079181;,
  -0.048246;0.512111;-0.045640;,
  -0.021825;0.503144;-0.058772;,
  0.031980;0.587150;0.008631;,
  0.032529;0.573003;0.019368;,
  -0.008905;0.702921;-0.018756;,
  0.030855;0.738742;-0.066829;,
  -0.020676;0.743585;-0.042710;,
  0.038351;0.700881;-0.040469;,
  -0.031769;0.464139;-0.051074;,
  -0.084294;0.373690;-0.009081;,
  -0.064401;0.471172;-0.013059;,
  -0.046685;0.367931;-0.037503;,
  -0.056788;0.258820;-0.009328;,
  -0.083144;0.283662;0.017571;,
  0.016495;0.464439;-0.030579;,
  -0.004438;0.379356;0.062500;,
  0.001080;0.367243;-0.012295;,
  0.038683;0.474863;0.050331;,
  -0.027535;0.299474;0.038726;,
  -0.026974;0.275799;0.015612;,
  -0.083825;0.384760;0.054736;,
  -0.054504;0.463843;0.048280;,
  -0.067960;0.304781;0.037587;,
  -0.070762;0.318094;0.283657;,
  -0.023904;0.354112;0.271866;,
  -0.058277;0.359618;0.270074;,
  -0.027082;0.307814;0.287023;,
  -0.057037;0.258657;0.067006;,
  -0.080159;0.290704;0.144343;,
  -0.085125;0.290568;0.069795;,
  -0.054252;0.259101;0.141053;,
  -0.069730;0.291635;0.222138;,
  -0.053789;0.261502;0.223859;,
  -0.012993;0.277284;0.084828;,
  -0.015077;0.322355;0.136021;,
  -0.022111;0.280773;0.143479;,
  -0.008898;0.331132;0.071032;,
  -0.034363;0.309410;0.210024;,
  -0.033963;0.284867;0.229994;,
  -0.076776;0.328722;0.138967;,
  -0.080487;0.339586;0.065311;,
  -0.058360;0.311678;0.205192;,
  -0.060922;0.513544;-0.006204;,
  0.016495;0.464439;-0.030579;,
  -0.050538;0.523037;0.046575;,
  0.002869;0.533660;0.057380;,
  -0.047543;0.476669;0.051644;,
  0.002093;0.487014;0.064966;,
  -0.003324;0.651527;0.000013;,
  -0.043597;0.694808;-0.015175;,
  -0.061604;0.690242;-0.023832;,
  -0.054670;0.620797;-0.048164;,
  -0.041915;0.642390;-0.006007;,
  -0.078136;0.662312;-0.064137;,
  -0.061800;0.637391;-0.102485;,
  -0.044497;0.602504;-0.077992;,
  -0.124861;0.716469;-0.085705;,
  -0.073702;0.715470;-0.102360;,
  -0.128140;0.696024;-0.039486;,
  -0.070819;0.678911;-0.002330;,
  -0.117819;0.686420;0.006975;,
  -0.070368;0.683892;-0.049740;,
  -0.056451;0.760608;-0.065254;,
  -0.053044;0.739637;-0.018792;,
  -0.070368;0.683892;-0.049740;,
  -0.058037;0.696663;0.033238;,
  -0.070819;0.678911;-0.002330;,
  -0.062584;0.769109;-0.060948;,
  -0.110919;0.752010;-0.008736;,
  -0.106898;0.771587;-0.054273;,
  -0.104890;0.703925;0.042668;,
  -0.124522;0.742801;-0.071468;,
  -0.125588;0.685118;-0.011750;,
  -0.090809;0.623554;-0.047999;,
  -0.125328;0.631731;-0.038567;,
  -0.070492;0.676002;-0.025228;,
  -0.099425;0.585656;-0.060030;,
  -0.126107;0.585362;-0.057601;,
  -0.070492;0.676002;-0.025228;,
  -0.089432;0.602737;0.005281;,
  -0.090809;0.623554;-0.047999;,
  -0.059512;0.653524;0.032566;,
  -0.103237;0.568794;-0.024631;,
  -0.099425;0.585656;-0.060030;,
  -0.115888;0.609419;0.012317;,
  -0.114311;0.662697;0.045837;,
  -0.120815;0.568768;-0.024137;,
  -0.084809;0.491666;-0.118547;,
  -0.100761;0.501929;-0.064724;,
  -0.100096;0.482467;-0.074312;,
  -0.085395;0.511625;-0.109317;,
  -0.086293;0.528778;-0.101438;,
  -0.097239;0.517136;-0.106448;,
  -0.088835;0.527655;-0.112768;,
  -0.090419;0.518931;-0.098002;,
  -0.096177;0.536814;-0.041320;,
  -0.113596;0.540576;-0.099005;,
  -0.091324;0.562425;-0.083660;,
  -0.111024;0.507047;-0.058331;,
  -0.130042;0.502767;-0.062586;,
  -0.133601;0.542276;-0.040296;,
  -0.129413;0.569958;-0.084093;,
  -0.132756;0.535650;-0.101270;,
  -0.095588;0.786479;-0.115628;,
  -0.117742;0.768328;-0.124255;,
  -0.079744;0.773960;-0.135977;,
  -0.089725;0.754200;-0.144401;,
  -0.060500;0.738633;-0.036831;,
  -0.072267;0.753544;-0.170679;,
  -0.121460;0.740677;-0.122127;,
  -0.100425;0.710406;-0.121560;,
  -0.110191;0.725274;-0.104645;,
  -0.096810;0.725306;-0.138685;,
  -0.078613;0.769111;-0.073053;,
  -0.083498;0.769553;-0.076468;,
  -0.036458;0.769872;-0.078041;,
  0.015813;0.761954;-0.102194;,
  -0.012747;0.776164;-0.153078;,
  -0.077192;0.788038;-0.113936;,
  -0.083498;0.769553;-0.076468;,
  -0.086078;0.713641;-0.092671;,
  -0.073702;0.715470;-0.102360;,
  -0.082889;0.758000;-0.074605;,
  -0.074462;0.715067;-0.051953;,
  -0.081552;0.688780;-0.072810;,
  -0.100781;0.692931;-0.113414;,
  -0.073437;0.728335;-0.042128;,
  -0.091324;0.562425;-0.083660;,
  -0.078542;0.771919;-0.191497;,
  -0.065454;0.784414;-0.179012;,
  -0.029455;0.777246;-0.181281;,
  -0.039990;0.789815;-0.181011;,
  -0.132756;0.535650;-0.101270;,
  -0.084809;0.491666;-0.118547;,
  -0.100096;0.482467;-0.074312;,
  -0.090739;0.547304;-0.095501;,
  -0.102585;0.541187;-0.117710;,
  -0.090739;0.547304;-0.095501;,
  -0.101000;0.533200;-0.091956;,
  -0.119931;0.531555;-0.107597;,
  -0.119931;0.531555;-0.107597;,
  -0.086293;0.528778;-0.101438;,
  -0.088835;0.527655;-0.112768;,
  -0.097239;0.517136;-0.106448;,
  -0.090251;0.240478;0.286443;,
  -0.068226;0.200409;0.322417;,
  -0.096983;0.241400;0.308909;,
  -0.065669;0.201140;0.302612;,
  -0.022060;0.333087;0.243620;,
  -0.027082;0.307814;0.287023;,
  -0.026171;0.297402;0.264178;,
  -0.023904;0.354112;0.271866;,
  -0.034363;0.309410;0.210024;,
  -0.063061;0.338494;0.238654;,
  -0.058360;0.311678;0.205192;,
  -0.070762;0.318094;0.283657;,
  -0.072324;0.305026;0.251169;,
  -0.058277;0.359618;0.270074;,
  -0.053789;0.261502;0.223859;,
  -0.069730;0.291635;0.222138;,
  -0.036779;0.207333;0.303764;,
  -0.032002;0.204420;0.321082;,
  -0.096983;0.241400;0.308909;,
  -0.032002;0.204420;0.321082;,
  0.001080;0.367243;-0.012295;,
  -0.026974;0.275799;0.015612;,
  -0.012993;0.277284;0.084828;,
  -0.022111;0.280773;0.143479;,
  -0.033963;0.284867;0.229994;,
  -0.033963;0.284867;0.229994;,
  -0.094886;0.763938;-0.217964;,
  -0.076070;0.751109;-0.232301;,
  -0.074822;0.759694;-0.205132;,
  -0.085459;0.756272;-0.235653;,
  -0.089478;0.788987;-0.200036;,
  -0.083007;0.804405;-0.182631;,
  -0.079542;0.896351;-0.264411;,
  -0.060314;0.902495;-0.265384;,
  -0.086870;0.818936;-0.292725;,
  -0.085780;0.848622;-0.292125;,
  -0.069690;0.817669;-0.298725;,
  -0.092875;0.774395;-0.244199;,
  -0.102568;0.791053;-0.221536;,
  -0.094513;0.777234;-0.212311;,
  -0.107069;0.829074;-0.213923;,
  -0.107692;0.832864;-0.238157;,
  -0.100189;0.858339;-0.278238;,
  -0.102319;0.822112;-0.262611;,
  -0.109809;0.866745;-0.253401;,
  -0.105267;0.837155;-0.199300;,
  -0.095752;0.851261;-0.181731;,
  -0.057198;0.858473;-0.170902;,
  -0.092961;0.893416;-0.205551;,
  -0.060695;0.900791;-0.195934;,
  -0.100967;0.800535;-0.255676;,
  -0.085469;0.790809;-0.276713;,
  -0.082351;0.762355;-0.254956;,
  -0.065504;0.736930;-0.259719;,
  -0.083154;0.869918;-0.288672;,
  -0.098318;0.884852;-0.261480;,
  -0.107263;0.884617;-0.223188;,
  -0.094936;0.900202;-0.236113;,
  -0.061496;0.912912;-0.229482;,
  -0.078411;0.908655;-0.231271;,
  -0.053702;0.818466;-0.172116;,
  -0.107263;0.884617;-0.223188;,
  -0.094936;0.900202;-0.236113;,
  -0.109003;0.792941;-0.222900;,
  -0.118586;0.839487;-0.225545;,
  -0.109824;0.820882;-0.225524;,
  -0.122317;0.822905;-0.212713;,
  -0.122317;0.822905;-0.212713;,
  -0.109003;0.792941;-0.222900;,
  -0.118586;0.839487;-0.225545;,
  -0.107692;0.832864;-0.238157;,
  -0.106010;0.807754;-0.238311;,
  -0.102568;0.791053;-0.221536;,
  -0.087003;0.812237;-0.282532;,
  -0.106010;0.807754;-0.238311;,
  -0.072267;0.753544;-0.170679;,
  -0.078542;0.771919;-0.191497;,
  -0.089725;0.754200;-0.144401;,
  -0.089478;0.788987;-0.200036;,
  0.043788;0.535595;0.047627;,
  0.048854;0.502087;0.052932;,
  0.029829;0.457696;0.007632;,
  0.037664;0.469468;-0.006172;,
  -0.078411;0.908655;-0.231271;,
  -0.061496;0.912912;-0.229482;,
  -0.068549;0.765913;-0.272925;,
  -0.062700;0.786704;-0.285389;,
  -0.062092;0.777328;-0.283167;,
  -0.067154;0.811590;-0.287495;,
  0.040349;0.648781;-0.017914;,
  -0.089725;0.754200;-0.144401;,
  -0.068226;0.200409;0.322417;,
  -0.067423;0.759682;-0.271019;,
  -0.059414;0.756631;-0.277172;,
  -0.059730;0.762186;-0.274900;,
  -0.059661;0.764791;-0.280547;,
  -0.082889;0.758000;-0.074605;,
  -0.075702;0.727420;-0.089281;,
  -0.086078;0.713641;-0.092671;,
  -0.100781;0.692931;-0.113414;,
  -0.105267;0.837155;-0.199300;,
  -0.031763;0.241820;-0.048078;,
  -0.020320;0.202788;-0.151664;,
  -0.036275;0.203519;-0.010486;,
  -0.019010;0.267869;-0.152724;,
  -0.033776;0.283316;-0.077886;,
  -0.020668;0.320241;-0.155209;,
  -0.007875;0.374704;-0.075248;,
  -0.003090;0.395152;-0.121310;,
  0.009307;0.458163;-0.071719;,
  0.012350;0.470619;-0.091490;,
  0.016570;0.496983;-0.078037;,
  -0.021825;0.503144;-0.058772;,
  -0.023096;0.147185;-0.153459;,
  -0.036984;0.165302;0.021033;,
  -0.000465;0.321599;0.190700;,
  -0.076776;0.328722;0.138967;,
  -0.058346;0.311678;0.205191;,
  -0.005036;0.329227;0.126648;,
  -0.080487;0.339586;0.065311;,
  -0.015182;0.346556;0.075856;,
  -0.018304;0.317923;0.056702;,
  -0.067960;0.304781;0.037587;,
  -0.083825;0.384760;0.054736;,
  -0.002881;0.381726;0.079774;,
  0.048854;0.502087;0.052932;,
  0.002093;0.487014;0.064966;,
  -0.075702;0.727420;-0.089281;,
  -0.031769;0.464139;-0.051074;,
  -0.046685;0.367931;-0.037503;,
  -0.056788;0.258820;-0.009328;,
  -0.057037;0.258657;0.067006;,
  -0.054252;0.259101;0.141053;,
  -0.053789;0.261502;0.223859;,
  0.114519;0.380970;-0.097222;,
  0.079987;0.481673;0.025211;,
  0.112735;0.455254;-0.026805;,
  0.086791;0.330851;-0.161261;,
  0.101432;0.287570;-0.147842;,
  0.092941;0.216278;-0.167902;,
  0.069630;0.146382;-0.187936;,
  -0.054504;0.463843;0.048280;;
  916;
  3;0,1,2;,
  3;1,0,3;,
  3;4,5,6;,
  3;5,4,7;,
  3;8,9,10;,
  3;9,8,11;,
  3;12,13,14;,
  3;13,12,15;,
  3;16,12,17;,
  3;12,16,15;,
  3;18,19,20;,
  3;19,18,16;,
  3;6,21,22;,
  3;21,6,5;,
  3;14,23,24;,
  3;23,14,13;,
  3;25,26,27;,
  3;26,25,28;,
  3;29,30,31;,
  3;30,29,32;,
  3;30,33,31;,
  3;33,30,34;,
  3;35,36,37;,
  3;36,35,38;,
  3;38,39,36;,
  3;39,38,40;,
  3;37,41,42;,
  3;41,37,36;,
  3;36,43,41;,
  3;43,36,39;,
  3;42,30,32;,
  3;30,42,41;,
  3;41,34,30;,
  3;34,41,43;,
  3;44,45,46;,
  3;45,44,47;,
  3;48,49,50;,
  3;49,48,51;,
  3;50,52,53;,
  3;52,50,49;,
  3;54,55,56;,
  3;55,54,57;,
  3;57,58,55;,
  3;58,57,59;,
  3;56,60,61;,
  3;60,56,55;,
  3;55,62,60;,
  3;62,55,58;,
  3;61,49,51;,
  3;49,61,60;,
  3;60,52,49;,
  3;52,60,62;,
  3;32,19,63;,
  3;19,32,29;,
  3;64,65,66;,
  3;65,64,20;,
  3;14,67,12;,
  3;67,14,68;,
  3;68,69,67;,
  3;69,68,70;,
  3;70,42,69;,
  3;42,70,37;,
  3;48,34,51;,
  3;34,48,33;,
  3;51,43,61;,
  3;43,51,34;,
  3;43,56,61;,
  3;56,43,39;,
  3;39,54,56;,
  3;54,39,40;,
  3;12,63,17;,
  3;63,12,67;,
  3;67,32,63;,
  3;32,67,69;,
  3;69,42,32;,
  3;71,72,25;,
  3;73,74,75;,
  3;74,73,76;,
  3;74,77,75;,
  3;77,74,78;,
  3;79,78,80;,
  3;78,79,77;,
  3;81,82,83;,
  3;82,84,85;,
  3;84,82,86;,
  3;87,88,89;,
  3;88,90,89;,
  3;90,88,91;,
  3;92,93,94;,
  3;92,89,93;,
  3;92,87,89;,
  3;89,95,93;,
  3;95,89,90;,
  3;96,93,82;,
  3;93,86,82;,
  3;86,93,95;,
  3;97,98,99;,
  3;98,97,100;,
  3;100,101,98;,
  3;101,100,102;,
  3;103,104,105;,
  3;104,103,106;,
  3;106,107,104;,
  3;107,106,108;,
  3;105,109,110;,
  3;109,105,104;,
  3;104,111,109;,
  3;111,104,107;,
  3;110,100,97;,
  3;100,110,109;,
  3;109,102,100;,
  3;102,109,111;,
  3;112,113,114;,
  3;113,112,115;,
  3;116,117,118;,
  3;117,116,119;,
  3;120,121,122;,
  3;121,120,123;,
  3;120,124,125;,
  3;124,120,122;,
  3;126,124,127;,
  3;124,126,125;,
  3;95,97,86;,
  3;97,95,110;,
  3;86,99,84;,
  3;99,86,97;,
  3;90,103,105;,
  3;103,90,91;,
  3;105,95,90;,
  3;95,105,110;,
  3;128,96,129;,
  3;96,128,94;,
  3;129,130,128;,
  3;130,129,131;,
  3;72,28,25;,
  3;28,72,132;,
  3;10,133,8;,
  3;134,135,136;,
  3;135,134,137;,
  3;81,137,134;,
  3;138,11,139;,
  3;138,9,11;,
  3;138,140,9;,
  3;141,11,142;,
  3;11,141,139;,
  3;128,130,143;,
  3;94,144,92;,
  3;94,143,144;,
  3;94,128,143;,
  3;145,87,146;,
  3;87,145,147;,
  3;75,148,73;,
  3;148,75,149;,
  3;150,147,145;,
  3;7,149,75;,
  3;148,151,73;,
  3;102,152,101;,
  3;152,102,126;,
  3;102,125,126;,
  3;125,102,111;,
  3;111,120,125;,
  3;120,111,107;,
  3;120,108,123;,
  3;108,120,107;,
  3;8,153,154;,
  3;153,8,133;,
  3;154,155,8;,
  3;155,154,156;,
  3;122,114,113;,
  3;114,122,121;,
  3;121,112,114;,
  3;112,121,157;,
  3;158,124,159;,
  3;124,158,127;,
  3;159,122,113;,
  3;122,159,124;,
  3;126,160,152;,
  3;160,126,161;,
  3;162,121,123;,
  3;121,162,163;,
  3;121,164,157;,
  3;164,121,163;,
  3;165,126,127;,
  3;126,165,161;,
  3;161,166,160;,
  3;166,161,167;,
  3;162,118,163;,
  3;118,162,116;,
  3;163,117,164;,
  3;117,163,118;,
  3;165,167,161;,
  3;167,165,168;,
  3;169,170,171;,
  3;170,169,172;,
  3;173,174,175;,
  3;174,173,176;,
  3;177,178,179;,
  3;178,177,173;,
  3;180,178,181;,
  3;178,180,182;,
  3;183,169,171;,
  3;169,183,184;,
  3;174,185,186;,
  3;185,174,176;,
  3;46,187,44;,
  3;187,46,188;,
  3;180,169,182;,
  3;169,180,172;,
  3;20,29,65;,
  3;19,29,20;,
  3;29,31,189;,
  3;31,190,189;,
  3;190,31,33;,
  3;33,191,190;,
  3;191,33,48;,
  3;191,50,192;,
  3;50,191,48;,
  3;192,53,193;,
  3;53,192,50;,
  3;194,171,185;,
  3;171,194,183;,
  3;171,186,185;,
  3;186,171,170;,
  3;185,176,194;,
  3;194,173,177;,
  3;173,194,176;,
  3;178,175,181;,
  3;175,178,173;,
  3;179,182,184;,
  3;182,179,178;,
  3;182,169,184;,
  3;16,17,19;,
  3;17,63,19;,
  3;65,195,66;,
  3;196,197,198;,
  3;197,196,199;,
  3;200,154,153;,
  3;154,200,201;,
  3;202,203,204;,
  3;205,206,207;,
  3;196,208,209;,
  3;208,196,198;,
  3;210,209,211;,
  3;209,210,196;,
  3;212,213,214;,
  3;213,212,215;,
  3;212,214,211;,
  3;201,216,217;,
  3;216,201,200;,
  3;218,219,220;,
  3;219,218,217;,
  3;210,199,196;,
  3;213,205,207;,
  3;221,222,223;,
  3;198,197,224;,
  3;224,225,226;,
  3;225,224,197;,
  3;227,213,207;,
  3;228,229,214;,
  3;229,228,230;,
  3;220,231,232;,
  3;213,228,214;,
  3;156,201,233;,
  3;201,156,154;,
  3;233,217,218;,
  3;217,233,201;,
  3;219,217,234;,
  3;235,219,234;,
  3;236,237,238;,
  3;237,236,239;,
  3;209,240,211;,
  3;240,209,241;,
  3;211,242,212;,
  3;242,211,240;,
