xof 0303txt 0032
template ColorRGBA {
 <35ff44e0-6c7c-11cf-8f52-0040333594a3>
 FLOAT red;
 FLOAT green;
 FLOAT blue;
 FLOAT alpha;
}

template ColorRGB {
 <d3e16e81-7835-11cf-8f52-0040333594a3>
 FLOAT red;
 FLOAT green;
 FLOAT blue;
}

template Material {
 <3d82ab4d-62da-11cf-ab39-0020af71e433>
 ColorRGBA faceColor;
 FLOAT power;
 ColorRGB specularColor;
 ColorRGB emissiveColor;
 [...]
}

template TextureFilename {
 <a42790e1-7810-11cf-8f52-0040333594a3>
 STRING filename;
}

template Frame {
 <3d82ab46-62da-11cf-ab39-0020af71e433>
 [...]
}

template Matrix4x4 {
 <f6f23f45-7686-11cf-8f52-0040333594a3>
 array FLOAT matrix[16];
}

template FrameTransformMatrix {
 <f6f23f41-7686-11cf-8f52-0040333594a3>
 Matrix4x4 frameMatrix;
}

template Vector {
 <3d82ab5e-62da-11cf-ab39-0020af71e433>
 FLOAT x;
 FLOAT y;
 FLOAT z;
}

template MeshFace {
 <3d82ab5f-62da-11cf-ab39-0020af71e433>
 DWORD nFaceVertexIndices;
 array DWORD faceVertexIndices[nFaceVertexIndices];
}

template Mesh {
 <3d82ab44-62da-11cf-ab39-0020af71e433>
 DWORD nVertices;
 array Vector vertices[nVertices];
 DWORD nFaces;
 array MeshFace faces[nFaces];
 [...]
}

template MeshMaterialList {
 <f6f23f42-7686-11cf-8f52-0040333594a3>
 DWORD nMaterials;
 DWORD nFaceIndexes;
 array DWORD faceIndexes[nFaceIndexes];
 [Material <3d82ab4d-62da-11cf-ab39-0020af71e433>]
}

template VertexElement {
 <f752461c-1e23-48f6-b9f8-8350850f336f>
 DWORD Type;
 DWORD Method;
 DWORD Usage;
 DWORD UsageIndex;
}

template DeclData {
 <bf22e553-292c-4781-9fea-62bd554bdd93>
 DWORD nElements;
 array VertexElement Elements[nElements];
 DWORD nDWords;
 array DWORD data[nDWords];
}

template XSkinMeshHeader {
 <3cf169ce-ff7c-44ab-93c0-f78f62d172e2>
 WORD nMaxSkinWeightsPerVertex;
 WORD nMaxSkinWeightsPerFace;
 WORD nBones;
}

template SkinWeights {
 <6f0d123b-bad2-4167-a0d0-80224f25fabb>
 STRING transformNodeName;
 DWORD nWeights;
 array DWORD vertexIndices[nWeights];
 array FLOAT weights[nWeights];
 Matrix4x4 matrixOffset;
}

template AnimTicksPerSecond {
 <9e415a43-7ba6-4a73-8743-b73d47e88476>
 DWORD AnimTicksPerSecond;
}

template Animation {
 <3d82ab4f-62da-11cf-ab39-0020af71e433>
 [...]
}

template AnimationSet {
 <3d82ab50-62da-11cf-ab39-0020af71e433>
 [Animation <3d82ab4f-62da-11cf-ab39-0020af71e433>]
}

template FloatKeys {
 <10dd46a9-775b-11cf-8f52-0040333594a3>
 DWORD nValues;
 array FLOAT values[nValues];
}

template TimedFloatKeys {
 <f406b180-7b3b-11cf-8f52-0040333594a3>
 DWORD time;
 FloatKeys tfkeys;
}

template AnimationKey {
 <10dd46a8-775b-11cf-8f52-0040333594a3>
 DWORD keyType;
 DWORD nKeys;
 array TimedFloatKeys keys[nKeys];
}


Material _03_-_Default {
 1.000000;1.000000;1.000000;1.000000;;
 9.999999;
 0.000000;0.000000;0.000000;;
 0.000000;0.000000;0.000000;;

 TextureFilename {
  "MaleBody_full.png";
 }
}

Frame Dummy01 {
 

 FrameTransformMatrix {
  1.000000,0.000000,0.000000,0.000000,0.000000,-0.000000,-1.000000,0.000000,0.000000,1.000000,-0.000000,0.000000,0.000000,0.000000,0.000000,1.000000;;
 }

 Frame Bip01 {
  

  FrameTransformMatrix {
   0.043843,0.997632,-0.052987,0.000000,-0.017611,0.053802,0.998396,0.000000,0.998883,-0.042839,0.019928,0.000000,-0.013740,-0.023705,0.505041,1.000000;;
  }

  Frame Bip01_Pelvis {
   

   FrameTransformMatrix {
    -0.042363,0.998875,0.021323,0.000000,-0.000001,-0.021342,0.999772,0.000000,0.999102,0.042353,0.000906,0.000000,0.000000,0.000000,0.000000,1.000000;;
   }

   Frame Bip01_Spine {
    

    FrameTransformMatrix {
     0.999791,0.006959,-0.019239,0.000000,-0.008752,0.995462,-0.094761,0.000000,0.018492,0.094910,0.995314,0.000000,0.051574,-0.001110,0.002102,1.000000;;
    }

    Frame Bip01_Spine1 {
     

     FrameTransformMatrix {
      0.994678,0.060568,-0.083346,0.000000,-0.061692,0.998035,-0.010977,0.000000,0.082517,0.016060,0.996460,0.000000,0.106473,-0.000001,-0.000084,1.000000;;
     }

     Frame Bip01_Neck {
      

      FrameTransformMatrix {
       0.903366,0.000001,0.428870,0.000000,-0.000001,1.000000,-0.000000,0.000000,-0.428870,-0.000000,0.903366,0.000000,0.130516,0.000000,0.004628,1.000000;;
      }

      Frame Bip01_Head {
       

       FrameTransformMatrix {
        0.981981,-0.107186,-0.155645,0.000000,0.124386,0.986629,0.105314,0.000000,0.142275,-0.122777,0.982183,0.000000,0.033674,-0.000000,-0.000000,1.000000;;
       }

       Frame Bip01_HeadNub {
        

        FrameTransformMatrix {
         1.000000,0.000000,0.000000,0.000000,0.000000,1.000000,0.000000,0.000000,0.000000,0.000000,1.000000,0.000000,0.169824,0.000000,0.000000,1.000000;;
        }
       }
      }

      Frame Bip01_L_Clavicle {
       

       FrameTransformMatrix {
        -0.308853,0.939693,0.146926,0.000000,0.848565,0.342019,-0.403683,0.000000,-0.429589,-0.000003,-0.903024,0.000000,-0.023698,0.015715,0.006128,1.000000;;
       }

       Frame Bip01_L_UpperArm {
        

        FrameTransformMatrix {
         0.676662,-0.690598,0.255350,0.000000,0.736122,0.642028,-0.214303,0.000000,-0.015945,0.332979,0.942800,0.000000,0.087086,-0.000000,0.000000,1.000000;;
        }

        Frame Bip01_L_Forearm {
         

         FrameTransformMatrix {
          0.898135,0.000000,-0.439720,0.000000,0.000000,1.000000,0.000000,0.000000,0.439720,-0.000000,0.898135,0.000000,0.137062,0.000000,0.000000,1.000000;;
         }

         Frame Bip01_L_Hand {
          

          FrameTransformMatrix {
           0.996151,-0.085432,0.019636,0.000000,-0.005829,0.158961,0.987268,0.000000,-0.087466,-0.983582,0.157851,0.000000,0.137062,-0.000000,0.000000,1.000000;;
          }

          Frame Bip01_L_Finger0 {
           

           FrameTransformMatrix {
            0.789996,-0.349486,0.503753,0.000000,0.558537,0.749101,-0.356210,0.000000,-0.252872,0.562769,0.786987,0.000000,0.057681,-0.023605,-0.000272,1.000000;;
           }

           Frame Bip01_L_Finger0Nub {
            

            FrameTransformMatrix {
             1.000000,0.000000,0.000000,0.000000,-0.000000,1.000000,-0.000000,0.000000,-0.000000,-0.000000,1.000000,0.000000,0.029435,0.000000,0.000000,1.000000;;
            }
           }
          }

          Frame Bip01_L_Finger1 {
           

           FrameTransformMatrix {
            0.811794,-0.000465,0.583944,0.000000,0.000000,1.000000,0.000796,0.000000,-0.583944,-0.000646,0.811793,0.000000,0.084102,-0.000000,0.000000,1.000000;;
           }

           Frame Bip01_L_Finger1Nub {
            

            FrameTransformMatrix {
             1.000000,-0.000000,0.000000,0.000000,0.000000,1.000000,-0.000000,0.000000,0.000000,0.000000,1.000000,0.000000,0.047988,-0.000000,0.000000,1.000000;;
            }
           }
          }
         }
        }
       }
      }

      Frame Bip01_R_Clavicle {
       

       FrameTransformMatrix {
        -0.286082,-0.957493,0.036942,0.000000,-0.857444,0.273018,0.436178,0.000000,-0.427723,0.093107,-0.899102,0.000000,-0.023698,-0.015714,0.006128,1.000000;;
       }

       Frame Bip01_R_UpperArm {
        

        FrameTransformMatrix {
         0.576276,0.751902,0.320233,0.000000,-0.802667,0.447026,0.394833,0.000000,0.153723,-0.484573,0.861138,0.000000,0.087086,0.000000,0.000000,1.000000;;
        }

        Frame Bip01_R_Forearm {
         

         FrameTransformMatrix {
          0.427225,0.000000,-0.904145,0.000000,-0.000000,1.000000,-0.000000,0.000000,0.904145,-0.000000,0.427225,0.000000,0.137062,-0.000000,0.000000,1.000000;;
         }

         Frame Bip01_R_Hand {
          

          FrameTransformMatrix {
           0.926151,-0.074830,0.369656,0.000000,0.377152,0.181167,-0.908259,0.000000,0.000996,0.980601,0.196011,0.000000,0.137062,0.000000,-0.000000,1.000000;;
          }

          Frame Bip01_R_Finger0 {
           

           FrameTransformMatrix {
            0.733817,0.568496,0.371920,0.000000,-0.669579,0.697753,0.254569,0.000000,-0.114788,-0.435837,0.892676,0.000000,0.057681,0.023605,-0.000272,1.000000;;
           }

           Frame Bip01_R_Finger0Nub {
            

            FrameTransformMatrix {
             -1.000000,-0.000000,-0.000000,0.000000,0.000000,1.000000,0.000000,0.000000,0.000000,-0.000000,-1.000001,0.000000,0.029435,0.000000,0.000000,1.000000;;
            }
           }
          }

          Frame Bip01_R_Finger1 {
           

           FrameTransformMatrix {
            0.351828,0.012012,0.935988,0.000000,0.106174,0.992953,-0.052653,0.000000,-0.930024,0.117902,0.348073,0.000000,0.084102,-0.000000,0.000000,1.000000;;
           }

           Frame Bip01_R_Finger1Nub {
            

            FrameTransformMatrix {
             -1.000000,0.000000,-0.000000,0.000000,0.000000,1.000000,-0.000000,0.000000,-0.000000,-0.000000,-1.000000,0.000000,0.047988,0.000000,0.000000,1.000000;;
            }
           }
          }
         }
        }
       }
      }
     }

     Frame Bip01_BackPack {
      

      FrameTransformMatrix {
       0.190104,-0.000002,-0.981764,0.000000,0.000003,1.000000,-0.000002,0.000000,0.981764,-0.000002,0.190104,0.000000,0.063697,-0.000000,-0.088856,1.000000;;
      }

      Frame Bip01_BackPackNub {
       

       FrameTransformMatrix {
        0.000796,0.000003,1.000000,0.000000,-0.000000,-1.000000,0.000003,0.000000,1.000000,-0.000000,-0.000796,0.000000,0.053240,-0.000000,0.000000,1.000000;;
       }
      }
     }
    }

    Frame Bip01_L_Thigh {
     

     FrameTransformMatrix {
      -0.995439,0.042545,0.085394,0.000000,-0.050296,-0.994601,-0.090769,0.000000,0.081071,-0.094650,0.992204,0.000000,-0.051131,0.056730,0.002301,1.000000;;
     }

     Frame Bip01_L_Calf {
      

      FrameTransformMatrix {
       0.963974,0.000000,-0.265996,0.000000,0.000000,1.000000,-0.000000,0.000000,0.265996,-0.000000,0.963974,0.000000,0.237500,-0.000000,-0.000000,1.000000;;
      }

      Frame Bip01_L_Foot {
       

       FrameTransformMatrix {
        0.983087,0.041926,0.178277,0.000000,-0.063160,0.991338,0.115154,0.000000,-0.171904,-0.124466,0.977219,0.000000,0.206841,0.000000,-0.000000,1.000000;;
       }

       Frame Bip01_L_Toe0 {
        

        FrameTransformMatrix {
         -0.000001,0.172440,0.985020,0.000000,0.000002,0.985020,-0.172440,0.000000,-1.000000,0.000001,-0.000001,0.000000,0.065373,-0.000000,0.066450,1.000000;;
        }

        Frame Bip01_L_Toe0Nub {
         

         FrameTransformMatrix {
          -1.000000,-0.000000,-0.000000,0.000000,-0.000000,1.000000,0.000000,0.000000,0.000000,0.000000,-1.000000,0.000000,0.006735,0.000000,-0.000000,1.000000;;
         }
        }
       }
      }
     }
    }

    Frame Bip01_R_Thigh {
     

     FrameTransformMatrix {
      -0.997930,-0.005677,0.064062,0.000000,-0.000473,-0.995422,-0.095582,0.000000,0.064312,-0.095414,0.993358,0.000000,-0.051899,-0.053219,-0.008182,1.000000;;
     }

     Frame Bip01_R_Calf {
      

      FrameTransformMatrix {
       0.964668,-0.000000,-0.263470,0.000000,0.000000,1.000000,0.000000,0.000000,0.263470,-0.000000,0.964668,0.000000,0.237500,-0.000000,0.000000,1.000000;;
      }

      Frame Bip01_R_Foot {
       

       FrameTransformMatrix {
        0.981278,-0.007865,0.192437,0.000000,0.016034,0.999033,-0.040930,0.000000,-0.191929,0.043249,0.980456,0.000000,0.206841,0.000000,-0.000000,1.000000;;
       }

       Frame Bip01_R_Toe0 {
        

        FrameTransformMatrix {
         -0.000000,-0.000002,1.000000,0.000000,0.000000,1.000000,0.000002,0.000000,-1.000000,0.000000,-0.000000,0.000000,0.065373,0.000000,0.066450,1.000000;;
        }

        Frame Bip01_R_Toe0Nub {
         

         FrameTransformMatrix {
          1.000000,0.000000,0.000000,0.000000,0.000000,1.000000,0.000000,0.000000,0.000000,0.000000,1.000000,0.000000,0.006735,0.000000,0.000000,1.000000;;
         }
        }
       }
      }
     }
    }
   }

   Frame Bip01_DressFront {
    

    FrameTransformMatrix {
     -0.989127,-0.000002,0.147067,0.000000,-0.000002,1.000000,-0.000001,0.000000,-0.147067,-0.000002,-0.989127,0.000000,-0.043980,0.001399,0.061086,1.000000;;
    }

    Frame Bip01_DressFront02 {
     

     FrameTransformMatrix {
      0.977593,0.000001,0.210504,0.000000,-0.000001,1.000000,-0.000000,0.000000,-0.210504,-0.000000,0.977593,0.000000,0.183352,0.000000,-0.000129,1.000000;;
     }

     Frame Bip01_DressFrontNub {
      

      FrameTransformMatrix {
       0.000796,0.000003,1.000000,0.000000,0.000000,-1.000000,0.000003,0.000000,1.000000,-0.000000,-0.000796,0.000000,0.165302,0.000000,0.000000,1.000000;;
      }
     }
    }
   }

   Frame Bip01_DressBack {
    

    FrameTransformMatrix {
     -0.995546,-0.000002,0.094281,0.000000,-0.000002,1.000000,-0.000001,0.000000,-0.094281,-0.000002,-0.995546,0.000000,-0.047719,0.000000,-0.078280,1.000000;;
    }

    Frame Bip01_DressBack02 {
     

     FrameTransformMatrix {
      0.990815,0.000000,0.135222,0.000000,-0.000000,1.000000,-0.000000,0.000000,-0.135222,-0.000000,0.990815,0.000000,0.176173,0.000000,-0.000108,1.000000;;
     }

     Frame Bip01_DressBackNub {
      

      FrameTransformMatrix {
       0.000796,0.000003,1.000000,0.000000,0.000000,-1.000000,0.000003,0.000000,1.000000,-0.000000,-0.000796,0.000000,0.136508,0.000000,-0.000000,1.000000;;
      }
     }
    }
   }
  }

  Frame Bip01_Prop1 {
   

   FrameTransformMatrix {
    -0.356919,-0.009254,0.934090,0.000000,0.934059,-0.016294,0.356746,0.000000,0.011919,0.999824,0.014459,0.000000,0.079828,-0.032091,-0.136823,1.000000;;
   }
  }

  Frame Bip01_Prop2 {
   

   FrameTransformMatrix {
    0.210891,-0.933011,0.291572,0.000000,0.948286,0.122884,-0.292664,0.000000,0.237229,0.338214,0.910677,0.000000,-0.009824,-0.115533,0.178012,1.000000;;
   }
  }
 }
}

Frame Translation_Data {
 

 FrameTransformMatrix {
  1.000000,0.000000,0.000000,0.000000,0.000000,-0.000000,-1.000000,0.000000,0.000000,1.000000,-0.000000,0.000000,0.000000,-0.000000,0.000000,1.000000;;
 }
}

Frame Body {
 

 FrameTransformMatrix {
  1.000000,0.000000,0.000000,0.000000,0.000000,1.000000,0.000000,0.000000,0.000000,0.000000,1.000000,0.000000,0.000000,0.000000,0.000000,1.000000;;
 }

 Mesh Body {
  617;
  0.063353;0.761530;0.014961;,
  0.029464;0.764175;0.006870;,
  0.023216;0.791292;0.026221;,
  0.070135;0.742492;0.009725;,
  0.079161;0.732813;0.008181;,
  0.049747;0.701899;-0.022970;,
  0.038174;0.735266;-0.013305;,
  0.081286;0.698644;0.013292;,
  0.019338;0.806611;0.065779;,
  0.062076;0.774497;0.093338;,
  0.060459;0.778197;0.063340;,
  0.031123;0.781314;0.095451;,
  0.067922;0.554701;0.065453;,
  0.025387;0.562396;0.082345;,
  0.025560;0.550310;0.088006;,
  0.060348;0.564801;0.062412;,
  0.058585;0.565616;0.006287;,
  0.070541;0.538949;0.025271;,
  0.032739;0.561158;-0.026088;,
  0.057261;0.515414;-0.004636;,
  0.029040;0.505836;-0.015283;,
  -0.002465;0.704769;-0.038437;,
  -0.001666;0.740346;-0.021810;,
  -0.017413;0.560397;0.079553;,
  -0.016424;0.546096;0.085973;,
  0.027904;0.651626;0.094166;,
  -0.023908;0.689792;0.100802;,
  -0.024109;0.654364;0.090770;,
  0.033099;0.688948;0.105049;,
  0.045206;0.467115;-0.018652;,
  0.089420;0.365458;0.002471;,
  0.052717;0.369229;-0.027431;,
  0.078222;0.463951;0.019631;,
  0.054383;0.273784;-0.036977;,
  0.081281;0.272031;0.008538;,
  -0.004314;0.465787;0.000452;,
  0.007223;0.360060;0.071372;,
  -0.004688;0.443817;0.091397;,
  0.004012;0.366152;-0.004285;,
  0.025921;0.272615;0.044856;,
  0.024824;0.270349;0.002659;,
  0.087045;0.361349;0.067068;,
  0.070746;0.442766;0.077305;,
  0.066574;0.275697;0.046378;,
  0.075368;-0.001438;0.056161;,
  0.028556;-0.001522;0.094118;,
  0.031674;-0.001415;0.045398;,
  0.062936;-0.001545;0.099865;,
  0.055226;0.217100;-0.006578;,
  0.082651;0.146034;0.035137;,
  0.054726;0.143942;0.005196;,
  0.085332;0.219779;0.023448;,
  0.074596;0.067825;0.049590;,
  0.057338;0.066120;0.019390;,
  0.012999;0.201421;0.017411;,
  0.019460;0.157740;0.069437;,
  0.011872;0.223167;0.068720;,
  0.024095;0.144185;0.029077;,
  0.039913;0.079806;0.068959;,
  0.038551;0.059932;0.041460;,
  0.081497;0.157064;0.072052;,
  0.083643;0.231577;0.071431;,
  0.063911;0.084931;0.070501;,
  0.076357;0.510138;0.031007;,
  -0.011435;0.498081;-0.028880;,
  -0.004314;0.465787;0.000452;,
  -0.012114;0.463734;-0.014527;,
  0.075690;0.505454;0.085424;,
  0.024649;0.504463;0.107237;,
  0.070273;0.455840;0.082299;,
  0.023843;0.458906;0.102311;,
  0.024712;0.607221;0.082397;,
  0.061779;0.650495;0.080960;,
  0.075764;0.656719;0.066264;,
  0.059040;0.615544;0.010373;,
  0.077334;0.665836;0.012676;,
  0.059801;0.608897;0.061336;,
  0.048597;0.668793;-0.027835;,
  0.040177;0.614488;-0.022056;,
  -0.004449;0.671436;-0.042114;,
  -0.007697;0.611383;-0.033596;,
  0.116567;0.707351;0.018723;,
  0.138289;0.663654;0.032274;,
  0.063063;0.701618;0.018328;,
  0.103603;0.597621;0.044855;,
  0.081751;0.644072;0.029114;,
  0.149506;0.613342;0.047462;,
  0.058539;0.701378;0.079085;,
  0.081751;0.644072;0.029114;,
  0.074209;0.655040;0.093831;,
  0.097229;0.605378;0.098281;,
  0.103603;0.597621;0.044855;,
  0.065338;0.706117;0.086814;,
  0.130753;0.674949;0.097021;,
  0.108653;0.717371;0.083419;,
  0.143006;0.620986;0.100942;,
  0.120105;0.715282;0.047372;,
  0.160323;0.595001;0.039171;,
  0.135258;0.520182;0.029814;,
  0.107109;0.573525;0.036455;,
  0.168206;0.536261;0.031629;,
  0.150242;0.482326;0.029408;,
  0.176409;0.486816;0.028930;,
  0.107109;0.573525;0.036455;,
  0.141300;0.519087;0.086702;,
  0.104827;0.569473;0.099278;,
  0.135258;0.520182;0.029814;,
  0.158543;0.479874;0.067983;,
  0.150242;0.482326;0.029408;,
  0.166462;0.531729;0.087777;,
  0.157740;0.590876;0.102116;,
  0.176341;0.482278;0.066422;,
  0.167788;0.358862;0.003710;,
  0.161638;0.386120;0.053469;,
  0.154512;0.376107;0.006911;,
  0.174649;0.369142;0.049779;,
  0.154004;0.405538;-0.006419;,
  0.169696;0.399759;-0.005517;,
  0.159857;0.397590;-0.001092;,
  0.161326;0.407125;-0.015361;,
  0.154225;0.444390;0.064523;,
  0.170311;0.427514;0.008831;,
  0.172445;0.412195;0.059290;,
  0.145689;0.450996;0.015988;,
  0.191792;0.408726;0.055863;,
  0.190688;0.453906;0.061159;,
  0.182536;0.461921;0.010451;,
  0.189905;0.424236;0.007479;,
  0.090226;0.761023;0.068245;,
  0.100040;0.764793;0.040256;,
  0.060459;0.778197;0.063340;,
  0.063316;0.776600;0.038874;,
  0.072217;0.692453;0.093836;,
  0.032620;0.802310;0.040743;,
  0.093645;0.752316;0.016146;,
  0.070135;0.742492;0.009725;,
  0.063353;0.761530;0.014961;,
  0.086896;0.724883;0.012623;,
  0.076878;0.733438;0.095868;,
  0.036520;0.725790;0.106610;,
  0.080016;0.737677;0.093139;,
  -0.021285;0.724231;0.100742;,
  -0.014449;0.781025;0.082453;,
  0.062076;0.774497;0.093338;,
  0.080016;0.737677;0.093139;,
  0.072331;0.720292;0.035240;,
  0.080293;0.727531;0.081914;,
  0.063063;0.701618;0.018328;,
  0.079077;0.692798;0.062195;,
  0.077353;0.693847;0.026837;,
  0.079161;0.732813;0.008181;,
  0.082059;0.693519;0.078950;,
  0.145689;0.450996;0.015988;,
  0.032398;0.832071;0.033735;,
  0.021695;0.838211;0.053408;,
  -0.009764;0.810254;0.066123;,
  -0.004725;0.842753;0.059027;,
  0.189905;0.424236;0.007479;,
  0.167788;0.358862;0.003710;,
  0.174649;0.369142;0.049779;,
  0.147628;0.423289;0.000098;,
  0.169123;0.425413;-0.014199;,
  0.147628;0.423289;0.000098;,
  0.160125;0.413750;0.008442;,
  0.182778;0.421681;0.002993;,
  0.182778;0.421681;0.002993;,
  0.154004;0.405538;-0.006419;,
  0.161326;0.407125;-0.015361;,
  0.169696;0.399759;-0.005517;,
  0.094766;0.020228;-0.018446;,
  0.072680;-0.001386;-0.067739;,
  0.070131;0.017194;-0.060838;,
  0.101490;-0.001397;-0.024615;,
  0.026699;0.031888;0.083000;,
  0.031674;-0.001415;0.045398;,
  0.028556;-0.001522;0.094118;,
  0.030761;0.023542;0.042667;,
  0.039913;0.079806;0.068959;,
  0.067708;0.034910;0.089640;,
  0.063911;0.084931;0.070501;,
  0.075368;-0.001438;0.056161;,
  0.062936;-0.001545;0.099865;,
  0.076927;0.033508;0.053925;,
  0.057338;0.066120;0.019390;,
  0.074596;0.067825;0.049590;,
  0.041248;0.014160;-0.055282;,
  0.036461;-0.001374;-0.063467;,
  0.101490;-0.001397;-0.024615;,
  0.036461;-0.001374;-0.063467;,
  0.004012;0.366152;-0.004285;,
  0.024824;0.270349;0.002659;,
  0.012999;0.201421;0.017411;,
  0.024095;0.144185;0.029077;,
  0.038551;0.059932;0.041460;,
  0.038551;0.059932;0.041460;,
  -0.014356;0.451761;0.036024;,
  0.044250;0.835650;0.011279;,
  0.026972;0.823406;-0.005325;,
  0.035854;0.829883;-0.007609;,
  0.025764;0.825787;0.016597;,
  0.036178;0.857078;0.032581;,
  0.028000;0.869008;0.051902;,
  0.016624;0.971498;-0.015331;,
  -0.002757;0.960614;-0.041571;,
  -0.003098;0.975866;-0.015912;,
  0.031872;0.900293;-0.054648;,
  0.014980;0.898322;-0.061244;,
  0.027872;0.929308;-0.049663;,
  0.041571;0.849709;-0.013151;,
  0.049286;0.863598;0.012002;,
  0.042503;0.847844;0.018837;,
  0.049940;0.900288;0.025316;,
  0.050509;0.907735;0.001943;,
  0.041076;0.938140;-0.034089;,
  0.049498;0.943574;-0.008019;,
  0.046538;0.900337;-0.023979;,
  0.047163;0.905861;0.040923;,
  0.036081;0.916186;0.060127;,
  -0.003134;0.917990;0.070835;,
  0.029488;0.960997;0.042784;,
  -0.003468;0.963742;0.052493;,
  0.047215;0.877930;-0.020376;,
  0.032420;0.838487;-0.025869;,
  0.033022;0.870066;-0.043049;,
  0.018209;0.812590;-0.034832;,
  -0.001338;0.808239;-0.022766;,
  -0.001181;0.807873;-0.043903;,
  0.023128;0.949493;-0.043150;,
  0.036396;0.961521;-0.013626;,
  0.044815;0.956358;0.024438;,
  0.031193;0.972475;0.013641;,
  0.013856;0.978494;0.019227;,
  -0.003416;0.980809;0.021160;,
  -0.002678;0.878477;0.063577;,
  0.044815;0.956358;0.024438;,
  0.031193;0.972475;0.013641;,
  0.055523;0.866272;0.011113;,
  0.060534;0.913381;0.015699;,
  0.065702;0.895481;0.026015;,
  0.053637;0.894240;0.012705;,
  0.065702;0.895481;0.026015;,
  0.055523;0.866272;0.011113;,
  0.060534;0.913381;0.015699;,
  0.050509;0.907735;0.001943;,
  0.051297;0.882891;-0.001996;,
  0.049286;0.863598;0.012002;,
  0.032527;0.892175;-0.045567;,
  0.051297;0.882891;-0.001996;,
  0.032620;0.802310;0.040743;,
  0.032398;0.832071;0.033735;,
  0.063316;0.776600;0.038874;,
  0.036178;0.857078;0.032581;,
  -0.002035;0.785147;0.002010;,
  -0.002193;0.763283;-0.007368;,
  -0.010360;0.559063;-0.032465;,
  -0.017331;0.501884;0.105186;,
  -0.017261;0.467687;0.102510;,
  -0.019072;0.445421;0.092211;,
  -0.000064;0.809680;-0.005858;,
  -0.014356;0.451761;0.036024;,
  0.013856;0.978494;0.019227;,
  -0.003416;0.980809;0.021160;,
  0.018573;0.843392;-0.043484;,
  0.010882;0.865176;-0.052869;,
  0.011166;0.855557;-0.052087;,
  -0.002567;0.949894;-0.052753;,
  -0.002254;0.926805;-0.063438;,
  0.012904;0.890405;-0.051120;,
  -0.022595;0.607643;0.078179;,
  0.063316;0.776600;0.038874;,
  0.072680;-0.001386;-0.067739;,
  0.010449;0.834034;-0.049319;,
  0.018038;0.836867;-0.042560;,
  0.010189;0.839186;-0.046236;,
  -0.001556;0.853933;-0.057052;,
  -0.001559;0.861449;-0.067260;,
  0.009940;0.842595;-0.051432;,
  -0.001481;0.839313;-0.046866;,
  -0.001369;0.831990;-0.051959;,
  -0.001912;0.896351;-0.067840;,
  -0.001855;0.887408;-0.062997;,
  0.080293;0.727531;0.081914;,
  -0.001450;0.842175;-0.055238;,
  0.065801;0.721647;0.051417;,
  0.072331;0.720292;0.035240;,
  0.079161;0.732813;0.008181;,
  0.047163;0.905861;0.040923;,
  0.055226;0.217100;-0.006578;,
  0.024001;0.147053;-0.023041;,
  0.013450;0.223298;-0.035321;,
  0.054726;0.143942;0.005196;,
  0.054383;0.273784;-0.036977;,
  0.015762;0.278365;-0.047295;,
  0.052717;0.369229;-0.027431;,
  0.001939;0.370922;-0.036165;,
  0.045206;0.467115;-0.018652;,
  -0.002629;0.459577;-0.031118;,
  0.029040;0.505836;-0.015283;,
  0.025225;0.074560;-0.017088;,
  0.057338;0.066120;0.019390;,
  0.022606;0.152077;0.096656;,
  -0.012535;0.080231;0.118663;,
  0.026512;0.082467;0.105268;,
  -0.013108;0.153230;0.110574;,
  -0.012353;0.219621;0.094333;,
  0.015575;0.223186;0.082879;,
  -0.012061;0.280345;0.091003;,
  0.017274;0.271728;0.074741;,
  0.005375;0.359458;0.086210;,
  -0.016704;0.367875;0.096048;,
  -0.017323;0.439886;0.103047;,
  0.065801;0.721647;0.051417;,
  -0.073334;0.773486;-0.002038;,
  -0.036183;0.768893;-0.003018;,
  -0.081468;0.755219;-0.009976;,
  -0.032154;0.795271;0.017880;,
  -0.087955;0.745003;-0.016468;,
  -0.056886;0.708087;-0.038780;,
  -0.097690;0.709031;-0.013245;,
  -0.042550;0.741067;-0.025466;,
  -0.037940;0.810727;0.057151;,
  -0.090852;0.786309;0.071053;,
  -0.061321;0.787957;0.081525;,
  -0.079423;0.790737;0.045493;,
  -0.098616;0.554932;0.058123;,
  -0.060209;0.562648;0.076947;,
  -0.092374;0.565251;0.052781;,
  -0.058412;0.550427;0.084310;,
  -0.083575;0.566034;-0.002677;,
  -0.097738;0.539183;0.017864;,
  -0.053904;0.561413;-0.031551;,
  -0.081985;0.515500;-0.010792;,
  -0.052926;0.505949;-0.018891;,
  -0.017413;0.560397;0.079553;,
  -0.016424;0.546096;0.085973;,
  -0.074997;0.655791;0.079219;,
  -0.023908;0.689792;0.100802;,
  -0.079423;0.695478;0.088366;,
  -0.024109;0.654364;0.090770;,
  -0.067654;0.466643;-0.023124;,
  -0.109864;0.363680;-0.004087;,
  -0.103861;0.463045;0.012089;,
  -0.070728;0.368273;-0.030596;,
  -0.068334;0.272742;-0.038504;,
  -0.099206;0.270694;0.004408;,
  -0.019731;0.467172;0.000577;,
  -0.034172;0.362198;0.072081;,
  -0.024266;0.367246;-0.003070;,
  -0.028875;0.443851;0.090333;,
  -0.047448;0.273715;0.045594;,
  -0.042424;0.270895;0.003711;,
  -0.113266;0.360640;0.060524;,
  -0.101234;0.442807;0.070434;,
  -0.088150;0.275402;0.043363;,
  -0.091697;-0.001437;0.054144;,
  -0.052132;-0.001521;0.099604;,
  -0.086988;-0.001544;0.099337;,
  -0.046802;-0.001414;0.051076;,
  -0.070058;0.216513;-0.007409;,
  -0.098790;0.145069;0.032750;,
  -0.102854;0.218523;0.019709;,
  -0.068191;0.143570;0.005508;,
  -0.089621;0.067514;0.048679;,
  -0.068830;0.065990;0.020717;,
  -0.029699;0.202612;0.020562;,
  -0.039425;0.159392;0.072465;,
  -0.039897;0.145177;0.032069;,
  -0.033994;0.225028;0.071413;,
  -0.057755;0.080431;0.071941;,
  -0.052897;0.059933;0.046011;,
  -0.101384;0.156596;0.069440;,
  -0.105953;0.230976;0.067455;,
  -0.081895;0.085002;0.070582;,
  -0.104116;0.510388;0.023063;,
  -0.019731;0.467172;0.000577;,
  -0.108246;0.505709;0.077328;,
  -0.059322;0.504579;0.103541;,
  -0.101942;0.455995;0.075069;,
  -0.057684;0.459609;0.099021;,
  -0.069322;0.609598;0.069881;,
  -0.103730;0.657193;0.056920;,
  -0.112449;0.664336;0.038925;,
  -0.083262;0.619140;-0.008569;,
  -0.097588;0.612875;0.040386;,
  -0.098082;0.672935;-0.012804;,
  -0.058934;0.673145;-0.043455;,
  -0.056696;0.616936;-0.034951;,
  -0.128178;0.723397;-0.008004;,
  -0.078526;0.717295;0.011824;,
  -0.155744;0.682124;0.002072;,
  -0.130569;0.626738;0.038448;,
  -0.173699;0.641630;0.021862;,
  -0.103052;0.661903;0.022186;,
  -0.096177;0.725361;0.069576;,
  -0.118685;0.681593;0.083288;,
  -0.103052;0.661903;0.022186;,
  -0.147058;0.625457;0.084848;,
  -0.130569;0.626738;0.038448;,
  -0.105023;0.731162;0.073641;,
  -0.171376;0.702142;0.063158;,
  -0.143512;0.742143;0.053332;,
  -0.190122;0.640117;0.068334;,
  -0.141330;0.735208;0.016156;,
  -0.172089;0.638714;0.004521;,
  -0.127846;0.577275;-0.019595;,
  -0.160378;0.591057;-0.029553;,
  -0.120774;0.620287;0.022619;,
  -0.130249;0.542668;-0.045285;,
  -0.153456;0.549041;-0.056643;,
  -0.120774;0.620287;0.022619;,
  -0.160160;0.548967;0.018199;,
  -0.127846;0.577275;-0.019595;,
  -0.148357;0.587007;0.068748;,
  -0.155267;0.526213;-0.020082;,
  -0.130249;0.542668;-0.045285;,
  -0.184944;0.559959;0.010517;,
  -0.199372;0.605429;0.050781;,
  -0.170445;0.527664;-0.030647;,
  -0.126919;0.432250;-0.089648;,
  -0.153609;0.461733;-0.048719;,
  -0.156999;0.440868;-0.053648;,
  -0.123176;0.453445;-0.085104;,
  -0.120454;0.476240;-0.105134;,
  -0.135446;0.472035;-0.111298;,
  -0.124765;0.481920;-0.114367;,
  -0.127344;0.467396;-0.105475;,
  -0.150321;0.495996;-0.027941;,
  -0.141550;0.491549;-0.087510;,
  -0.121067;0.509425;-0.065835;,
  -0.166455;0.468334;-0.047186;,
  -0.182548;0.468495;-0.058980;,
  -0.180973;0.511398;-0.043900;,
  -0.151025;0.526628;-0.083564;,
  -0.158757;0.491580;-0.097530;,
  -0.110423;0.780792;0.046590;,
  -0.113592;0.785773;0.017273;,
  -0.079423;0.790737;0.045493;,
  -0.075970;0.789246;0.022175;,
  -0.112984;0.703200;0.066377;,
  -0.043765;0.807799;0.029237;,
  -0.105054;0.771298;-0.005512;,
  -0.081468;0.755219;-0.009976;,
  -0.101349;0.742164;-0.006752;,
  -0.073334;0.773486;-0.002038;,
  -0.111960;0.748490;0.068488;,
  -0.113598;0.753198;0.065173;,
  -0.077459;0.733980;0.089441;,
  -0.021285;0.724231;0.100742;,
  -0.014449;0.781025;0.082453;,
  -0.090852;0.786309;0.071053;,
  -0.113598;0.753198;0.065173;,
  -0.092160;0.733082;0.012016;,
  -0.078526;0.717295;0.011824;,
  -0.111873;0.743264;0.055083;,
  -0.110347;0.703791;0.034110;,
  -0.098398;0.704047;0.000779;,
  -0.087955;0.745003;-0.016468;,
  -0.117929;0.705125;0.049298;,
  -0.121067;0.509425;-0.065835;,
  -0.037477;0.834492;0.027753;,
  -0.029999;0.840002;0.048982;,
  -0.009764;0.810254;0.066123;,
  -0.004725;0.842753;0.059027;,
  -0.158757;0.491580;-0.097530;,
  -0.126919;0.432250;-0.089648;,
  -0.156999;0.440868;-0.053648;,
  -0.117039;0.489260;-0.090402;,
  -0.133234;0.498855;-0.108196;,
  -0.117039;0.489260;-0.090402;,
  -0.131111;0.478366;-0.090724;,
  -0.151318;0.489837;-0.098837;,
  -0.151318;0.489837;-0.098837;,
  -0.120454;0.476240;-0.105134;,
  -0.124765;0.481920;-0.114367;,
  -0.135446;0.472035;-0.111298;,
  -0.097938;0.020228;-0.022691;,
  -0.067684;-0.001385;-0.067437;,
  -0.103498;-0.001396;-0.029927;,
  -0.066363;0.017195;-0.060200;,
  -0.048385;0.031889;0.088973;,
  -0.046802;-0.001414;0.051076;,
  -0.045431;0.023543;0.048544;,
  -0.052132;-0.001521;0.099604;,
  -0.057755;0.080431;0.071941;,
  -0.089925;0.034911;0.088442;,
  -0.081895;0.085002;0.070582;,
  -0.091697;-0.001437;0.054144;,
  -0.092847;0.033509;0.051672;,
  -0.086988;-0.001544;0.099337;,
  -0.068830;0.065990;0.020717;,
  -0.089621;0.067514;0.048679;,
  -0.038871;0.014161;-0.049747;,
  -0.032744;-0.001373;-0.056983;,
  -0.103498;-0.001396;-0.029927;,
  -0.032744;-0.001373;-0.056983;,
  -0.024266;0.367246;-0.003070;,
  -0.042424;0.270895;0.003711;,
  -0.029699;0.202612;0.020562;,
  -0.039897;0.145177;0.032069;,
  -0.052897;0.059933;0.046011;,
  -0.052897;0.059933;0.046011;,
  -0.047962;0.834709;0.010613;,
  -0.030200;0.822823;-0.005738;,
  -0.028363;0.827662;0.011963;,
  -0.039178;0.829117;-0.008151;,
  -0.040638;0.856293;0.032027;,
  -0.032985;0.868385;0.051462;,
  -0.022734;0.971096;-0.015616;,
  -0.003098;0.975866;-0.015912;,
  -0.035956;0.899600;-0.055138;,
  -0.032621;0.928691;-0.050100;,
  -0.018934;0.897975;-0.061489;,
  -0.045218;0.848823;-0.013778;,
  -0.053578;0.862548;0.011259;,
  -0.046573;0.846935;0.018194;,
  -0.055172;0.899215;0.024556;,
  -0.055555;0.906652;0.001177;,
  -0.046226;0.937249;-0.034719;,
  -0.051061;0.899340;-0.024684;,
  -0.055133;0.942506;-0.008774;,
  -0.052735;0.904841;0.040202;,
  -0.042145;0.915387;0.059562;,
  -0.003134;0.917990;0.070835;,
  -0.036219;0.960326;0.042309;,
  -0.003468;0.963742;0.052493;,
  -0.051332;0.876924;-0.021088;,
  -0.036656;0.869355;-0.043553;,
  -0.035658;0.837792;-0.026361;,
  -0.020792;0.812192;-0.035114;,
  -0.028384;0.948967;-0.043522;,
  -0.042320;0.960717;-0.014194;,
  -0.051181;0.955378;0.023744;,
  -0.037736;0.971771;0.013143;,
  -0.003416;0.980809;0.021160;,
  -0.020608;0.978143;0.018978;,
  -0.002678;0.878477;0.063577;,
  -0.051181;0.955378;0.023744;,
  -0.037736;0.971771;0.013143;,
  -0.059854;0.865095;0.010280;,
  -0.065892;0.912090;0.014786;,
  -0.058563;0.893094;0.011895;,
  -0.070842;0.894087;0.025029;,
  -0.070842;0.894087;0.025029;,
  -0.059854;0.865095;0.010280;,
  -0.065892;0.912090;0.014786;,
  -0.055555;0.906652;0.001177;,
  -0.055779;0.881798;-0.002769;,
  -0.053578;0.862548;0.011259;,
  -0.036575;0.891469;-0.046066;,
  -0.055779;0.881798;-0.002769;,
  -0.043765;0.807799;0.029237;,
  -0.037477;0.834492;0.027753;,
  -0.075970;0.789246;0.022175;,
  -0.040638;0.856293;0.032027;,
  -0.017331;0.501884;0.105186;,
  -0.017261;0.467687;0.102510;,
  -0.019072;0.445421;0.092211;,
  -0.014356;0.451761;0.036024;,
  -0.020608;0.978143;0.018978;,
  -0.003416;0.980809;0.021160;,
  -0.021661;0.842982;-0.043774;,
  -0.014281;0.864919;-0.053051;,
  -0.014380;0.855297;-0.052271;,
  -0.016843;0.890101;-0.051335;,
  -0.022595;0.607643;0.078179;,
  -0.075970;0.789246;0.022175;,
  -0.067684;-0.001385;-0.067437;,
  -0.021006;0.836468;-0.042842;,
  -0.013263;0.833791;-0.049490;,
  -0.013154;0.838948;-0.046405;,
  -0.012899;0.842362;-0.051597;,
  -0.111873;0.743264;0.055083;,
  -0.090202;0.734130;0.029495;,
  -0.092160;0.733082;0.012016;,
  -0.087955;0.745003;-0.016468;,
  -0.052735;0.904841;0.040202;,
  -0.030844;0.223811;-0.035014;,
  -0.010735;0.149173;-0.031082;,
  -0.038737;0.147670;-0.023758;,
  -0.010562;0.226677;-0.037638;,
  -0.034116;0.278433;-0.046982;,
  -0.008810;0.281126;-0.049641;,
  -0.023804;0.371167;-0.035683;,
  -0.009994;0.369543;-0.038515;,
  -0.020091;0.460157;-0.031198;,
  -0.010903;0.455270;-0.032694;,
  -0.011435;0.498081;-0.028880;,
  -0.052926;0.505950;-0.018891;,
  -0.010708;0.082797;-0.029376;,
  -0.040043;0.075488;-0.017399;,
  -0.037911;0.080778;0.108866;,
  -0.101384;0.156596;0.069440;,
  -0.081882;0.085003;0.070584;,
  -0.041042;0.155144;0.097306;,
  -0.105953;0.230976;0.067455;,
  -0.042684;0.222680;0.086234;,
  -0.041835;0.274850;0.079957;,
  -0.088150;0.275402;0.043363;,
  -0.113266;0.360640;0.060524;,
  -0.033601;0.360920;0.089531;,
  -0.017261;0.467687;0.102510;,
  -0.057684;0.459609;0.099021;,
  -0.090202;0.734130;0.029495;,
  -0.067654;0.466643;-0.023124;,
  -0.070728;0.368273;-0.030596;,
  -0.068334;0.272742;-0.038504;,
  -0.070058;0.216513;-0.007409;,
  -0.068191;0.143570;0.005508;,
  -0.068830;0.065990;0.020717;,
  0.087045;0.361349;0.067068;,
  0.023843;0.458906;0.102311;,
  0.070746;0.442766;0.077305;,
  0.066574;0.275697;0.046378;,
  0.083643;0.231577;0.071431;,
  0.081497;0.157064;0.072052;,
  0.063911;0.084931;0.070501;,
  -0.101234;0.442807;0.070434;;
  916;
  3;0,1,2;,
  3;1,0,3;,
  3;4,5,6;,
  3;5,4,7;,
  3;8,9,10;,
  3;9,8,11;,
  3;12,13,14;,
  3;13,12,15;,
  3;16,12,17;,
  3;12,16,15;,
  3;18,19,20;,
  3;19,18,16;,
  3;6,21,22;,
  3;21,6,5;,
  3;14,23,24;,
  3;23,14,13;,
  3;25,26,27;,
  3;26,25,28;,
  3;29,30,31;,
  3;30,29,32;,
  3;30,33,31;,
  3;33,30,34;,
  3;35,36,37;,
  3;36,35,38;,
  3;38,39,36;,
  3;39,38,40;,
  3;37,41,42;,
  3;41,37,36;,
  3;36,43,41;,
  3;43,36,39;,
  3;42,30,32;,
  3;30,42,41;,
  3;41,34,30;,
  3;34,41,43;,
  3;44,45,46;,
  3;45,44,47;,
  3;48,49,50;,
  3;49,48,51;,
  3;50,52,53;,
  3;52,50,49;,
  3;54,55,56;,
  3;55,54,57;,
  3;57,58,55;,
  3;58,57,59;,
  3;56,60,61;,
  3;60,56,55;,
  3;55,62,60;,
  3;62,55,58;,
  3;61,49,51;,
  3;49,61,60;,
  3;60,52,49;,
  3;52,60,62;,
  3;32,19,63;,
  3;19,32,29;,
  3;64,65,66;,
  3;65,64,20;,
  3;14,67,12;,
  3;67,14,68;,
  3;68,69,67;,
  3;69,68,70;,
  3;70,42,69;,
  3;42,70,37;,
  3;48,34,51;,
  3;34,48,33;,
  3;51,43,61;,
  3;43,51,34;,
  3;43,56,61;,
  3;56,43,39;,
  3;39,54,56;,
  3;54,39,40;,
  3;12,63,17;,
  3;63,12,67;,
  3;67,32,63;,
  3;32,67,69;,
  3;69,42,32;,
  3;71,72,25;,
  3;73,74,75;,
  3;74,73,76;,
  3;74,77,75;,
  3;77,74,78;,
  3;79,78,80;,
  3;78,79,77;,
  3;81,82,83;,
  3;82,84,85;,
  3;84,82,86;,
  3;87,88,89;,
  3;88,90,89;,
  3;90,88,91;,
  3;92,93,94;,
  3;92,89,93;,
  3;92,87,89;,
  3;89,95,93;,
  3;95,89,90;,
  3;96,93,82;,
  3;93,86,82;,
  3;86,93,95;,
  3;97,98,99;,
  3;98,97,100;,
  3;100,101,98;,
  3;101,100,102;,
  3;103,104,105;,
  3;104,103,106;,
  3;106,107,104;,
  3;107,106,108;,
  3;105,109,110;,
  3;109,105,104;,
  3;104,111,109;,
  3;111,104,107;,
  3;110,100,97;,
  3;100,110,109;,
  3;109,102,100;,
  3;102,109,111;,
  3;112,113,114;,
  3;113,112,115;,
  3;116,117,118;,
  3;117,116,119;,
  3;120,121,122;,
  3;121,120,123;,
  3;120,124,125;,
  3;124,120,122;,
  3;126,124,127;,
  3;124,126,125;,
  3;95,97,86;,
  3;97,95,110;,
  3;86,99,84;,
  3;99,86,97;,
  3;90,103,105;,
  3;103,90,91;,
  3;105,95,90;,
  3;95,105,110;,
  3;128,96,129;,
  3;96,128,94;,
  3;129,130,128;,
  3;130,129,131;,
  3;72,28,25;,
  3;28,72,132;,
  3;10,133,8;,
  3;134,135,136;,
  3;135,134,137;,
  3;81,137,134;,
  3;138,11,139;,
  3;138,9,11;,
  3;138,140,9;,
  3;141,11,142;,
  3;11,141,139;,
  3;128,130,143;,
  3;94,144,92;,
  3;94,143,144;,
  3;94,128,143;,
  3;145,87,146;,
  3;87,145,147;,
  3;75,148,73;,
  3;148,75,149;,
  3;150,147,145;,
  3;7,149,75;,
  3;148,151,73;,
  3;102,152,101;,
  3;152,102,126;,
  3;102,125,126;,
  3;125,102,111;,
  3;111,120,125;,
  3;120,111,107;,
  3;120,108,123;,
  3;108,120,107;,
  3;8,153,154;,
  3;153,8,133;,
  3;154,155,8;,
  3;155,154,156;,
  3;122,114,113;,
  3;114,122,121;,
  3;121,112,114;,
  3;112,121,157;,
  3;158,124,159;,
  3;124,158,127;,
  3;159,122,113;,
  3;122,159,124;,
  3;126,160,152;,
  3;160,126,161;,
  3;162,121,123;,
  3;121,162,163;,
  3;121,164,157;,
  3;164,121,163;,
  3;165,126,127;,
  3;126,165,161;,
  3;161,166,160;,
  3;166,161,167;,
  3;162,118,163;,
  3;118,162,116;,
  3;163,117,164;,
  3;117,163,118;,
  3;165,167,161;,
  3;167,165,168;,
  3;169,170,171;,
  3;170,169,172;,
  3;173,174,175;,
  3;174,173,176;,
  3;177,178,179;,
  3;178,177,173;,
  3;180,178,181;,
  3;178,180,182;,
  3;183,169,171;,
  3;169,183,184;,
  3;174,185,186;,
  3;185,174,176;,
  3;46,187,44;,
  3;187,46,188;,
  3;180,169,182;,
  3;169,180,172;,
  3;20,29,65;,
  3;19,29,20;,
  3;29,31,189;,
  3;31,190,189;,
  3;190,31,33;,
  3;33,191,190;,
  3;191,33,48;,
  3;191,50,192;,
  3;50,191,48;,
  3;192,53,193;,
  3;53,192,50;,
  3;194,171,185;,
  3;171,194,183;,
  3;171,186,185;,
  3;186,171,170;,
  3;185,176,194;,
  3;194,173,177;,
  3;173,194,176;,
  3;178,175,181;,
  3;175,178,173;,
  3;179,182,184;,
  3;182,179,178;,
  3;182,169,184;,
  3;16,17,19;,
  3;17,63,19;,
  3;65,195,66;,
  3;196,197,198;,
  3;197,196,199;,
  3;200,154,153;,
  3;154,200,201;,
  3;202,203,204;,
  3;205,206,207;,
  3;196,208,209;,
  3;208,196,198;,
  3;210,209,211;,
  3;209,210,196;,
  3;212,213,214;,
  3;213,212,215;,
  3;212,214,211;,
  3;201,216,217;,
  3;216,201,200;,
  3;218,219,220;,
  3;219,218,217;,
  3;210,199,196;,
  3;213,205,207;,
  3;221,222,223;,
  3;198,197,224;,
  3;224,225,226;,
  3;225,224,197;,
  3;227,213,207;,
  3;228,229,214;,
  3;229,228,230;,
  3;220,231,232;,
  3;213,228,214;,
  3;156,201,233;,
  3;201,156,154;,
  3;233,217,218;,
  3;217,233,201;,
  3;219,217,234;,
  3;235,219,234;,
  3;236,237,238;,
  3;237,236,239;,
  3;209,240,211;,
  3;240,209,241;,
  3;211,242,212;,
  3;242,211,240;,
  3;243,239,244;,
  3;239,243,237;,
  3;244,236,245;,
  3;236,244,239;,
  3;246,221,223;,
  3;221,246,215;,
  3;221,212,247;,
  3;212,221,215;,
  3;199,248,2;,
  3;248,199,249;,
  3;133,10,250;,
  3;249,210,251;,
  3;210,249,199;,
  3;210,211,251;,
  3;252,1,253;,
  3;1,252,2;,
  3;20,254,18;,
