xof 0303txt 0032
template ColorRGBA {
 <35ff44e0-6c7c-11cf-8f52-0040333594a3>
 FLOAT red;
 FLOAT green;
 FLOAT blue;
 FLOAT alpha;
}

template ColorRGB {
 <d3e16e81-7835-11cf-8f52-0040333594a3>
 FLOAT red;
 FLOAT green;
 FLOAT blue;
}

template Material {
 <3d82ab4d-62da-11cf-ab39-0020af71e433>
 ColorRGBA faceColor;
 FLOAT power;
 ColorRGB specularColor;
 ColorRGB emissiveColor;
 [...]
}

template TextureFilename {
 <a42790e1-7810-11cf-8f52-0040333594a3>
 STRING filename;
}

template Frame {
 <3d82ab46-62da-11cf-ab39-0020af71e433>
 [...]
}

template Matrix4x4 {
 <f6f23f45-7686-11cf-8f52-0040333594a3>
 array FLOAT matrix[16];
}

template FrameTransformMatrix {
 <f6f23f41-7686-11cf-8f52-0040333594a3>
 Matrix4x4 frameMatrix;
}

template Vector {
 <3d82ab5e-62da-11cf-ab39-0020af71e433>
 FLOAT x;
 FLOAT y;
 FLOAT z;
}

template MeshFace {
 <3d82ab5f-62da-11cf-ab39-0020af71e433>
 DWORD nFaceVertexIndices;
 array DWORD faceVertexIndices[nFaceVertexIndices];
}

template Mesh {
 <3d82ab44-62da-11cf-ab39-0020af71e433>
 DWORD nVertices;
 array Vector vertices[nVertices];
 DWORD nFaces;
 array MeshFace faces[nFaces];
 [...]
}

template MeshMaterialList {
 <f6f23f42-7686-11cf-8f52-0040333594a3>
 DWORD nMaterials;
 DWORD nFaceIndexes;
 array DWORD faceIndexes[nFaceIndexes];
 [Material <3d82ab4d-62da-11cf-ab39-0020af71e433>]
}

template VertexElement {
 <f752461c-1e23-48f6-b9f8-8350850f336f>
 DWORD Type;
 DWORD Method;
 DWORD Usage;
 DWORD UsageIndex;
}

template DeclData {
 <bf22e553-292c-4781-9fea-62bd554bdd93>
 DWORD nElements;
 array VertexElement Elements[nElements];
 DWORD nDWords;
 array DWORD data[nDWords];
}

template XSkinMeshHeader {
 <3cf169ce-ff7c-44ab-93c0-f78f62d172e2>
 WORD nMaxSkinWeightsPerVertex;
 WORD nMaxSkinWeightsPerFace;
 WORD nBones;
}

template SkinWeights {
 <6f0d123b-bad2-4167-a0d0-80224f25fabb>
 STRING transformNodeName;
 DWORD nWeights;
 array DWORD vertexIndices[nWeights];
 array FLOAT weights[nWeights];
 Matrix4x4 matrixOffset;
}

template AnimTicksPerSecond {
 <9e415a43-7ba6-4a73-8743-b73d47e88476>
 DWORD AnimTicksPerSecond;
}

template Animation {
 <3d82ab4f-62da-11cf-ab39-0020af71e433>
 [...]
}

template AnimationSet {
 <3d82ab50-62da-11cf-ab39-0020af71e433>
 [Animation <3d82ab4f-62da-11cf-ab39-0020af71e433>]
}

template FloatKeys {
 <10dd46a9-775b-11cf-8f52-0040333594a3>
 DWORD nValues;
 array FLOAT values[nValues];
}

template TimedFloatKeys {
 <f406b180-7b3b-11cf-8f52-0040333594a3>
 DWORD time;
 FloatKeys tfkeys;
}

template AnimationKey {
 <10dd46a8-775b-11cf-8f52-0040333594a3>
 DWORD keyType;
 DWORD nKeys;
 array TimedFloatKeys keys[nKeys];
}


Material _03_-_Default {
 1.000000;1.000000;1.000000;1.000000;;
 9.999999;
 0.000000;0.000000;0.000000;;
 0.000000;0.000000;0.000000;;

 TextureFilename {
  "MaleBody_full.png";
 }
}

Frame Dummy01 {
 

 FrameTransformMatrix {
  1.000000,0.000000,0.000000,0.000000,0.000000,-0.000000,-1.000000,0.000000,0.000000,1.000000,-0.000000,0.000000,0.000000,0.000000,0.000000,1.000000;;
 }

 Frame Bip01 {
  

  FrameTransformMatrix {
   -0.489720,0.856107,0.165090,0.000000,0.089574,-0.138945,0.986241,0.000000,0.867266,0.497769,-0.008640,0.000000,0.009533,-0.010862,0.491068,1.000000;;
  }

  Frame Bip01_Pelvis {
   

   FrameTransformMatrix {
    0.000000,0.996195,-0.087157,0.000000,-0.000001,0.087157,0.996195,0.000000,1.000000,0.000000,0.000001,0.000000,0.000000,0.000000,0.000000,1.000000;;
   }

   Frame Bip01_Spine {
    

    FrameTransformMatrix {
     0.989594,0.075840,0.122277,0.000000,-0.105082,0.961449,0.254113,0.000000,-0.098291,-0.264318,0.959414,0.000000,0.051445,0.004523,-0.000081,1.000000;;
    }

    Frame Bip01_Spine1 {
     

     FrameTransformMatrix {
      0.926006,0.059711,0.372757,0.000000,-0.104525,0.989362,0.101179,0.000000,-0.362750,-0.132655,0.922397,0.000000,0.106511,0.000011,-0.000078,1.000000;;
     }

     Frame Bip01_Neck {
      

      FrameTransformMatrix {
       0.940497,-0.009024,0.339682,0.000000,0.171800,0.875098,-0.452424,0.000000,-0.293172,0.483861,0.824578,0.000000,0.130512,-0.000013,0.004630,1.000000;;
      }

      Frame Bip01_Head {
       

       FrameTransformMatrix {
        0.923838,0.124629,-0.361928,0.000000,-0.250461,0.911828,-0.325328,0.000000,0.289471,0.391199,0.873596,0.000000,0.033674,0.000000,0.000000,1.000000;;
       }

       Frame Bip01_HeadNub {
        

        FrameTransformMatrix {
         1.000000,-0.000000,0.000000,0.000000,0.000000,1.000000,0.000000,0.000000,-0.000000,0.000000,1.000000,0.000000,0.169824,-0.000000,0.000000,1.000000;;
        }
       }
      }

      Frame Bip01_L_Clavicle {
       

       FrameTransformMatrix {
        -0.219742,0.826995,0.517486,0.000000,0.914342,0.359536,-0.186315,0.000000,-0.340137,0.432218,-0.835161,0.000000,-0.024317,0.011729,0.010838,1.000000;;
       }

       Frame Bip01_L_UpperArm {
        

        FrameTransformMatrix {
         0.654344,0.006864,-0.756166,0.000000,0.587313,0.625272,0.513905,0.000000,0.476337,-0.780377,0.405112,0.000000,0.087086,-0.000000,-0.000000,1.000000;;
        }

        Frame Bip01_L_Forearm {
         

         FrameTransformMatrix {
          0.485233,-0.000000,-0.874385,0.000000,0.000000,1.000000,0.000000,0.000000,0.874385,-0.000000,0.485233,0.000000,0.137062,0.000000,0.000000,1.000000;;
         }

         Frame Bip01_L_Hand {
          

          FrameTransformMatrix {
           0.897141,-0.233844,0.374775,0.000000,-0.177572,-0.967737,-0.178755,0.000000,0.404484,0.093819,-0.909720,0.000000,0.137062,0.000000,0.000000,1.000000;;
          }

          Frame Bip01_L_Finger0 {
           

           FrameTransformMatrix {
            0.191229,-0.953701,0.232135,0.000000,0.953255,0.236821,0.187675,0.000000,-0.233961,0.185395,0.954407,0.000000,0.057681,-0.023605,-0.000272,1.000000;;
           }

           Frame Bip01_L_Finger0Nub {
            

            FrameTransformMatrix {
             1.000000,0.000000,-0.000000,0.000000,0.000000,1.000000,-0.000000,0.000000,-0.000000,-0.000000,1.000000,0.000000,0.029435,-0.000000,0.000000,1.000000;;
            }
           }
          }

          Frame Bip01_L_Finger1 {
           

           FrameTransformMatrix {
            0.270271,-0.226732,0.935706,0.000000,-0.220296,0.931529,0.289350,0.000000,-0.937242,-0.284335,0.201817,0.000000,0.084102,0.000000,0.000000,1.000000;;
           }

           Frame Bip01_L_Finger1Nub {
            

            FrameTransformMatrix {
             1.000000,0.000000,0.000000,0.000000,0.000000,1.000000,-0.000000,0.000000,-0.000000,0.000000,1.000000,0.000000,0.047988,0.000000,-0.000000,1.000000;;
            }
           }
          }
         }
        }
       }
      }

      Frame Bip01_R_Clavicle {
       

       FrameTransformMatrix {
        0.165919,-0.952916,-0.253816,0.000000,-0.931251,-0.236077,0.277559,0.000000,-0.324410,0.190314,-0.926574,0.000000,-0.024033,-0.015775,-0.004369,1.000000;;
       }

       Frame Bip01_R_UpperArm {
        

        FrameTransformMatrix {
         0.340798,0.554512,-0.759193,0.000000,-0.599331,0.750312,0.278988,0.000000,0.724334,0.359929,0.588041,0.000000,0.087086,-0.000000,0.000000,1.000000;;
        }

        Frame Bip01_R_Forearm {
         

         FrameTransformMatrix {
          -0.479633,-0.000000,-0.877469,0.000000,0.000000,1.000000,0.000000,0.000000,0.877469,-0.000000,-0.479633,0.000000,0.137062,0.000000,-0.000000,1.000000;;
         }

         Frame Bip01_R_Hand {
          

          FrameTransformMatrix {
           0.812149,-0.032171,0.582563,0.000000,0.427773,-0.646169,-0.632041,0.000000,0.396767,0.762516,-0.511023,0.000000,0.137062,-0.000000,-0.000000,1.000000;;
          }

          Frame Bip01_R_Finger0 {
           

           FrameTransformMatrix {
            0.588859,0.721892,0.363479,0.000000,-0.753496,0.653020,-0.076225,0.000000,-0.292385,-0.228995,0.928479,0.000000,0.057681,0.023605,-0.000272,1.000000;;
           }

           Frame Bip01_R_Finger0Nub {
            

            FrameTransformMatrix {
             -1.000000,0.000000,-0.000000,0.000000,-0.000000,1.000000,0.000000,0.000000,-0.000000,-0.000000,-1.000000,0.000000,0.029435,0.000000,0.000000,1.000000;;
            }
           }
          }

          Frame Bip01_R_Finger1 {
           

           FrameTransformMatrix {
            0.201209,0.000780,0.979548,0.000000,0.000000,1.000000,-0.000796,0.000000,-0.979548,0.000160,0.201209,0.000000,0.084102,-0.000000,0.000000,1.000000;;
           }

           Frame Bip01_R_Finger1Nub {
            

            FrameTransformMatrix {
             -1.000000,0.000000,0.000000,0.000000,-0.000000,1.000000,-0.000000,0.000000,-0.000000,0.000000,-1.000000,0.000000,0.047988,0.000000,-0.000000,1.000000;;
            }
           }
          }
         }
        }
       }
      }
     }

     Frame Bip01_BackPack {
      

      FrameTransformMatrix {
       0.068803,-0.000002,-0.997630,0.000000,0.000003,1.000000,-0.000002,0.000000,0.997630,-0.000003,0.068803,0.000000,0.063696,-0.000000,-0.088851,1.000000;;
      }

      Frame Bip01_BackPackNub {
       

       FrameTransformMatrix {
        0.000796,0.000003,1.000000,0.000000,-0.000000,-1.000000,0.000003,0.000000,1.000000,0.000000,-0.000796,0.000000,0.053240,0.000000,-0.000000,1.000000;;
       }
      }
     }
    }

    Frame Bip01_L_Thigh {
     

     FrameTransformMatrix {
      -0.958174,0.261553,0.116156,0.000000,-0.157572,-0.820972,0.548796,0.000000,0.238900,0.507539,0.827847,0.000000,-0.047055,0.054175,-0.008267,1.000000;;
     }

     Frame Bip01_L_Calf {
      

      FrameTransformMatrix {
       0.952160,0.000000,-0.305601,0.000000,0.000000,1.000000,0.000000,0.000000,0.305601,-0.000000,0.952160,0.000000,0.237500,0.000000,0.000000,1.000000;;
      }

      Frame Bip01_L_Foot {
       

       FrameTransformMatrix {
        0.995438,0.089101,0.034113,0.000000,-0.094936,0.960555,0.261384,0.000000,-0.009478,-0.263431,0.964632,0.000000,0.206841,0.000000,0.000000,1.000000;;
       }

       Frame Bip01_L_Toe0 {
        

        FrameTransformMatrix {
         -0.281148,0.092894,0.955158,0.000000,0.009523,0.995525,-0.094017,0.000000,-0.959617,-0.017337,-0.280774,0.000000,0.065373,0.000000,0.066450,1.000000;;
        }

        Frame Bip01_L_Toe0Nub {
         

         FrameTransformMatrix {
          -1.000000,-0.000000,-0.000000,0.000000,-0.000000,1.000000,-0.000000,0.000000,-0.000000,-0.000000,-1.000000,0.000000,0.006735,0.000000,0.000000,1.000000;;
         }
        }
       }
      }
     }
    }

    Frame Bip01_R_Thigh {
     

     FrameTransformMatrix {
      -0.973557,-0.149358,0.172857,0.000000,0.187322,-0.955035,0.229824,0.000000,0.130759,0.256127,0.957759,0.000000,-0.055431,-0.052018,0.020927,1.000000;;
     }

     Frame Bip01_R_Calf {
      

      FrameTransformMatrix {
       0.868534,-0.000000,-0.495630,0.000000,0.000000,1.000000,0.000000,0.000000,0.495630,0.000000,0.868534,0.000000,0.237500,0.000000,0.000000,1.000000;;
      }

      Frame Bip01_R_Foot {
       

       FrameTransformMatrix {
        0.923645,-0.196319,0.329149,0.000000,0.231866,0.970075,-0.072057,0.000000,-0.305154,0.142874,0.941524,0.000000,0.206841,-0.000000,0.000000,1.000000;;
       }

       Frame Bip01_R_Toe0 {
        

        FrameTransformMatrix {
         0.793109,-0.384599,0.472293,0.000000,-0.009867,0.767207,0.641324,0.000000,-0.608999,-0.513300,0.604684,0.000000,0.065373,0.000000,0.066450,1.000000;;
        }

        Frame Bip01_R_Toe0Nub {
         

         FrameTransformMatrix {
          1.000000,0.000000,0.000000,0.000000,0.000000,1.000000,0.000000,0.000000,0.000000,0.000000,1.000000,0.000000,0.006735,0.000000,0.000000,1.000000;;
         }
        }
       }
      }
     }
    }
   }

   Frame Bip01_DressFront {
    

    FrameTransformMatrix {
     -0.997354,-0.051360,-0.051450,0.000000,-0.051294,0.998680,-0.002606,0.000000,0.051516,0.000040,-0.998672,0.000000,-0.044009,0.001399,0.061087,1.000000;;
    }

    Frame Bip01_DressFront02 {
     

     FrameTransformMatrix {
      1.000000,-0.000000,0.000000,0.000000,0.000000,1.000000,0.000000,0.000000,-0.000000,-0.000000,1.000000,0.000000,0.183324,0.000000,-0.000132,1.000000;;
     }

     Frame Bip01_DressFrontNub {
      

      FrameTransformMatrix {
       0.000796,0.000003,1.000000,0.000000,-0.000000,-1.000000,0.000003,0.000000,1.000000,-0.000000,-0.000796,0.000000,0.165302,-0.000000,0.000000,1.000000;;
      }
     }
    }
   }

   Frame Bip01_DressBack {
    

    FrameTransformMatrix {
     -0.996897,-0.075512,0.022223,0.000000,-0.074193,0.995718,0.055147,0.000000,-0.026292,0.053327,-0.998231,0.000000,-0.047729,-0.000007,-0.078279,1.000000;;
    }

    Frame Bip01_DressBack02 {
     

     FrameTransformMatrix {
      0.974078,0.000001,0.226213,0.000000,-0.000001,1.000000,-0.000000,0.000000,-0.226213,-0.000000,0.974078,0.000000,0.176183,-0.000000,-0.000106,1.000000;;
     }

     Frame Bip01_DressBackNub {
      

      FrameTransformMatrix {
       0.000796,0.000003,1.000000,0.000000,0.000000,-1.000000,0.000003,0.000000,1.000000,0.000000,-0.000796,0.000000,0.136508,0.000000,-0.000000,1.000000;;
      }
     }
    }
   }
  }

  Frame Bip01_Prop1 {
   

   FrameTransformMatrix {
    -0.489719,0.089574,0.867267,0.000000,0.856108,-0.138945,0.497769,0.000000,0.165090,0.986241,-0.008641,0.000000,0.191032,0.221051,-0.006622,1.000000;;
   }
  }

  Frame Bip01_Prop2 {
   

   FrameTransformMatrix {
    -0.057904,-0.537770,-0.841101,0.000000,-0.710748,0.613852,-0.343545,0.000000,0.701060,0.577918,-0.417764,0.000000,0.319772,0.180184,0.106473,1.000000;;
   }
  }
 }
}

Frame Translation_Data {
 

 FrameTransformMatrix {
  1.000000,0.000000,0.000000,0.000000,0.000000,-0.000000,-1.000000,0.000000,0.000000,1.000000,-0.000000,0.000000,0.000000,0.000000,0.000000,1.000000;;
 }
}

Frame Body {
 

 FrameTransformMatrix {
  1.000000,0.000000,0.000000,0.000000,0.000000,1.000000,0.000000,0.000000,0.000000,0.000000,1.000000,0.000000,0.000000,0.000000,0.000000,1.000000;;
 }

 Mesh Body {
  617;
  0.018611;0.733384;-0.075375;,
  -0.005965;0.730890;-0.048636;,
  -0.001463;0.764318;-0.041990;,
  0.024580;0.712639;-0.079354;,
  0.029823;0.700892;-0.082424;,
  0.004049;0.666924;-0.060128;,
  -0.008989;0.695693;-0.057045;,
  0.050563;0.673194;-0.069312;,
  0.023240;0.794444;-0.024800;,
  0.077526;0.770593;-0.042384;,
  0.052478;0.765187;-0.051844;,
  0.061313;0.781970;-0.016895;,
  0.101793;0.539674;0.012599;,
  0.077527;0.542013;0.045186;,
  0.077627;0.527831;0.052576;,
  0.094073;0.549898;0.009608;,
  0.059880;0.558568;-0.033601;,
  0.082548;0.531351;-0.025216;,
  0.020095;0.556821;-0.044969;,
  0.055958;0.512333;-0.047543;,
  0.025323;0.502244;-0.043697;,
  -0.036476;0.667863;-0.023741;,
  -0.037222;0.700239;-0.027589;,
  0.041400;0.537169;0.067401;,
  0.040818;0.520419;0.071933;,
  0.099046;0.649790;0.026235;,
  0.067987;0.697879;0.061999;,
  0.066909;0.653118;0.067037;,
  0.101503;0.695104;0.015946;,
  0.049380;0.467049;-0.066455;,
  0.106932;0.369150;-0.078904;,
  0.063693;0.374269;-0.097869;,
  0.092548;0.460474;-0.041334;,
  0.069068;0.282383;-0.127550;,
  0.106570;0.275974;-0.090908;,
  0.009522;0.456736;-0.037719;,
  0.045362;0.341580;0.004655;,
  0.051844;0.420132;0.050743;,
  0.022730;0.361373;-0.065112;,
  0.062179;0.264124;-0.043298;,
  0.050694;0.268955;-0.083601;,
  0.121247;0.352734;-0.017905;,
  0.105202;0.428302;0.008299;,
  0.101607;0.271466;-0.050779;,
  0.129546;-0.000568;-0.077669;,
  0.086402;-0.003829;-0.035718;,
  0.085126;-0.002806;-0.084509;,
  0.121110;-0.002031;-0.033046;,
  0.081605;0.221371;-0.108689;,
  0.123604;0.148433;-0.087271;,
  0.089340;0.147683;-0.109768;,
  0.117954;0.222928;-0.086521;,
  0.124789;0.068649;-0.084207;,
  0.102287;0.068358;-0.110420;,
  0.047913;0.197707;-0.078533;,
  0.070245;0.147818;-0.037682;,
  0.058005;0.211373;-0.025447;,
  0.065671;0.140975;-0.079711;,
  0.094032;0.075202;-0.057611;,
  0.088303;0.058881;-0.087806;,
  0.130866;0.153691;-0.049783;,
  0.127395;0.227247;-0.038183;,
  0.117299;0.082434;-0.059983;,
  0.090005;0.502594;-0.028990;,
  -0.016366;0.493476;-0.035424;,
  0.009522;0.456736;-0.037719;,
  -0.009979;0.457244;-0.029708;,
  0.118056;0.488585;0.015737;,
  0.086188;0.479455;0.060267;,
  0.108198;0.440067;0.011811;,
  0.076514;0.435089;0.048435;,
  0.090257;0.598636;0.030510;,
  0.107554;0.645386;-0.008336;,
  0.102648;0.648208;-0.028120;,
  0.054923;0.601700;-0.038393;,
  0.059290;0.646899;-0.057993;,
  0.095237;0.598976;-0.009242;,
  0.010434;0.642954;-0.055474;,
  0.018510;0.598190;-0.042403;,
  -0.030034;0.650094;-0.021119;,
  -0.019285;0.594010;-0.011512;,
  0.056270;0.745852;-0.117639;,
  0.057513;0.726452;-0.164404;,
  0.018524;0.720768;-0.088627;,
  0.015124;0.673501;-0.185930;,
  0.009542;0.696625;-0.144426;,
  0.053508;0.697509;-0.203475;,
  0.051372;0.669841;-0.082356;,
  0.009542;0.696625;-0.144426;,
  0.048126;0.645792;-0.127315;,
  0.039951;0.630106;-0.186943;,
  0.015124;0.673501;-0.185930;,
  0.062623;0.668490;-0.082467;,
  0.096275;0.675731;-0.147041;,
  0.094147;0.694488;-0.101034;,
  0.078179;0.653968;-0.204604;,
  0.079289;0.727570;-0.111978;,
  0.045933;0.712254;-0.209839;,
  -0.028402;0.709913;-0.237813;,
  -0.000541;0.684868;-0.190078;,
  0.002557;0.726588;-0.248342;,
  -0.043049;0.728742;-0.277525;,
  -0.031221;0.735628;-0.284505;,
  -0.000541;0.684868;-0.190078;,
  -0.007042;0.667325;-0.269496;,
  0.016528;0.632409;-0.220959;,
  -0.028402;0.709913;-0.237813;,
  -0.040267;0.702836;-0.286209;,
  -0.043049;0.728742;-0.277525;,
  0.016777;0.680289;-0.277157;,
  0.062798;0.659633;-0.240528;,
  -0.024447;0.706117;-0.302456;,
  -0.103232;0.760076;-0.374938;,
  -0.095661;0.739071;-0.322419;,
  -0.083628;0.757140;-0.365401;,
  -0.114754;0.742075;-0.332297;,
  -0.041763;0.752732;-0.361579;,
  -0.051126;0.744763;-0.372950;,
  -0.050461;0.754745;-0.368369;,
  -0.037416;0.743548;-0.367311;,
  -0.079142;0.731553;-0.288862;,
  -0.060651;0.733702;-0.346296;,
  -0.101504;0.719278;-0.316159;,
  -0.046983;0.752526;-0.320455;,
  -0.101131;0.702183;-0.326441;,
  -0.066947;0.696657;-0.296921;,
  -0.032379;0.717712;-0.329536;,
  -0.061270;0.715769;-0.354929;,
  0.073251;0.758911;-0.074972;,
  0.054539;0.751066;-0.096751;,
  0.052478;0.765187;-0.051844;,
  0.031838;0.757895;-0.067674;,
  0.112139;0.692656;-0.023027;,
  0.011646;0.779903;-0.045967;,
  0.038543;0.731440;-0.098347;,
  0.024580;0.712639;-0.079354;,
  0.018611;0.733384;-0.075375;,
  0.042168;0.718169;-0.088950;,
  0.097451;0.728731;-0.046940;,
  0.090339;0.735369;-0.001980;,
  0.095316;0.730916;-0.052290;,
  0.057402;0.736421;0.045899;,
  0.028269;0.780294;0.017033;,
  0.077526;0.770593;-0.042384;,
  0.095316;0.730916;-0.052290;,
  0.052593;0.700413;-0.063652;,
  0.089857;0.720436;-0.055151;,
  0.018524;0.720768;-0.088627;,
  0.090186;0.682886;-0.043581;,
  0.060568;0.673125;-0.058744;,
  0.029823;0.700892;-0.082424;,
  0.105060;0.688515;-0.038469;,
  -0.046983;0.752526;-0.320455;,
  0.004120;0.813767;-0.030658;,
  -0.000760;0.820594;-0.009388;,
  0.007426;0.799748;-0.000866;,
  -0.023535;0.819562;0.004914;,
  -0.061270;0.715769;-0.354929;,
  -0.103232;0.760076;-0.374938;,
  -0.114754;0.742075;-0.332297;,
  -0.041403;0.749027;-0.341974;,
  -0.039302;0.727310;-0.355936;,
  -0.041403;0.749027;-0.341974;,
  -0.056190;0.747987;-0.351827;,
  -0.061316;0.724752;-0.358122;,
  -0.061316;0.724752;-0.358122;,
  -0.041763;0.752732;-0.361579;,
  -0.037416;0.743548;-0.367311;,
  -0.051126;0.744763;-0.372950;,
  0.140975;0.023276;-0.153252;,
  0.115754;0.001224;-0.200816;,
  0.112836;0.019526;-0.193343;,
  0.148274;0.002154;-0.160428;,
  0.081755;0.029592;-0.045951;,
  0.085126;-0.002806;-0.084509;,
  0.086402;-0.003829;-0.035718;,
  0.082626;0.022100;-0.086646;,
  0.094032;0.075202;-0.057611;,
  0.122972;0.034784;-0.042917;,
  0.117299;0.082434;-0.059983;,
  0.129546;-0.000568;-0.077669;,
  0.121110;-0.002031;-0.033046;,
  0.129012;0.034440;-0.079331;,
  0.102287;0.068358;-0.110420;,
  0.124789;0.068649;-0.084207;,
  0.084774;0.014809;-0.185308;,
  0.080116;-0.000840;-0.193347;,
  0.148274;0.002154;-0.160428;,
  0.080116;-0.000840;-0.193347;,
  0.022730;0.361373;-0.065112;,
  0.050694;0.268955;-0.083601;,
  0.047913;0.197707;-0.078533;,
  0.065671;0.140975;-0.079711;,
  0.088303;0.058881;-0.087806;,
  0.088303;0.058881;-0.087806;,
  0.014567;0.436611;0.011226;,
  0.013922;0.815740;-0.041773;,
  -0.001614;0.800193;-0.057299;,
  0.005633;0.808292;-0.060113;,
  -0.005385;0.803081;-0.043350;,
  0.003148;0.835274;-0.019854;,
  -0.005970;0.845466;0.000033;,
  -0.041854;0.943193;-0.065660;,
  -0.060344;0.928496;-0.090656;,
  -0.062047;0.943546;-0.064931;,
  -0.015326;0.876187;-0.106341;,
  -0.031880;0.870850;-0.111838;,
  -0.024688;0.903859;-0.100920;,
  0.006918;0.828823;-0.065886;,
  0.013331;0.844136;-0.041200;,
  0.010277;0.827393;-0.034039;,
  0.007533;0.880309;-0.027721;,
  0.005090;0.887565;-0.051033;,
  -0.012524;0.915245;-0.086180;,
  -0.003677;0.922420;-0.060677;,
  0.000997;0.879353;-0.076690;,
  0.004722;0.885322;-0.011931;,
  -0.006922;0.893362;0.008018;,
  -0.044932;0.887398;0.021262;,
  -0.023413;0.935849;-0.008572;,
  -0.055555;0.932045;0.003274;,
  0.006352;0.857553;-0.073282;,
  -0.000622;0.815920;-0.078055;,
  -0.007433;0.846872;-0.095035;,
  -0.009947;0.787654;-0.086243;,
  -0.027411;0.779580;-0.072960;,
  -0.028557;0.779112;-0.094065;,
  -0.032922;0.922738;-0.093983;,
  -0.020424;0.937362;-0.065306;,
  -0.008694;0.934231;-0.027904;,
  -0.025922;0.947243;-0.037690;,
  -0.043710;0.949729;-0.030951;,
  -0.060935;0.948572;-0.027885;,
  -0.037094;0.848718;0.013737;,
  -0.008694;0.934231;-0.027904;,
  -0.025922;0.947243;-0.037690;,
  0.018840;0.847992;-0.042474;,
  0.014663;0.895185;-0.037921;,
  0.023949;0.878740;-0.028077;,
  0.011533;0.875034;-0.040584;,
  0.023949;0.878740;-0.028077;,
  0.018840;0.847992;-0.042474;,
  0.014663;0.895185;-0.037921;,
  0.005090;0.887565;-0.051033;,
  0.010549;0.863349;-0.055174;,
  0.013331;0.844136;-0.041200;,
  -0.012481;0.868422;-0.097374;,
  0.010549;0.863349;-0.055174;,
  0.011646;0.779903;-0.045967;,
  0.004120;0.813767;-0.030658;,
  0.031838;0.757895;-0.067674;,
  0.003148;0.835274;-0.019854;,
  -0.031655;0.750834;-0.029509;,
  -0.032927;0.727003;-0.027103;,
  -0.018370;0.552370;-0.025431;,
  0.049401;0.473652;0.079922;,
  0.047446;0.440560;0.071107;,
  0.028929;0.418965;0.052509;,
  -0.030558;0.777455;-0.053181;,
  0.014567;0.436611;0.011226;,
  -0.043710;0.949729;-0.030951;,
  -0.060935;0.948572;-0.027885;,
  -0.016282;0.817854;-0.094702;,
  -0.028748;0.837609;-0.103428;,
  -0.026505;0.828244;-0.102727;,
  -0.058751;0.917954;-0.101894;,
  -0.054543;0.895319;-0.112725;,
  -0.031677;0.862746;-0.101652;,
  0.058169;0.598406;0.065109;,
  0.031838;0.757895;-0.067674;,
  0.115754;0.001224;-0.200816;,
  -0.022743;0.807027;-0.100057;,
  -0.015447;0.811358;-0.093787;,
  -0.023822;0.812045;-0.096931;,
  -0.038944;0.824087;-0.106866;,
  -0.041106;0.831385;-0.117004;,
  -0.025082;0.815302;-0.102077;,
  -0.035300;0.809843;-0.096800;,
  -0.034064;0.802655;-0.101937;,
  -0.048433;0.865513;-0.117336;,
  -0.046284;0.856793;-0.112564;,
  0.089857;0.720436;-0.055151;,
  -0.036382;0.812598;-0.105138;,
  0.061485;0.706703;-0.051644;,
  0.052593;0.700413;-0.063652;,
  0.029823;0.700892;-0.082424;,
  0.004722;0.885322;-0.011931;,
  0.081605;0.221371;-0.108689;,
  0.032054;0.145525;-0.106031;,
  0.017834;0.221784;-0.099352;,
  0.089340;0.147683;-0.109768;,
  0.069068;0.282383;-0.127550;,
  0.017346;0.280843;-0.104785;,
  0.063693;0.374269;-0.097869;,
  0.004209;0.370348;-0.077716;,
  0.049380;0.467049;-0.066455;,
  -0.002273;0.457207;-0.060508;,
  0.025323;0.502244;-0.043697;,
  0.035357;0.073325;-0.114147;,
  0.102287;0.068358;-0.110420;,
  0.079403;0.137480;-0.010678;,
  0.043880;0.058900;0.065174;,
  0.090015;0.068140;-0.014551;,
  0.039301;0.131634;0.058053;,
  0.030313;0.198003;0.044519;,
  0.065100;0.209714;-0.012754;,
  0.030060;0.257674;0.043941;,
  0.061373;0.257261;-0.013021;,
  0.047371;0.337994;0.019044;,
  0.034104;0.340475;0.052918;,
  0.046730;0.412977;0.068017;,
  0.061485;0.706703;-0.051644;,
  -0.073337;0.751078;0.017076;,
  -0.048005;0.736706;0.002632;,
  -0.080370;0.731640;0.029553;,
  -0.037428;0.768505;0.000554;,
  -0.076650;0.715711;0.047419;,
  -0.066094;0.673978;0.021445;,
  -0.067168;0.685033;0.067604;,
  -0.060685;0.702845;0.005998;,
  -0.014226;0.798403;0.018849;,
  -0.025328;0.787335;0.076337;,
  0.002113;0.790160;0.055299;,
  -0.047605;0.785991;0.045741;,
  -0.043530;0.526780;0.093242;,
  0.005441;0.536479;0.090449;,
  -0.034544;0.540024;0.090367;,
  0.004352;0.521329;0.093238;,
  -0.059841;0.549377;0.041573;,
  -0.064296;0.518322;0.056271;,
  -0.052873;0.551219;0.000848;,
  -0.066201;0.501538;0.019478;,
  -0.046203;0.495898;-0.004006;,
  0.041400;0.537169;0.067401;,
  0.040818;0.520419;0.071933;,
  0.029083;0.653663;0.102868;,
  0.067987;0.697879;0.061999;,
  0.027486;0.702547;0.102025;,
  0.066909;0.653118;0.067037;,
  -0.067711;0.454141;-0.001731;,
  -0.114618;0.358170;0.039356;,
  -0.079473;0.450665;0.047506;,
  -0.096013;0.358855;-0.004334;,
  -0.118524;0.261140;-0.011455;,
  -0.120424;0.264537;0.040599;,
  -0.017350;0.443472;-0.006673;,
  -0.011998;0.335321;0.061266;,
  -0.043419;0.346832;-0.006936;,
  0.030738;0.418259;0.062455;,
  -0.055117;0.258229;0.045290;,
  -0.074445;0.254697;0.008763;,
  -0.083161;0.348666;0.095172;,
  -0.048697;0.422024;0.093003;,
  -0.089311;0.267055;0.065717;,
  -0.098336;-0.001503;0.121476;,
  -0.038826;-0.001071;0.130983;,
  -0.065739;-0.001526;0.153131;,
  -0.065860;-0.000927;0.090332;,
  -0.107507;0.205108;0.026463;,
  -0.112907;0.146282;0.090125;,
  -0.118446;0.216761;0.065955;,
  -0.103792;0.135513;0.051633;,
  -0.101552;0.069983;0.115355;,
  -0.101741;0.063509;0.081314;,
  -0.059532;0.188024;0.029776;,
  -0.040662;0.154810;0.086319;,
  -0.065338;0.135537;0.057100;,
  -0.032125;0.217581;0.068272;,
  -0.061571;0.081155;0.113162;,
  -0.074389;0.060337;0.090813;,
  -0.093056;0.162992;0.118628;,
  -0.092569;0.235974;0.103447;,
  -0.081488;0.088331;0.125599;,
  -0.067479;0.488621;0.058401;,
  -0.017350;0.443472;-0.006673;,
  -0.042449;0.474344;0.104805;,
  0.012913;0.472954;0.100929;,
  -0.042835;0.431083;0.095071;,
  0.008197;0.430032;0.090818;,
  0.023163;0.599365;0.096845;,
  -0.004976;0.651614;0.114922;,
  -0.025320;0.655291;0.112047;,
  -0.046612;0.602803;0.061993;,
  -0.017063;0.600195;0.101787;,
  -0.059976;0.653500;0.072643;,
  -0.062677;0.647001;0.024607;,
  -0.050610;0.598941;0.025935;,
  -0.112651;0.751911;0.015540;,
  -0.066008;0.726384;0.023813;,
  -0.149198;0.718078;0.006342;,
  -0.140492;0.647382;0.019236;,
  -0.178684;0.676958;0.015509;,
  -0.102898;0.680061;0.007367;,
  -0.081893;0.706731;0.079251;,
  -0.114141;0.667905;0.071330;,
  -0.102898;0.680061;0.007367;,
  -0.155740;0.623432;0.036681;,
  -0.140492;0.647382;0.019236;,
  -0.089181;0.711250;0.086660;,
  -0.160363;0.706201;0.070458;,
  -0.123826;0.738788;0.079191;,
  -0.193906;0.652753;0.032705;,
  -0.122935;0.751873;0.043654;,
  -0.166868;0.699360;0.019632;,
  -0.101624;0.696390;-0.025626;,
  -0.132740;0.715841;-0.026553;,
  -0.119420;0.667355;0.024597;,
  -0.088647;0.717341;-0.064105;,
  -0.107357;0.728168;-0.068229;,
  -0.119420;0.667355;0.024597;,
  -0.133199;0.659099;-0.055398;,
  -0.101624;0.696390;-0.025626;,
  -0.147563;0.620052;-0.005089;,
  -0.104723;0.688408;-0.079134;,
  -0.088647;0.717341;-0.064105;,
  -0.157023;0.674146;-0.055674;,
  -0.194613;0.652060;-0.009932;,
  -0.122014;0.700303;-0.087853;,
  -0.049986;0.735529;-0.168887;,
  -0.072305;0.692664;-0.138536;,
  -0.062900;0.690917;-0.158020;,
  -0.059504;0.737844;-0.149191;,
  -0.082453;0.766394;-0.142951;,
  -0.089093;0.758497;-0.156142;,
  -0.093217;0.769091;-0.146551;,
  -0.079126;0.760928;-0.152163;,
  -0.074386;0.691696;-0.100127;,
  -0.093403;0.739029;-0.132423;,
  -0.078346;0.741248;-0.101162;,
  -0.080030;0.688172;-0.136891;,
  -0.096988;0.686163;-0.147210;,
  -0.111700;0.686912;-0.104157;,
  -0.116946;0.738627;-0.104469;,
  -0.110260;0.734990;-0.142222;,
  -0.075435;0.790476;0.057129;,
  -0.095455;0.783897;0.035973;,
  -0.047605;0.785991;0.045741;,
  -0.061637;0.776403;0.023946;,
  -0.009686;0.704907;0.118651;,
  -0.038556;0.784844;0.011914;,
  -0.100605;0.761502;0.022804;,
  -0.080370;0.731640;0.029553;,
  -0.093075;0.742889;0.030622;,
  -0.073337;0.751078;0.017076;,
  -0.027932;0.749640;0.105093;,
  -0.033927;0.752667;0.103327;,
  0.017347;0.745467;0.087034;,
  0.057402;0.736421;0.045899;,
  0.028269;0.780294;0.017033;,
  -0.025328;0.787335;0.076337;,
  -0.033927;0.752667;0.103327;,
  -0.058602;0.717877;0.064766;,
  -0.066008;0.726384;0.023813;,
  -0.042170;0.742792;0.098718;,
  -0.034418;0.695416;0.101328;,
  -0.055041;0.684751;0.075705;,
  -0.076650;0.715711;0.047419;,
  -0.026493;0.701744;0.114521;,
  -0.078346;0.741248;-0.101162;,
  -0.059996;0.798132;-0.011033;,
  -0.048194;0.809027;0.005131;,
  0.007426;0.799748;-0.000866;,
  -0.023535;0.819562;0.004914;,
  -0.110260;0.734990;-0.142222;,
  -0.049986;0.735529;-0.168887;,
  -0.062900;0.690917;-0.158020;,
  -0.083206;0.760251;-0.123979;,
  -0.106454;0.759283;-0.135362;,
  -0.083206;0.760251;-0.123979;,
  -0.081541;0.749127;-0.137774;,
  -0.103109;0.739017;-0.143968;,
  -0.103109;0.739017;-0.143968;,
  -0.082453;0.766394;-0.142951;,
  -0.093217;0.769091;-0.146551;,
  -0.089093;0.758497;-0.156142;,
  -0.152614;0.020039;0.066689;,
  -0.157887;-0.001225;0.012793;,
  -0.161307;-0.001657;0.064540;,
  -0.152416;0.017374;0.017637;,
  -0.043099;0.032376;0.120673;,
  -0.065860;-0.000927;0.090332;,
  -0.066678;0.024044;0.087696;,
  -0.038826;-0.001071;0.130983;,
  -0.061571;0.081155;0.113162;,
  -0.075338;0.034884;0.146928;,
  -0.081488;0.088331;0.125599;,
  -0.098336;-0.001503;0.121476;,
  -0.101148;0.033424;0.120579;,
  -0.065739;-0.001526;0.153131;,
  -0.101741;0.063509;0.081314;,
  -0.101552;0.069983;0.115355;,
  -0.124589;0.014686;0.008005;,
  -0.124377;-0.000775;-0.001593;,
  -0.161307;-0.001657;0.064540;,
  -0.124377;-0.000775;-0.001593;,
  -0.043419;0.346832;-0.006936;,
  -0.074445;0.254697;0.008763;,
  -0.059532;0.188024;0.029776;,
  -0.065338;0.135537;0.057100;,
  -0.074389;0.060337;0.090813;,
  -0.074389;0.060337;0.090813;,
  -0.076103;0.796463;-0.036454;,
  -0.057431;0.788241;-0.054001;,
  -0.055051;0.790969;-0.028147;,
  -0.067619;0.792607;-0.055785;,
  -0.071847;0.819216;-0.015424;,
  -0.065507;0.832717;0.003551;,
  -0.080279;0.934965;-0.063391;,
  -0.062047;0.943546;-0.064931;,
  -0.081546;0.862008;-0.102429;,
  -0.083747;0.891213;-0.097431;,
  -0.064990;0.863760;-0.109883;,
  -0.077812;0.810679;-0.060881;,
  -0.087093;0.822632;-0.035267;,
  -0.076686;0.808771;-0.028902;,
  -0.095086;0.858335;-0.021659;,
  -0.098458;0.865392;-0.044916;,
  -0.097755;0.896994;-0.081145;,
  -0.094287;0.858949;-0.071061;,
  -0.105826;0.900546;-0.054643;,
  -0.092806;0.864438;-0.006169;,
  -0.083293;0.877009;0.012530;,
  -0.044932;0.887398;0.021262;,
  -0.087561;0.922113;-0.004783;,
  -0.055555;0.932045;0.003274;,
  -0.089857;0.836952;-0.067598;,
  -0.075459;0.832305;-0.091017;,
  -0.067085;0.801688;-0.074129;,
  -0.048023;0.779500;-0.083994;,
  -0.083212;0.911969;-0.091012;,
  -0.097274;0.920906;-0.060767;,
  -0.102412;0.914163;-0.022368;,
  -0.093216;0.932833;-0.033715;,
  -0.060935;0.948572;-0.027885;,
  -0.077357;0.942524;-0.028964;,
  -0.037094;0.848718;0.013737;,
  -0.102412;0.914163;-0.022368;,
  -0.093216;0.932833;-0.033715;,
  -0.093800;0.823872;-0.035820;,
  -0.108764;0.868755;-0.030630;,
  -0.098005;0.851579;-0.034113;,
  -0.109357;0.850196;-0.020202;,
  -0.109357;0.850196;-0.020202;,
  -0.093800;0.823872;-0.035820;,
  -0.108764;0.868755;-0.030630;,
  -0.098458;0.865392;-0.044916;,
  -0.093987;0.840965;-0.048999;,
  -0.087093;0.822632;-0.035267;,
  -0.079944;0.853976;-0.093388;,
  -0.093987;0.840965;-0.048999;,
  -0.038556;0.784844;0.011914;,
  -0.059996;0.798132;-0.011033;,
  -0.061637;0.776403;0.023946;,
  -0.071847;0.819216;-0.015424;,
  0.049401;0.473652;0.079922;,
  0.047446;0.440560;0.071107;,
  0.028929;0.418965;0.052509;,
  0.014567;0.436611;0.011226;,
  -0.077357;0.942524;-0.028964;,
  -0.060935;0.948572;-0.027885;,
  -0.055562;0.809443;-0.092381;,
  -0.053313;0.832348;-0.101977;,
  -0.051445;0.822904;-0.101254;,
  -0.060718;0.856527;-0.099936;,
  0.058169;0.598406;0.065109;,
  -0.061637;0.776403;0.023946;,
  -0.157887;-0.001225;0.012793;,
  -0.053565;0.803196;-0.091535;,
  -0.045893;0.802070;-0.098689;,
  -0.046611;0.807166;-0.095584;,
  -0.047378;0.810527;-0.100760;,
  -0.042170;0.742792;0.098718;,
  -0.043528;0.724014;0.072660;,
  -0.058602;0.717877;0.064766;,
  -0.076650;0.715711;0.047419;,
  -0.092806;0.864438;-0.006169;,
  -0.062765;0.207611;-0.033096;,
  -0.022785;0.140363;-0.072415;,
  -0.068525;0.133254;-0.018179;,
  -0.022389;0.217460;-0.068905;,
  -0.070871;0.267294;-0.040926;,
  -0.025914;0.274394;-0.069538;,
  -0.045791;0.359317;-0.037355;,
  -0.020712;0.363791;-0.056294;,
  -0.030988;0.447278;-0.035889;,
  -0.018092;0.449227;-0.048243;,
  -0.016366;0.493476;-0.035424;,
  -0.046203;0.495898;-0.004006;,
  -0.024835;0.074838;-0.078829;,
  -0.071219;0.062418;-0.010945;,
  -0.018903;0.079357;0.125287;,
  -0.093056;0.162992;0.118628;,
  -0.081476;0.088331;0.125592;,
  -0.023348;0.151167;0.103326;,
  -0.092569;0.235974;0.103447;,
  -0.030832;0.218906;0.085513;,
  -0.031453;0.258639;0.069934;,
  -0.089311;0.267055;0.065717;,
  -0.083161;0.348666;0.095172;,
  -0.002378;0.332051;0.075522;,
  0.047446;0.440560;0.071107;,
  0.008197;0.430033;0.090818;,
  -0.043528;0.724014;0.072660;,
  -0.067711;0.454141;-0.001731;,
  -0.096013;0.358855;-0.004334;,
  -0.118524;0.261140;-0.011455;,
  -0.107507;0.205108;0.026463;,
  -0.103792;0.135513;0.051633;,
  -0.101741;0.063509;0.081314;,
  0.121247;0.352734;-0.017905;,
  0.076514;0.435089;0.048435;,
  0.105202;0.428302;0.008299;,
  0.101607;0.271466;-0.050779;,
  0.127395;0.227247;-0.038183;,
  0.130866;0.153691;-0.049783;,
  0.117299;0.082434;-0.059983;,
  -0.048697;0.422024;0.093003;;
  916;
  3;0,1,2;,
  3;1,0,3;,
  3;4,5,6;,
  3;5,4,7;,
  3;8,9,10;,
  3;9,8,11;,
  3;12,13,14;,
  3;13,12,15;,
  3;16,12,17;,
  3;12,16,15;,
  3;18,19,20;,
  3;19,18,16;,
  3;6,21,22;,
  3;21,6,5;,
  3;14,23,24;,
  3;23,14,13;,
  3;25,26,27;,
  3;26,25,28;,
  3;29,30,31;,
  3;30,29,32;,
  3;30,33,31;,
  3;33,30,34;,
  3;35,36,37;,
  3;36,35,38;,
  3;38,39,36;,
  3;39,38,40;,
  3;37,41,42;,
  3;41,37,36;,
  3;36,43,41;,
  3;43,36,39;,
  3;42,30,32;,
  3;30,42,41;,
  3;41,34,30;,
  3;34,41,43;,
  3;44,45,46;,
  3;45,44,47;,
  3;48,49,50;,
  3;49,48,51;,
  3;50,52,53;,
  3;52,50,49;,
  3;54,55,56;,
  3;55,54,57;,
  3;57,58,55;,
  3;58,57,59;,
  3;56,60,61;,
  3;60,56,55;,
  3;55,62,60;,
  3;62,55,58;,
  3;61,49,51;,
  3;49,61,60;,
  3;60,52,49;,
  3;52,60,62;,
  3;32,19,63;,
  3;19,32,29;,
  3;64,65,66;,
  3;65,64,20;,
  3;14,67,12;,
  3;67,14,68;,
  3;68,69,67;,
  3;69,68,70;,
  3;70,42,69;,
  3;42,70,37;,
  3;48,34,51;,
  3;34,48,33;,
  3;51,43,61;,
  3;43,51,34;,
  3;43,56,61;,
  3;56,43,39;,
  3;39,54,56;,
  3;54,39,40;,
  3;12,63,17;,
  3;63,12,67;,
  3;67,32,63;,
  3;32,67,69;,
  3;69,42,32;,
  3;71,72,25;,
  3;73,74,75;,
  3;74,73,76;,
  3;74,77,75;,
  3;77,74,78;,
  3;79,78,80;,
  3;78,79,77;,
  3;81,82,83;,
  3;82,84,85;,
  3;84,82,86;,
  3;87,88,89;,
  3;88,90,89;,
  3;90,88,91;,
  3;92,93,94;,
  3;92,89,93;,
  3;92,87,89;,
  3;89,95,93;,
  3;95,89,90;,
  3;96,93,82;,
  3;93,86,82;,
  3;86,93,95;,
  3;97,98,99;,
  3;98,97,100;,
  3;100,101,98;,
  3;101,100,102;,
  3;103,104,105;,
  3;104,103,106;,
  3;106,107,104;,
  3;107,106,108;,
  3;105,109,110;,
  3;109,105,104;,
  3;104,111,109;,
  3;111,104,107;,
  3;110,100,97;,
  3;100,110,109;,
  3;109,102,100;,
  3;102,109,111;,
  3;112,113,114;,
  3;113,112,115;,
  3;116,117,118;,
  3;117,116,119;,
  3;120,121,122;,
  3;121,120,123;,
  3;120,124,125;,
  3;124,120,122;,
  3;126,124,127;,
  3;124,126,125;,
  3;95,97,86;,
  3;97,95,110;,
  3;86,99,84;,
  3;99,86,97;,
  3;90,103,105;,
  3;103,90,91;,
  3;105,95,90;,
  3;95,105,110;,
  3;128,96,129;,
  3;96,128,94;,
  3;129,130,128;,
  3;130,129,131;,
  3;72,28,25;,
  3;28,72,132;,
  3;10,133,8;,
  3;134,135,136;,
  3;135,134,137;,
  3;81,137,134;,
  3;138,11,139;,
  3;138,9,11;,
  3;138,140,9;,
  3;141,11,142;,
  3;11,141,139;,
  3;128,130,143;,
  3;94,144,92;,
  3;94,143,144;,
  3;94,128,143;,
  3;145,87,146;,
  3;87,145,147;,
  3;75,148,73;,
  3;148,75,149;,
  3;150,147,145;,
  3;7,149,75;,
  3;148,151,73;,
  3;102,152,101;,
  3;152,102,126;,
  3;102,125,126;,
  3;125,102,111;,
  3;111,120,125;,
  3;120,111,107;,
  3;120,108,123;,
  3;108,120,107;,
  3;8,153,154;,
  3;153,8,133;,
  3;154,155,8;,
  3;155,154,156;,
  3;122,114,113;,
  3;114,122,121;,
  3;121,112,114;,
  3;112,121,157;,
  3;158,124,159;,
  3;124,158,127;,
  3;159,122,113;,
  3;122,159,124;,
  3;126,160,152;,
  3;160,126,161;,
  3;162,121,123;,
  3;121,162,163;,
  3;121,164,157;,
  3;164,121,163;,
  3;165,126,127;,
  3;126,165,161;,
  3;161,166,160;,
  3;166,161,167;,
  3;162,118,163;,
  3;118,162,116;,
  3;163,117,164;,
  3;117,163,118;,
  3;165,167,161;,
  3;167,165,168;,
  3;169,170,171;,
  3;170,169,172;,
  3;173,174,175;,
  3;174,173,176;,
  3;177,178,179;,
  3;178,177,173;,
  3;180,178,181;,
  3;178,180,182;,
  3;183,169,171;,
  3;169,183,184;,
  3;174,185,186;,
  3;185,174,176;,
  3;46,187,44;,
  3;187,46,188;,
  3;180,169,182;,
  3;169,180,172;,
  3;20,29,65;,
  3;19,29,20;,
  3;29,31,189;,
  3;31,190,189;,
  3;190,31,33;,
  3;33,191,190;,
  3;191,33,48;,
  3;191,50,192;,
  3;50,191,48;,
  3;192,53,193;,
  3;53,192,50;,
  3;194,171,185;,
  3;171,194,183;,
  3;171,186,185;,
  3;186,171,170;,
  3;185,176,194;,
  3;194,173,177;,
  3;173,194,176;,
  3;178,175,181;,
  3;175,178,173;,
  3;179,182,184;,
  3;182,179,178;,
  3;182,169,184;,
  3;16,17,19;,
  3;17,63,19;,
  3;65,195,66;,
  3;196,197,198;,
  3;197,196,199;,
  3;200,154,153;,
  3;154,200,201;,
  3;202,203,204;,
  3;205,206,207;,
  3;196,208,209;,
  3;208,196,198;,
  3;210,209,211;,
  3;209,210,196;,
  3;212,213,214;,
  3;213,212,215;,
  3;212,214,211;,
  3;201,216,217;,
  3;216,201,200;,
  3;218,219,220;,
  3;219,218,217;,
  3;210,199,196;,
  3;213,205,207;,
  3;221,222,223;,
  3;198,197,224;,
  3;224,225,226;,
  3;225,224,197;,
  3;227,213,207;,
  3;228,229,214;,
  3;229,228,230;,
  3;220,231,232;,
  3;213,228,214;,
  3;156,201,233;,
  3;201,156,154;,
  3;233,217,218;,
  3;217,233,201;,
  3;219,217,234;,
  3;235,219,234;,
  3;236,237,238;,
  3;237,236,239;,
  3;209,240,211;,
  3;240,209,241;,
  3;211,242,212;,
  3;242,211,240;,
  3;243,239,244;,
  3;239,243,237;,
  3;244,236,245;,
  3;236,244,239;,
  3;246,221,223;,
