xof 0303txt 0032
template ColorRGBA {
 <35ff44e0-6c7c-11cf-8f52-0040333594a3>
 FLOAT red;
 FLOAT green;
 FLOAT blue;
 FLOAT alpha;
}

template ColorRGB {
 <d3e16e81-7835-11cf-8f52-0040333594a3>
 FLOAT red;
 FLOAT green;
 FLOAT blue;
}

template Material {
 <3d82ab4d-62da-11cf-ab39-0020af71e433>
 ColorRGBA faceColor;
 FLOAT power;
 ColorRGB specularColor;
 ColorRGB emissiveColor;
 [...]
}

template TextureFilename {
 <a42790e1-7810-11cf-8f52-0040333594a3>
 STRING filename;
}

template Frame {
 <3d82ab46-62da-11cf-ab39-0020af71e433>
 [...]
}

template Matrix4x4 {
 <f6f23f45-7686-11cf-8f52-0040333594a3>
 array FLOAT matrix[16];
}

template FrameTransformMatrix {
 <f6f23f41-7686-11cf-8f52-0040333594a3>
 Matrix4x4 frameMatrix;
}

template Vector {
 <3d82ab5e-62da-11cf-ab39-0020af71e433>
 FLOAT x;
 FLOAT y;
 FLOAT z;
}

template MeshFace {
 <3d82ab5f-62da-11cf-ab39-0020af71e433>
 DWORD nFaceVertexIndices;
 array DWORD faceVertexIndices[nFaceVertexIndices];
}

template Mesh {
 <3d82ab44-62da-11cf-ab39-0020af71e433>
 DWORD nVertices;
 array Vector vertices[nVertices];
 DWORD nFaces;
 array MeshFace faces[nFaces];
 [...]
}

template MeshNormals {
 <f6f23f43-7686-11cf-8f52-0040333594a3>
 DWORD nNormals;
 array Vector normals[nNormals];
 DWORD nFaceNormals;
 array MeshFace faceNormals[nFaceNormals];
}

template MeshMaterialList {
 <f6f23f42-7686-11cf-8f52-0040333594a3>
 DWORD nMaterials;
 DWORD nFaceIndexes;
 array DWORD faceIndexes[nFaceIndexes];
 [Material <3d82ab4d-62da-11cf-ab39-0020af71e433>]
}

template Coords2d {
 <f6f23f44-7686-11cf-8f52-0040333594a3>
 FLOAT u;
 FLOAT v;
}

template MeshTextureCoords {
 <f6f23f40-7686-11cf-8f52-0040333594a3>
 DWORD nTextureCoords;
 array Coords2d textureCoords[nTextureCoords];
}

template XSkinMeshHeader {
 <3cf169ce-ff7c-44ab-93c0-f78f62d172e2>
 WORD nMaxSkinWeightsPerVertex;
 WORD nMaxSkinWeightsPerFace;
 WORD nBones;
}

template SkinWeights {
 <6f0d123b-bad2-4167-a0d0-80224f25fabb>
 STRING transformNodeName;
 DWORD nWeights;
 array DWORD vertexIndices[nWeights];
 array FLOAT weights[nWeights];
 Matrix4x4 matrixOffset;
}

template AnimTicksPerSecond {
 <9e415a43-7ba6-4a73-8743-b73d47e88476>
 DWORD AnimTicksPerSecond;
}

template Animation {
 <3d82ab4f-62da-11cf-ab39-0020af71e433>
 [...]
}

template AnimationSet {
 <3d82ab50-62da-11cf-ab39-0020af71e433>
 [Animation <3d82ab4f-62da-11cf-ab39-0020af71e433>]
}

template FloatKeys {
 <10dd46a9-775b-11cf-8f52-0040333594a3>
 DWORD nValues;
 array FLOAT values[nValues];
}

template TimedFloatKeys {
 <f406b180-7b3b-11cf-8f52-0040333594a3>
 DWORD time;
 FloatKeys tfkeys;
}

template AnimationKey {
 <10dd46a8-775b-11cf-8f52-0040333594a3>
 DWORD keyType;
 DWORD nKeys;
 array TimedFloatKeys keys[nKeys];
}


Material Material__143 {
 1.000000;1.000000;1.000000;1.000000;;
 9.999999;
 0.000000;0.000000;0.000000;;
 0.000000;0.000000;0.000000;;

 TextureFilename {
  "Objects_Handgun.png";
 }
}

Material _05_-_Defaultaaaa {
 1.000000;1.000000;1.000000;1.000000;;
 9.999999;
 0.000000;0.000000;0.000000;;
 0.000000;0.000000;0.000000;;

 TextureFilename {
  "MaleBody01.png";
 }
}

Frame Dummy01 {
 

 FrameTransformMatrix {
  1.000000,0.000000,0.000000,0.000000,0.000000,-0.000000,-1.000000,0.000000,0.000000,1.000000,-0.000000,0.000000,0.000000,0.000000,0.000000,1.000000;;
 }

 Frame Bip01 {
  

  FrameTransformMatrix {
   -0.086824,0.992404,0.087157,0.000000,0.007596,-0.086825,0.996195,0.000000,0.996195,0.087156,0.000000,0.000000,0.003000,-0.012354,0.480738,1.000000;;
  }

  Frame Bip01_Pelvis {
   

   FrameTransformMatrix {
    0.000000,1.000000,-0.000001,0.000000,-0.000001,0.000001,1.000000,0.000000,1.000000,0.000000,0.000001,0.000000,0.000000,0.000000,0.000000,1.000000;;
   }

   Frame Bip01_Spine {
    

    FrameTransformMatrix {
     0.998192,0.000001,-0.060114,0.000000,-0.000001,1.000000,0.000004,0.000000,0.060114,-0.000004,0.998192,0.000000,0.051628,0.000000,-0.000085,1.000000;;
    }

    Frame Bip01_Spine1 {
     

     FrameTransformMatrix {
      0.991416,-0.000000,-0.130742,0.000000,0.000000,1.000000,-0.000000,0.000000,0.130742,-0.000000,0.991416,0.000000,0.106469,-0.000000,-0.000084,1.000000;;
     }

     Frame Bip01_Neck {
      

      FrameTransformMatrix {
       0.903366,0.000001,0.428870,0.000000,-0.000001,1.000000,-0.000000,0.000000,-0.428870,-0.000000,0.903366,0.000000,0.130516,0.000000,0.004628,1.000000;;
      }

      Frame Bip01_Head {
       

       FrameTransformMatrix {
        0.999242,-0.000000,-0.038921,0.000000,0.000000,1.000000,-0.000000,0.000000,0.038921,-0.000000,0.999242,0.000000,0.033674,0.000000,0.000000,1.000000;;
       }

       Frame Bip01_HeadNub {
        

        FrameTransformMatrix {
         1.000000,-0.000000,0.000000,0.000000,-0.000000,1.000000,-0.000000,0.000000,0.000000,0.000000,1.000000,0.000000,0.169824,0.000000,-0.000000,1.000000;;
        }
       }
      }

      Frame Bip01_L_Clavicle {
       

       FrameTransformMatrix {
        -0.308853,0.939693,0.146926,0.000000,0.848565,0.342019,-0.403683,0.000000,-0.429590,-0.000003,-0.903024,0.000000,-0.023698,0.015715,0.006128,1.000000;;
       }

       Frame Bip01_L_UpperArm {
        

        FrameTransformMatrix {
         0.705166,-0.705181,0.073896,0.000000,0.656119,0.688487,0.309021,0.000000,-0.268792,-0.169426,0.948180,0.000000,0.087086,0.000000,-0.000000,1.000000;;
        }

        Frame Bip01_L_Forearm {
         

         FrameTransformMatrix {
          -0.723871,0.000000,-0.689936,0.000000,0.000000,1.000000,-0.000000,0.000000,0.689936,0.000000,-0.723871,0.000000,0.137062,0.000000,0.000000,1.000000;;
         }

         Frame Bip01_L_Hand {
          

          FrameTransformMatrix {
           0.986284,-0.090448,-0.138069,0.000000,0.149335,0.845284,0.513024,0.000000,0.070306,-0.526606,0.847197,0.000000,0.137062,0.000000,0.000000,1.000000;;
          }

          Frame Bip01_L_Finger0 {
           

           FrameTransformMatrix {
            0.301734,0.216531,0.928478,0.000000,0.558537,0.749101,-0.356210,0.000000,-0.772654,0.626070,0.105089,0.000000,0.057681,-0.023605,-0.000272,1.000000;;
           }

           Frame Bip01_L_Finger0Nub {
            

            FrameTransformMatrix {
             1.000000,-0.000000,-0.000000,0.000000,-0.000000,1.000000,0.000000,0.000000,-0.000000,0.000000,1.000000,0.000000,0.029435,0.000000,0.000000,1.000000;;
            }
           }
          }

          Frame Bip01_L_Finger1 {
           

           FrameTransformMatrix {
            0.203225,-0.000780,0.979132,0.000000,0.000000,1.000000,0.000796,0.000000,-0.979132,-0.000162,0.203225,0.000000,0.084102,0.000000,0.000000,1.000000;;
           }

           Frame Bip01_L_Finger1Nub {
            

            FrameTransformMatrix {
             1.000000,0.000000,-0.000000,0.000000,0.000000,1.000000,-0.000000,0.000000,0.000000,0.000000,1.000000,0.000000,0.047988,0.000000,0.000000,1.000000;;
            }
           }
          }
         }
        }
       }
      }

      Frame Bip01_R_Clavicle {
       

       FrameTransformMatrix {
        -0.308853,-0.939692,0.146931,0.000000,-0.848565,0.342021,0.403681,0.000000,-0.429590,-0.000002,-0.903024,0.000000,-0.023698,-0.015714,0.006128,1.000000;;
       }

       Frame Bip01_R_UpperArm {
        

        FrameTransformMatrix {
         0.579761,0.607079,0.543446,0.000000,-0.600386,0.769206,-0.218767,0.000000,-0.550830,-0.199445,0.810437,0.000000,0.087086,0.000000,0.000000,1.000000;;
        }

        Frame Bip01_R_Forearm {
         

         FrameTransformMatrix {
          -0.655131,0.000000,-0.755516,0.000000,-0.000000,1.000000,-0.000000,0.000000,0.755515,0.000000,-0.655131,0.000000,0.137062,0.000000,0.000000,1.000000;;
         }

         Frame Bip01_R_Hand {
          

          FrameTransformMatrix {
           0.610684,-0.119217,-0.782849,0.000000,-0.244853,0.911728,-0.329848,0.000000,0.753069,0.393116,0.527587,0.000000,0.137062,0.000000,0.000000,1.000000;;
          }

          Frame Bip01_R_Finger0 {
           

           FrameTransformMatrix {
            0.301734,-0.216531,0.928478,0.000000,-0.558537,0.749101,0.356210,0.000000,-0.772654,-0.626070,0.105089,0.000000,0.057681,0.023605,-0.000272,1.000000;;
           }

           Frame Bip01_R_Finger0Nub {
            

            FrameTransformMatrix {
             -1.000000,0.000000,0.000000,0.000000,-0.000000,1.000000,0.000000,0.000000,0.000000,-0.000000,-1.000000,0.000000,0.029435,0.000000,-0.000000,1.000000;;
            }
           }
          }

          Frame Bip01_R_Finger1 {
           

           FrameTransformMatrix {
            0.203225,0.000780,0.979132,0.000000,-0.000000,1.000000,-0.000796,0.000000,-0.979132,0.000162,0.203225,0.000000,0.084102,0.000000,0.000000,1.000000;;
           }

           Frame Bip01_R_Finger1Nub {
            

            FrameTransformMatrix {
             -1.000000,-0.000000,-0.000000,0.000000,-0.000000,1.000000,-0.000000,0.000000,0.000000,-0.000000,-1.000000,0.000000,0.047988,0.000000,0.000000,1.000000;;
            }
           }
          }
         }
        }
       }
      }
     }

     Frame Bip01_BackPack {
      

      FrameTransformMatrix {
       0.190104,-0.000002,-0.981764,0.000000,0.000003,1.000000,-0.000002,0.000000,0.981764,-0.000002,0.190105,0.000000,0.063697,-0.000000,-0.088856,1.000000;;
      }

      Frame Bip01_BackPackNub {
       

       FrameTransformMatrix {
        0.000796,0.000003,1.000000,0.000000,-0.000000,-1.000000,0.000003,0.000000,1.000000,0.000000,-0.000796,0.000000,0.053240,-0.000000,-0.000000,1.000000;;
       }
      }
     }
    }

    Frame Bip01_L_Thigh {
     

     FrameTransformMatrix {
      -0.994050,0.013065,-0.108139,0.000000,-0.014110,-0.999861,0.008906,0.000000,-0.108008,0.010379,0.994096,0.000000,-0.051540,0.055225,-0.003019,1.000000;;
     }

     Frame Bip01_L_Calf {
      

      FrameTransformMatrix {
       0.840801,0.000000,-0.541345,0.000000,0.000000,1.000000,0.000000,0.000000,0.541345,0.000000,0.840801,0.000000,0.237500,0.000000,0.000000,1.000000;;
      }

      Frame Bip01_L_Foot {
       

       FrameTransformMatrix {
        0.861298,0.012651,0.507941,0.000000,-0.049630,0.997004,0.059326,0.000000,-0.505669,-0.076306,0.859346,0.000000,0.206841,-0.000000,-0.000000,1.000000;;
       }

       Frame Bip01_L_Toe0 {
        

        FrameTransformMatrix {
         -0.000001,-0.000001,1.000000,0.000000,0.000001,1.000000,0.000001,0.000000,-1.000000,0.000001,-0.000001,0.000000,0.065373,0.000000,0.066450,1.000000;;
        }

        Frame Bip01_L_Toe0Nub {
         

         FrameTransformMatrix {
          -1.000000,0.000000,-0.000000,0.000000,-0.000000,1.000000,0.000000,0.000000,0.000000,0.000000,-1.000000,0.000000,0.006735,0.000000,0.000000,1.000000;;
         }
        }
       }
      }
     }
    }

    Frame Bip01_R_Thigh {
     

     FrameTransformMatrix {
      -0.994041,-0.107140,0.020087,0.000000,0.106700,-0.994052,-0.021814,0.000000,0.022305,-0.019541,0.999560,0.000000,-0.051540,-0.055225,-0.003019,1.000000;;
     }

     Frame Bip01_R_Calf {
      

      FrameTransformMatrix {
       0.782663,0.000000,-0.622446,0.000000,0.000000,1.000000,0.000000,0.000000,0.622446,0.000000,0.782663,0.000000,0.237500,0.000000,0.000000,1.000000;;
      }

      Frame Bip01_R_Foot {
       

       FrameTransformMatrix {
        0.872372,-0.102337,0.478010,0.000000,0.157796,0.984448,-0.077218,0.000000,-0.462674,0.142791,0.874954,0.000000,0.206841,0.000000,-0.000000,1.000000;;
       }

       Frame Bip01_R_Toe0 {
        

        FrameTransformMatrix {
         -0.000000,-0.265546,0.964098,0.000000,0.000001,0.964098,0.265546,0.000000,-1.000000,0.000001,-0.000000,0.000000,0.065373,-0.000000,0.066450,1.000000;;
        }

        Frame Bip01_R_Toe0Nub {
         

         FrameTransformMatrix {
          1.000000,-0.000000,-0.000000,0.000000,0.000000,1.000000,0.000000,0.000000,-0.000000,0.000000,1.000000,0.000000,0.006735,0.000000,-0.000000,1.000000;;
         }
        }
       }
      }
     }
    }
   }

   Frame Bip01_DressFront {
    

    FrameTransformMatrix {
     -0.997707,-0.000001,0.067688,0.000000,-0.000002,1.000000,-0.000001,0.000000,-0.067688,-0.000001,-0.997707,0.000000,-0.043992,0.001399,0.061087,1.000000;;
    }

    Frame Bip01_DressFront02 {
     

     FrameTransformMatrix {
      0.980179,-0.000001,-0.198114,0.000000,0.000001,1.000000,-0.000000,0.000000,0.198114,-0.000000,0.980179,0.000000,0.183298,-0.000000,-0.000129,1.000000;;
     }

     Frame Bip01_DressFrontNub {
      

      FrameTransformMatrix {
       0.000796,0.000003,1.000000,0.000000,-0.000000,-1.000000,0.000003,0.000000,1.000000,-0.000000,-0.000796,0.000000,0.165302,-0.000000,0.000000,1.000000;;
      }
     }
    }
   }

   Frame Bip01_DressBack {
    

    FrameTransformMatrix {
     -0.998044,-0.034612,-0.052061,0.000000,-0.034566,0.999401,-0.001777,0.000000,0.052091,0.000026,-0.998642,0.000000,-0.047740,0.000000,-0.078279,1.000000;;
    }

    Frame Bip01_DressBack02 {
     

     FrameTransformMatrix {
      0.952376,-0.054104,0.300089,0.000000,-0.040916,0.952558,0.301593,0.000000,-0.302170,-0.299508,0.904980,0.000000,0.176192,0.000033,-0.000098,1.000000;;
     }

     Frame Bip01_DressBackNub {
      

      FrameTransformMatrix {
       0.000796,0.000003,1.000000,0.000000,0.000000,-1.000000,0.000003,0.000000,1.000000,-0.000000,-0.000796,0.000000,0.136508,-0.000000,0.000000,1.000000;;
      }
     }
    }
   }
  }

  Frame Bip01_Prop1 {
   

   FrameTransformMatrix {
    -0.949420,0.308399,-0.059092,0.000000,0.290529,0.934133,0.207336,0.000000,0.119142,0.179681,-0.976483,0.000000,0.076816,0.185701,-0.125265,1.000000;;
   }

   Frame Handgun {
    

    FrameTransformMatrix {
     1.000001,0.000000,0.000000,0.000000,0.000000,1.000001,0.000002,0.000000,0.000000,-0.000000,1.000000,0.000000,0.000000,-0.000000,0.000000,1.000000;;
    }

    Mesh Handgun {
     212;
     -0.000000;-0.003356;-0.019557;,
     0.012416;-0.017679;-0.010441;,
     -0.000000;-0.018407;-0.010979;,
     0.012416;-0.003356;-0.019557;,
     -0.000000;-0.018407;-0.010979;,
     0.005109;-0.016952;-0.007243;,
     -0.000000;-0.016952;-0.007243;,
     0.012416;-0.017679;-0.010441;,
     -0.000000;-0.016952;-0.007243;,
     0.005109;0.004438;-0.006495;,
     -0.000000;0.002926;-0.004967;,
     0.005109;-0.016952;-0.007243;,
     0.005109;0.008148;-0.001221;,
     -0.000000;0.005912;-0.000600;,
     0.005109;0.006619;0.006152;,
     -0.000000;0.004829;0.006152;,
     0.005109;0.000388;0.014005;,
     -0.000000;-0.001149;0.014005;,
     0.005109;-0.008725;0.031062;,
     -0.000000;-0.010262;0.031062;,
     0.005109;-0.014420;0.065909;,
     -0.000000;-0.015957;0.065909;,
     0.005109;0.033421;0.073312;,
     -0.000000;0.037509;0.073312;,
     0.005109;0.031712;0.061352;,
     -0.000000;0.035800;0.061352;,
     -0.000000;0.055223;-0.003575;,
     0.005109;0.047944;0.012657;,
     0.007203;0.053355;-0.003575;,
     -0.000000;0.049062;0.012657;,
     -0.000000;0.096849;-0.003575;,
     0.003291;0.095372;-0.003575;,
     0.007203;0.111348;-0.003575;,
     0.000000;0.168256;-0.003575;,
     0.007203;0.168256;-0.003575;,
     0.007203;0.168256;-0.026781;,
     0.000000;0.168256;-0.040595;,
     0.007203;0.025633;-0.040595;,
     -0.000000;0.025633;-0.040595;,
     0.007203;0.168256;-0.040595;,
     0.007203;0.010374;-0.046499;,
     -0.000000;0.010374;-0.046499;,
     -0.000000;0.010374;-0.046499;,
     0.007203;0.008361;-0.040595;,
     -0.000000;0.008361;-0.040595;,
     0.007203;0.010374;-0.046499;,
     0.000000;0.168256;-0.040595;,
     0.007203;0.168256;-0.040595;,
     0.007203;0.168256;-0.003575;,
     0.005109;0.155151;-0.019628;,
     0.007203;0.168256;-0.026781;,
     0.007203;0.150114;-0.003575;,
     0.012416;0.115862;-0.019603;,
     0.012416;0.031507;-0.033995;,
     0.012416;0.160389;-0.033932;,
     0.007203;0.025633;-0.040595;,
     0.007203;0.008361;-0.040595;,
     0.007203;0.010374;-0.046499;,
     0.007203;0.025633;-0.040595;,
     0.007203;0.168256;-0.040595;,
     0.005109;0.160391;-0.033998;,
     0.010218;-0.005948;0.066933;,
     0.010218;0.025096;0.059705;,
     0.010218;0.027518;0.072185;,
     0.012416;0.004438;-0.009155;,
     0.012416;-0.017679;-0.010441;,
     0.010218;0.015285;-0.003965;,
     0.010218;0.012564;0.008665;,
     0.010218;0.007414;0.016686;,
     0.010218;-0.000260;0.032852;,
     0.010218;0.045269;-0.004445;,
     0.005109;0.160391;-0.033998;,
     0.012416;0.160389;-0.033932;,
     0.007203;0.168256;-0.040595;,
     0.007203;0.168256;-0.040595;,
     0.012416;0.031507;-0.033995;,
     0.007203;0.025633;-0.040595;,
     0.010842;0.155151;-0.019628;,
     0.012416;0.155151;-0.019628;,
     0.005109;0.155151;-0.019628;,
     0.012416;0.054441;-0.009600;,
     0.010331;0.116426;-0.009548;,
     0.010842;0.155151;-0.019628;,
     0.010331;0.151259;-0.009510;,
     0.010331;0.121019;-0.019603;,
     0.010218;0.035182;0.027630;,
     0.012416;-0.003356;-0.019557;,
     0.012416;0.005989;-0.019561;,
     0.012416;0.111268;-0.009548;,
     0.007203;0.111348;-0.003575;,
     0.000000;0.168256;-0.003575;,
     0.012416;0.155151;-0.019628;,
     0.012416;0.115862;-0.019603;,
     0.010331;0.151259;-0.009510;,
     0.007203;0.150114;-0.003575;,
     0.005109;0.042533;0.028889;,
     -0.000000;0.044380;0.030702;,
     0.004095;0.049372;0.020167;,
     -0.000000;0.049372;0.019090;,
     0.003142;0.054537;0.021926;,
     -0.000000;0.054537;0.020849;,
     0.003142;0.053348;0.025903;,
     -0.000000;0.053348;0.026909;,
     0.002120;0.080426;0.021683;,
     -0.000000;0.080426;0.021683;,
     0.002120;0.081775;0.023901;,
     -0.000000;0.081775;0.023901;,
     0.002120;0.088813;0.005653;,
     -0.000000;0.088813;0.005653;,
     0.002120;0.091530;0.005786;,
     -0.000000;0.091530;0.005786;,
     0.003291;0.085443;-0.003575;,
     -0.000000;0.082351;-0.003575;,
     -0.000000;0.096849;-0.003575;,
     -0.000000;0.082351;-0.003575;,
     0.012416;0.005643;-0.034007;,
     0.012416;0.005989;-0.019561;,
     0.012416;0.005643;-0.034007;,
     0.007203;0.008361;-0.040595;,
     0.012416;0.160389;-0.033932;,
     0.012416;0.005643;-0.034007;,
     0.012416;0.155151;-0.019628;,
     -0.012416;-0.017679;-0.010441;,
     -0.012416;-0.003356;-0.019557;,
     -0.005109;-0.016952;-0.007243;,
     -0.012416;-0.017679;-0.010441;,
     -0.005109;0.004438;-0.006495;,
     -0.005109;-0.016952;-0.007243;,
     -0.005109;0.008148;-0.001221;,
     -0.005109;0.006619;0.006152;,
     -0.005109;0.000388;0.014005;,
     -0.005109;-0.008725;0.031062;,
     -0.005109;-0.014420;0.065909;,
     -0.005109;0.033421;0.073312;,
     -0.005109;0.031712;0.061352;,
     -0.005109;0.047944;0.012657;,
     -0.007203;0.053355;-0.003575;,
     -0.003291;0.095372;-0.003575;,
     -0.000000;0.096849;-0.003575;,
     -0.007203;0.111348;-0.003575;,
     0.000000;0.168256;-0.003575;,
     -0.007203;0.168256;-0.026781;,
     -0.007203;0.168256;-0.003575;,
     -0.007203;0.025633;-0.040595;,
     -0.007203;0.168256;-0.040595;,
     -0.007203;0.010374;-0.046499;,
     -0.007203;0.008361;-0.040595;,
     -0.007203;0.010374;-0.046499;,
     -0.007203;0.168256;-0.040595;,
     -0.007203;0.168256;-0.003575;,
     -0.005109;0.155151;-0.019628;,
     -0.007203;0.150114;-0.003575;,
     -0.007203;0.168256;-0.026781;,
     -0.012416;0.115862;-0.019603;,
     -0.012416;0.160389;-0.033932;,
     -0.012416;0.049323;-0.033986;,
     -0.007203;0.008361;-0.040595;,
     -0.007203;0.025633;-0.040595;,
     -0.007203;0.010374;-0.046499;,
     -0.007203;0.025633;-0.040595;,
     -0.007203;0.168256;-0.040595;,
     -0.005109;0.160391;-0.033998;,
     -0.010218;-0.005948;0.066933;,
     -0.010218;0.027518;0.072185;,
     -0.010218;0.025096;0.059705;,
     -0.012416;0.004438;-0.009155;,
     -0.012416;-0.017679;-0.010441;,
     -0.010218;0.015285;-0.003965;,
     -0.010218;0.012564;0.008665;,
     -0.010218;0.007415;0.016686;,
     -0.010218;-0.000260;0.032852;,
     -0.010218;0.045269;-0.004445;,
     -0.005109;0.160391;-0.033998;,
     -0.007203;0.168256;-0.040595;,
     -0.012416;0.160389;-0.033932;,
     -0.007203;0.168256;-0.040595;,
     -0.007203;0.025633;-0.040595;,
     -0.012416;0.049323;-0.033986;,
     -0.005109;0.155151;-0.019628;,
     -0.010842;0.155151;-0.019628;,
     -0.012416;0.155151;-0.019628;,
     -0.012416;0.054441;-0.009600;,
     -0.010331;0.116426;-0.009548;,
     -0.010842;0.155151;-0.019628;,
     -0.010331;0.121019;-0.019603;,
     -0.010331;0.151259;-0.009510;,
     -0.010218;0.035182;0.027630;,
     -0.012416;-0.003356;-0.019557;,
     -0.012416;0.005989;-0.019561;,
     -0.012416;0.111268;-0.009548;,
     -0.007203;0.111348;-0.003575;,
     0.000000;0.168256;-0.003575;,
     -0.012416;0.155151;-0.019628;,
     -0.012416;0.115862;-0.019603;,
     -0.010331;0.151259;-0.009510;,
     -0.007203;0.150114;-0.003575;,
     -0.005109;0.042533;0.028889;,
     -0.000000;0.044380;0.030702;,
     -0.004095;0.049372;0.020167;,
     -0.003142;0.054537;0.021926;,
     -0.003142;0.053348;0.025903;,
     -0.002120;0.080426;0.021683;,
     -0.002120;0.081775;0.023901;,
     -0.002120;0.088813;0.005653;,
     -0.002120;0.091530;0.005786;,
     -0.003291;0.085443;-0.003575;,
     -0.012416;0.005643;-0.034007;,
     -0.012416;0.005643;-0.034007;,
     -0.007203;0.008361;-0.040595;,
     -0.012416;0.160389;-0.033932;,
     -0.012416;0.005643;-0.034007;,
     -0.012416;0.155151;-0.019628;;
     284;
     3;0,1,2;,
     3;1,0,3;,
     3;4,5,6;,
     3;5,4,7;,
     3;8,9,10;,
     3;9,8,11;,
     3;10,12,13;,
     3;12,10,9;,
     3;13,14,15;,
     3;14,13,12;,
     3;15,16,17;,
     3;16,15,14;,
     3;17,18,19;,
     3;18,17,16;,
     3;19,20,21;,
     3;20,19,18;,
     3;21,22,23;,
     3;22,21,20;,
     3;23,24,25;,
     3;24,23,22;,
     3;26,27,28;,
     3;27,26,29;,
     3;30,31,32;,
     3;33,34,35;,
     3;36,37,38;,
     3;37,36,39;,
     3;38,40,41;,
     3;40,38,37;,
     3;42,43,44;,
     3;43,42,45;,
     3;44,3,0;,
     3;3,44,43;,
     3;46,35,47;,
     3;48,49,50;,
     3;49,48,51;,
     3;52,53,54;,
     3;35,46,33;,
     3;55,56,57;,
     3;55,58,56;,
     3;59,58,55;,
     3;49,60,50;,
     3;61,62,63;,
     3;11,64,9;,
     3;64,11,65;,
     3;9,66,12;,
     3;66,9,64;,
     3;12,67,14;,
     3;67,12,66;,
     3;14,68,16;,
     3;68,14,67;,
     3;16,69,18;,
     3;69,16,68;,
     3;18,61,20;,
     3;61,18,69;,
     3;20,63,22;,
     3;63,20,61;,
     3;22,62,24;,
     3;62,22,63;,
     3;27,70,28;,
     3;71,72,73;,
     3;74,75,76;,
     3;50,60,59;,
     3;72,77,78;,
     3;72,79,77;,
     3;72,71,79;,
     3;28,70,80;,
     3;81,82,83;,
     3;82,81,84;,
     3;70,67,66;,
     3;62,69,85;,
     3;86,64,65;,
     3;64,86,87;,
     3;88,28,80;,
     3;28,88,89;,
     3;90,51,48;,
     3;91,84,92;,
     3;84,91,82;,
     3;92,81,88;,
     3;81,92,84;,
     3;88,81,89;,
     3;81,51,89;,
     3;51,81,83;,
     3;93,79,94;,
     3;79,93,77;,
     3;85,27,95;,
     3;27,85,70;,
     3;85,24,62;,
     3;24,85,95;,
     3;24,96,25;,
     3;96,24,95;,
     3;29,97,27;,
     3;97,29,98;,
     3;27,97,95;,
     3;98,99,97;,
     3;99,98,100;,
     3;97,101,95;,
     3;101,97,99;,
     3;95,102,96;,
     3;102,95,101;,
     3;100,103,99;,
     3;103,100,104;,
     3;99,105,101;,
     3;105,99,103;,
     3;101,106,102;,
     3;106,101,105;,
     3;104,107,103;,
     3;107,104,108;,
     3;103,109,105;,
     3;109,103,107;,
     3;105,110,106;,
     3;110,105,109;,
     3;108,111,107;,
     3;111,108,112;,
     3;107,31,109;,
     3;31,107,111;,
     3;109,113,110;,
     3;113,109,31;,
     3;28,114,26;,
     3;114,28,111;,
     3;31,89,32;,
     3;111,89,31;,
     3;89,111,28;,
     3;66,87,80;,
     3;115,116,86;,
     3;80,92,88;,
     3;76,117,118;,
     3;117,76,75;,
     3;53,52,116;,
     3;67,85,68;,
     3;67,70,85;,
     3;66,80,70;,
     3;87,66,64;,
     3;53,116,115;,
     3;80,87,92;,
     3;85,69,68;,
     3;62,61,69;,
     3;75,74,119;,
     3;120,3,43;,
     3;52,54,121;,
     3;0,122,123;,
     3;122,0,2;,
     3;4,124,125;,
     3;124,4,6;,
     3;8,126,127;,
     3;126,8,10;,
     3;10,128,126;,
     3;128,10,13;,
     3;13,129,128;,
     3;129,13,15;,
     3;15,130,129;,
     3;130,15,17;,
     3;17,131,130;,
     3;131,17,19;,
     3;19,132,131;,
     3;132,19,21;,
     3;21,133,132;,
     3;133,21,23;,
     3;23,134,133;,
     3;134,23,25;,
     3;26,135,29;,
     3;135,26,136;,
     3;137,138,139;,
     3;140,141,142;,
     3;36,143,144;,
     3;143,36,38;,
     3;38,145,143;,
     3;145,38,41;,
     3;42,146,147;,
     3;146,42,44;,
     3;44,123,146;,
     3;123,44,0;,
     3;141,46,148;,
     3;149,150,151;,
     3;150,149,152;,
     3;153,154,155;,
     3;141,140,46;,
     3;156,157,158;,
     3;159,157,156;,
     3;160,157,159;,
     3;150,152,161;,
     3;162,163,164;,
     3;127,165,166;,
     3;165,127,126;,
     3;126,167,165;,
     3;167,126,128;,
     3;128,168,167;,
     3;168,128,129;,
     3;129,169,168;,
     3;169,129,130;,
     3;130,170,169;,
     3;170,130,131;,
     3;131,162,170;,
     3;162,131,132;,
     3;132,163,162;,
     3;163,132,133;,
     3;133,164,163;,
     3;164,133,134;,
     3;135,136,171;,
     3;172,173,174;,
     3;175,176,177;,
     3;152,160,161;,
     3;174,178,172;,
     3;174,179,178;,
     3;174,180,179;,
     3;136,181,171;,
     3;182,183,184;,
     3;183,182,185;,
     3;171,167,168;,
     3;164,186,170;,
     3;165,187,166;,
     3;187,165,188;,
     3;189,136,190;,
     3;136,189,181;,
     3;151,191,149;,
     3;192,184,183;,
     3;184,192,193;,
     3;193,182,184;,
     3;182,193,189;,
     3;189,190,182;,
     3;182,151,185;,
     3;151,182,190;,
     3;194,178,179;,
     3;178,194,195;,
     3;186,135,171;,
     3;135,186,196;,
     3;186,134,196;,
     3;134,186,164;,
     3;134,197,196;,
     3;197,134,25;,
     3;29,198,98;,
     3;198,29,135;,
     3;135,196,198;,
     3;98,199,100;,
     3;199,98,198;,
     3;198,200,199;,
     3;200,198,196;,
     3;196,102,200;,
     3;102,196,197;,
     3;100,201,104;,
     3;201,100,199;,
     3;199,202,201;,
     3;202,199,200;,
     3;200,106,202;,
     3;106,200,102;,
     3;104,203,108;,
     3;203,104,201;,
     3;201,204,203;,
     3;204,201,202;,
     3;202,110,204;,
     3;110,202,106;,
     3;108,205,112;,
     3;205,108,203;,
     3;203,137,205;,
     3;137,203,204;,
     3;204,113,137;,
     3;113,204,110;,
     3;136,114,205;,
     3;114,136,26;,
     3;137,139,190;,
     3;205,190,136;,
     3;190,205,137;,
     3;165,181,188;,
     3;206,187,188;,
     3;181,189,193;,
     3;176,207,177;,
     3;207,176,208;,
     3;153,155,188;,
     3;168,169,186;,
     3;168,186,171;,
     3;167,181,165;,
     3;181,167,171;,
     3;155,206,188;,
     3;181,193,188;,
     3;186,169,170;,
     3;164,170,162;,
     3;177,209,175;,
     3;210,146,123;,
     3;153,211,154;,
     3;51,32,89;,
     3;51,30,32;,
     3;51,90,30;,
     3;138,190,139;,
     3;138,151,190;,
     3;191,151,138;;

     MeshNormals {
      212;
      0.000000;-0.720773;-0.693171;,
      0.040244;-0.511403;-0.858398;,
      -0.000000;-0.495166;-0.868798;,
      0.015765;-0.725141;-0.688419;,
      -0.000000;-0.939393;0.342842;,
      0.031830;-0.945288;0.324681;,
      -0.000000;-0.931803;0.362964;,
      0.042104;-0.949110;0.312117;,
      -0.000000;-0.046762;0.998906;,
      0.428381;-0.362483;0.827705;,
      -0.000000;-0.488277;0.872689;,
      0.202545;-0.043084;0.978325;,
      0.677337;-0.723656;0.132427;,
      -0.000000;-0.980389;0.197072;,
      0.603397;-0.732235;-0.315824;,
      -0.000000;-0.906995;-0.421142;,
      0.566196;-0.692975;-0.446327;,
      0.000000;-0.845733;-0.533606;,
      0.591525;-0.762633;-0.261704;,
      0.000000;-0.950147;-0.311803;,
      0.493377;-0.697832;0.519240;,
      -0.000000;-0.846255;0.532777;,
      0.508298;0.481191;0.714204;,
      0.000000;0.816858;0.576840;,
      0.721249;0.691329;0.043166;,
      0.000000;0.997436;0.071558;,
      0.000000;0.503015;0.864278;,
      0.632233;0.758639;0.157318;,
      0.637847;0.360557;0.680551;,
      0.000000;0.992419;0.122898;,
      -0.000000;0.415141;0.909757;,
      0.321854;0.244969;0.914549;,
      -0.000303;-0.000009;1.000000;,
      0.000000;1.000000;-0.000000;,
      -0.000004;1.000000;-0.000000;,
      -0.000002;1.000000;0.000000;,
      0.000000;-0.000000;-1.000000;,
      0.000000;0.183551;-0.983010;,
      0.000000;0.183551;-0.983010;,
      0.000002;-0.000000;-1.000000;,
      0.000000;0.360866;-0.932618;,
      -0.000000;0.360866;-0.932618;,
      -0.000000;-0.946533;-0.322607;,
      0.025220;-0.904937;-0.424797;,
      -0.000000;-0.913771;-0.406230;,
      -0.000001;-0.946533;-0.322606;,
      0.000000;1.000000;-0.000000;,
      0.000000;1.000000;-0.000001;,
      0.731275;-0.050940;0.680177;,
      0.991413;-0.117052;-0.058297;,
      0.979535;-0.199354;-0.027723;,
      0.594203;-0.000167;0.804315;,
      1.000000;-0.000000;0.000000;,
      1.000000;-0.000000;0.000000;,
      1.000000;-0.000000;0.000000;,
      -0.600138;-0.000000;-0.799897;,
      1.000000;-0.000000;-0.000278;,
      1.000000;-0.000000;-0.000000;,
      0.000000;0.000000;-1.000000;,
      0.966328;-0.257315;0.000000;,
      0.972847;-0.229142;-0.032594;,
      0.751264;-0.295481;0.590164;,
      0.961238;0.274645;0.024302;,
      0.756561;0.241025;0.607883;,
      0.860163;-0.030505;0.509106;,
      0.668237;-0.043184;0.742694;,
      0.970376;-0.180624;0.160456;,
      0.955855;-0.271712;-0.111868;,
      0.948587;-0.270915;-0.163673;,
      0.956886;-0.274532;-0.094873;,
      0.938435;0.138351;0.316542;,
      -0.004830;0.828899;0.559377;,
      -0.004099;0.845810;0.533469;,
      -0.006744;0.643674;0.765270;,
      0.787545;0.000279;-0.616258;,
      0.784759;0.000099;-0.619801;,
      0.784591;0.000172;-0.620014;,
      -0.000000;0.937185;0.348833;,
      0.000000;0.939002;0.343912;,
      0.018602;0.939412;0.342286;,
      0.944647;0.029065;0.326799;,
      0.926322;0.169198;0.336600;,
      0.592994;-0.001338;0.805206;,
      0.973117;-0.000252;0.230310;,
      0.721348;0.095157;0.686005;,
      0.954421;0.283515;0.093271;,
      1.000000;-0.000000;-0.000000;,
      0.998302;0.032406;0.048402;,
      0.920264;0.144325;0.363709;,
      0.891257;0.072091;-0.447731;,
      0.000000;0.000000;1.000000;,
      0.000060;0.000717;1.000000;,
      0.944703;0.233575;0.230170;,
      0.142098;0.946245;0.290565;,
      0.173649;0.945882;0.274141;,
      0.750394;0.572161;0.330969;,
      0.000000;0.738784;0.673942;,
      0.825819;0.518831;-0.220993;,
      0.000000;0.851241;-0.524775;,
      0.830384;0.164389;-0.532389;,
      -0.000000;0.171896;-0.985115;,
      0.791340;0.201893;0.577079;,
      0.000000;0.227783;0.973712;,
      0.844605;-0.249972;-0.473452;,
      -0.000000;-0.504056;-0.863671;,
      0.607744;0.438049;0.662389;,
      -0.000000;0.543656;0.839308;,
      0.798104;-0.602216;0.019102;,
      0.000000;-0.999208;-0.039798;,
      0.683136;0.618574;0.388189;,
      -0.000000;0.875012;0.484101;,
      0.394991;-0.219904;0.891978;,
      -0.000000;-0.256400;0.966571;,
      -0.000000;0.415141;0.909757;,
      -0.000000;-0.256400;0.966571;,
      1.000000;-0.000000;0.000000;,
      1.000000;-0.000000;0.000000;,
      0.784301;0.000096;-0.620380;,
      0.784159;-0.000000;-0.620560;,
      0.787771;0.000301;-0.615969;,
      0.219810;-0.828104;-0.515682;,
      1.000000;-0.000000;0.000000;,
      -0.040243;-0.511403;-0.858398;,
      -0.015765;-0.725142;-0.688419;,
      -0.031830;-0.945288;0.324681;,
      -0.042104;-0.949110;0.312118;,
      -0.428381;-0.362483;0.827705;,
      -0.202545;-0.043083;0.978325;,
      -0.677337;-0.723656;0.132427;,
      -0.603397;-0.732235;-0.315824;,
      -0.566196;-0.692975;-0.446327;,
      -0.591525;-0.762633;-0.261704;,
      -0.493377;-0.697832;0.519240;,
      -0.508298;0.481192;0.714204;,
      -0.721249;0.691330;0.043166;,
      -0.632232;0.758639;0.157318;,
      -0.637847;0.360557;0.680551;,
      -0.321813;0.244956;0.914567;,
      -0.000000;0.415141;0.909757;,
      0.108611;-0.993742;0.026078;,
      0.000000;1.000000;-0.000000;,
      0.000002;1.000000;0.000000;,
      0.000004;1.000000;-0.000000;,
      0.000000;0.183551;-0.983010;,
      -0.000002;-0.000000;-1.000000;,
      -0.000000;0.360866;-0.932618;,
      -0.025221;-0.904937;-0.424798;,
      -0.000000;-0.946533;-0.322607;,
      0.000000;1.000000;-0.000001;,
      -0.731275;-0.050940;0.680178;,
      -0.991413;-0.117051;-0.058297;,
      -0.594153;-0.000167;0.804352;,
      -0.979535;-0.199354;-0.027723;,
      -1.000000;0.000000;0.000000;,
      -1.000000;0.000000;-0.000000;,
      -1.000000;0.000000;0.000000;,
      -1.000000;0.000000;0.000218;,
      0.705331;0.000000;0.708878;,
      -1.000000;0.000000;-0.000000;,
      0.832050;-0.000000;0.554700;,
      -0.966328;-0.257314;0.000000;,
      -0.972847;-0.229141;-0.032594;,
      -0.751264;-0.295481;0.590164;,
      -0.756561;0.241025;0.607883;,
      -0.961238;0.274645;0.024302;,
      -0.846941;-0.094857;0.523156;,
      -0.668237;-0.043183;0.742694;,
      -0.945516;-0.187578;0.266108;,
      -0.955855;-0.271712;-0.111868;,
      -0.948587;-0.270914;-0.163673;,
      -0.956887;-0.274531;-0.094873;,
      -0.938435;0.138351;0.316542;,
      0.004830;0.828899;0.559377;,
      0.006744;0.643674;0.765270;,
      0.004099;0.845810;0.533469;,
      -0.787545;0.000276;-0.616258;,
      -0.784609;0.000232;-0.619992;,
      -0.785140;0.000040;-0.619319;,
      -0.018602;0.939412;0.342286;,
      0.000000;0.937185;0.348833;,
      0.000000;0.939002;0.343912;,
      -0.944583;0.031068;0.326799;,
      -0.926322;0.169198;0.336600;,
      -0.592994;-0.001338;0.805206;,
      -0.721345;0.095157;0.686008;,
      -0.973117;-0.000252;0.230311;,
      -0.954421;0.283516;0.093271;,
      -1.000000;0.000000;-0.000000;,
      -1.000000;0.000000;-0.000000;,
      -0.920264;0.144325;0.363709;,
      -0.420911;0.029251;0.906630;,
      0.000000;0.000000;1.000000;,
      -0.000060;0.000717;1.000000;,
      -0.944703;0.233576;0.230171;,
      -0.142098;0.946245;0.290565;,
      -0.173648;0.945882;0.274141;,
      -0.750394;0.572161;0.330969;,
      0.000000;0.738784;0.673942;,
      -0.825818;0.518832;-0.220993;,
      -0.830384;0.164389;-0.532389;,
      -0.791340;0.201893;0.577079;,
      -0.844605;-0.249972;-0.473452;,
      -0.607745;0.438049;0.662389;,
      -0.798105;-0.602216;0.019102;,
      -0.683136;0.618575;0.388189;,
      -0.394991;-0.219904;0.891978;,
      -1.000000;0.000000;0.000000;,
      -0.784301;0.000096;-0.620380;,
      -0.784159;-0.000000;-0.620560;,
      -0.787771;0.000302;-0.615969;,
      -0.219811;-0.828103;-0.515682;,
      -1.000000;0.000000;-0.000000;;
      284;
      3;0,1,2;,
      3;1,0,3;,
      3;4,5,6;,
      3;5,4,7;,
      3;8,9,10;,
      3;9,8,11;,
      3;10,12,13;,
      3;12,10,9;,
      3;13,14,15;,
      3;14,13,12;,
      3;15,16,17;,
      3;16,15,14;,
      3;17,18,19;,
      3;18,17,16;,
      3;19,20,21;,
      3;20,19,18;,
      3;21,22,23;,
      3;22,21,20;,
      3;23,24,25;,
      3;24,23,22;,
      3;26,27,28;,
      3;27,26,29;,
      3;30,31,32;,
      3;33,34,35;,
      3;36,37,38;,
      3;37,36,39;,
      3;38,40,41;,
      3;40,38,37;,
      3;42,43,44;,
      3;43,42,45;,
      3;44,3,0;,
      3;3,44,43;,
      3;46,35,47;,
      3;48,49,50;,
      3;49,48,51;,
      3;52,53,54;,
      3;35,46,33;,
      3;55,56,57;,
      3;55,58,56;,
      3;59,58,55;,
      3;49,60,50;,
      3;61,62,63;,
      3;11,64,9;,
      3;64,11,65;,
      3;9,66,12;,
      3;66,9,64;,
      3;12,67,14;,
      3;67,12,66;,
      3;14,68,16;,
      3;68,14,67;,
      3;16,69,18;,
      3;69,16,68;,
      3;18,61,20;,
      3;61,18,69;,
      3;20,63,22;,
      3;63,20,61;,
      3;22,62,24;,
      3;62,22,63;,
      3;27,70,28;,
      3;71,72,73;,
      3;74,75,76;,
      3;50,60,59;,
      3;72,77,78;,
      3;72,79,77;,
      3;72,71,79;,
      3;28,70,80;,
      3;81,82,83;,
      3;82,81,84;,
      3;70,67,66;,
      3;62,69,85;,
      3;86,64,65;,
      3;64,86,87;,
      3;88,28,80;,
      3;28,88,89;,
      3;90,51,48;,
      3;91,84,92;,
      3;84,91,82;,
      3;92,81,88;,
      3;81,92,84;,
      3;88,81,89;,
      3;81,51,89;,
      3;51,81,83;,
      3;93,79,94;,
      3;79,93,77;,
      3;85,27,95;,
      3;27,85,70;,
      3;85,24,62;,
      3;24,85,95;,
      3;24,96,25;,
      3;96,24,95;,
      3;29,97,27;,
      3;97,29,98;,
      3;27,97,95;,
      3;98,99,97;,
      3;99,98,100;,
      3;97,101,95;,
      3;101,97,99;,
      3;95,102,96;,
      3;102,95,101;,
      3;100,103,99;,
      3;103,100,104;,
      3;99,105,101;,
      3;105,99,103;,
      3;101,106,102;,
      3;106,101,105;,
      3;104,107,103;,
      3;107,104,108;,
      3;103,109,105;,
      3;109,103,107;,
      3;105,110,106;,
      3;110,105,109;,
      3;108,111,107;,
      3;111,108,112;,
      3;107,31,109;,
      3;31,107,111;,
      3;109,113,110;,
      3;113,109,31;,
      3;28,114,26;,
      3;114,28,111;,
      3;31,89,32;,
      3;111,89,31;,
      3;89,111,28;,
      3;66,87,80;,
      3;115,116,86;,
      3;80,92,88;,
      3;76,117,118;,
      3;117,76,75;,
      3;53,52,116;,
      3;67,85,68;,
      3;67,70,85;,
      3;66,80,70;,
      3;87,66,64;,
      3;53,116,115;,
      3;80,87,92;,
      3;85,69,68;,
      3;62,61,69;,
      3;75,74,119;,
      3;120,3,43;,
      3;52,54,121;,
      3;0,122,123;,
      3;122,0,2;,
      3;4,124,125;,
      3;124,4,6;,
      3;8,126,127;,
      3;126,8,10;,
      3;10,128,126;,
      3;128,10,13;,
      3;13,129,128;,
      3;129,13,15;,
      3;15,130,129;,
      3;130,15,17;,
      3;17,131,130;,
      3;131,17,19;,
      3;19,132,131;,
      3;132,19,21;,
      3;21,133,132;,
      3;133,21,23;,
      3;23,134,133;,
      3;134,23,25;,
      3;26,135,29;,
      3;135,26,136;,
      3;137,138,139;,
      3;140,141,142;,
      3;36,143,144;,
      3;143,36,38;,
      3;38,145,143;,
      3;145,38,41;,
      3;42,146,147;,
      3;146,42,44;,
      3;44,123,146;,
      3;123,44,0;,
      3;141,46,148;,
      3;149,150,151;,
      3;150,149,152;,
      3;153,154,155;,
      3;141,140,46;,
      3;156,157,158;,
      3;159,157,156;,
      3;160,157,159;,
      3;150,152,161;,
      3;162,163,164;,
      3;127,165,166;,
      3;165,127,126;,
      3;126,167,165;,
      3;167,126,128;,
      3;128,168,167;,
      3;168,128,129;,
      3;129,169,168;,
      3;169,129,130;,
      3;130,170,169;,
      3;170,130,131;,
      3;131,162,170;,
      3;162,131,132;,
      3;132,163,162;,
      3;163,132,133;,
