xof 0303txt 0032
template ColorRGBA {
 <35ff44e0-6c7c-11cf-8f52-0040333594a3>
 FLOAT red;
 FLOAT green;
 FLOAT blue;
 FLOAT alpha;
}

template ColorRGB {
 <d3e16e81-7835-11cf-8f52-0040333594a3>
 FLOAT red;
 FLOAT green;
 FLOAT blue;
}

template Material {
 <3d82ab4d-62da-11cf-ab39-0020af71e433>
 ColorRGBA faceColor;
 FLOAT power;
 ColorRGB specularColor;
 ColorRGB emissiveColor;
 [...]
}

template TextureFilename {
 <a42790e1-7810-11cf-8f52-0040333594a3>
 STRING filename;
}

template Frame {
 <3d82ab46-62da-11cf-ab39-0020af71e433>
 [...]
}

template Matrix4x4 {
 <f6f23f45-7686-11cf-8f52-0040333594a3>
 array FLOAT matrix[16];
}

template FrameTransformMatrix {
 <f6f23f41-7686-11cf-8f52-0040333594a3>
 Matrix4x4 frameMatrix;
}

template Vector {
 <3d82ab5e-62da-11cf-ab39-0020af71e433>
 FLOAT x;
 FLOAT y;
 FLOAT z;
}

template MeshFace {
 <3d82ab5f-62da-11cf-ab39-0020af71e433>
 DWORD nFaceVertexIndices;
 array DWORD faceVertexIndices[nFaceVertexIndices];
}

template Mesh {
 <3d82ab44-62da-11cf-ab39-0020af71e433>
 DWORD nVertices;
 array Vector vertices[nVertices];
 DWORD nFaces;
 array MeshFace faces[nFaces];
 [...]
}

template MeshMaterialList {
 <f6f23f42-7686-11cf-8f52-0040333594a3>
 DWORD nMaterials;
 DWORD nFaceIndexes;
 array DWORD faceIndexes[nFaceIndexes];
 [Material <3d82ab4d-62da-11cf-ab39-0020af71e433>]
}

template VertexElement {
 <f752461c-1e23-48f6-b9f8-8350850f336f>
 DWORD Type;
 DWORD Method;
 DWORD Usage;
 DWORD UsageIndex;
}

template DeclData {
 <bf22e553-292c-4781-9fea-62bd554bdd93>
 DWORD nElements;
 array VertexElement Elements[nElements];
 DWORD nDWords;
 array DWORD data[nDWords];
}

template XSkinMeshHeader {
 <3cf169ce-ff7c-44ab-93c0-f78f62d172e2>
 WORD nMaxSkinWeightsPerVertex;
 WORD nMaxSkinWeightsPerFace;
 WORD nBones;
}

template SkinWeights {
 <6f0d123b-bad2-4167-a0d0-80224f25fabb>
 STRING transformNodeName;
 DWORD nWeights;
 array DWORD vertexIndices[nWeights];
 array FLOAT weights[nWeights];
 Matrix4x4 matrixOffset;
}

template AnimTicksPerSecond {
 <9e415a43-7ba6-4a73-8743-b73d47e88476>
 DWORD AnimTicksPerSecond;
}

template Animation {
 <3d82ab4f-62da-11cf-ab39-0020af71e433>
 [...]
}

template AnimationSet {
 <3d82ab50-62da-11cf-ab39-0020af71e433>
 [Animation <3d82ab4f-62da-11cf-ab39-0020af71e433>]
}

template FloatKeys {
 <10dd46a9-775b-11cf-8f52-0040333594a3>
 DWORD nValues;
 array FLOAT values[nValues];
}

template TimedFloatKeys {
 <f406b180-7b3b-11cf-8f52-0040333594a3>
 DWORD time;
 FloatKeys tfkeys;
}

template AnimationKey {
 <10dd46a8-775b-11cf-8f52-0040333594a3>
 DWORD keyType;
 DWORD nKeys;
 array TimedFloatKeys keys[nKeys];
}


Material _03_-_Default {
 1.000000;1.000000;1.000000;1.000000;;
 9.999999;
 0.000000;0.000000;0.000000;;
 0.000000;0.000000;0.000000;;

 TextureFilename {
  "MaleBody_full.png";
 }
}

Frame Dummy01 {
 

 FrameTransformMatrix {
  1.000000,0.000000,0.000000,0.000000,0.000000,-0.000000,-1.000000,0.000000,0.000000,1.000000,-0.000000,0.000000,0.000000,0.000000,0.000000,1.000000;;
 }

 Frame Bip01 {
  

  FrameTransformMatrix {
   -0.342528,0.937267,-0.064841,0.000000,-0.056497,0.048343,0.997232,0.000000,0.937807,0.345244,0.036394,0.000000,-0.040390,-0.065696,0.443928,1.000000;;
  }

  Frame Bip01_Pelvis {
   

   FrameTransformMatrix {
    -0.008703,0.999025,0.043284,0.000000,0.048759,-0.042810,0.997893,0.000000,0.998773,0.010795,-0.048339,0.000000,0.000000,0.000000,0.000000,1.000000;;
   }

   Frame Bip01_Spine {
    

    FrameTransformMatrix {
     0.871338,0.089140,0.482519,0.000000,-0.073181,0.995970,-0.051844,0.000000,-0.485196,0.009863,0.874350,0.000000,0.051624,-0.002211,0.000483,1.000000;;
    }

    Frame Bip01_Spine1 {
     

     FrameTransformMatrix {
      0.883570,0.204325,0.421372,0.000000,-0.196073,0.978540,-0.063356,0.000000,-0.425275,-0.026641,0.904672,0.000000,0.106516,0.000002,-0.000077,1.000000;;
     }

     Frame Bip01_Neck {
      

      FrameTransformMatrix {
       0.995150,0.092311,-0.033976,0.000000,-0.098249,0.949621,-0.297603,0.000000,0.004792,0.299498,0.954085,0.000000,0.130504,-0.000008,0.004626,1.000000;;
      }

      Frame Bip01_Head {
       

       FrameTransformMatrix {
        0.796400,-0.036454,-0.603670,0.000000,0.063424,0.997712,0.023424,0.000000,0.601435,-0.056942,0.796890,0.000000,0.033674,0.000000,-0.000000,1.000000;;
       }

       Frame Bip01_HeadNub {
        

        FrameTransformMatrix {
         1.000000,0.000000,0.000000,0.000000,-0.000000,1.000000,-0.000000,0.000000,-0.000000,0.000000,1.000000,0.000000,0.169824,-0.000000,0.000000,1.000000;;
        }
       }
      }

      Frame Bip01_L_Clavicle {
       

       FrameTransformMatrix {
        -0.148155,0.971395,0.185586,0.000000,0.988702,0.141161,0.050424,0.000000,0.022784,0.190960,-0.981333,0.000000,-0.022299,0.018668,0.000180,1.000000;;
       }

       Frame Bip01_L_UpperArm {
        

        FrameTransformMatrix {
         0.682590,-0.673417,-0.283867,0.000000,0.730507,0.617702,0.291212,0.000000,-0.020762,-0.406145,0.913573,0.000000,0.087086,-0.000000,0.000000,1.000000;;
        }

        Frame Bip01_L_Forearm {
         

         FrameTransformMatrix {
          -0.369009,-0.000000,-0.929426,0.000000,0.000000,1.000000,-0.000000,0.000000,0.929426,0.000000,-0.369009,0.000000,0.137062,0.000000,0.000000,1.000000;;
         }

         Frame Bip01_L_Hand {
          

          FrameTransformMatrix {
           0.981523,0.087999,-0.169907,0.000000,0.114492,-0.981568,0.153020,0.000000,-0.153310,-0.169646,-0.973507,0.000000,0.137062,-0.000000,0.000000,1.000000;;
          }

          Frame Bip01_L_Finger0 {
           

           FrameTransformMatrix {
            0.766355,-0.625415,0.146824,0.000000,0.606740,0.629532,-0.485341,0.000000,0.211109,0.461028,0.861909,0.000000,0.057681,-0.023605,-0.000272,1.000000;;
           }

           Frame Bip01_L_Finger0Nub {
            

            FrameTransformMatrix {
             1.000000,0.000000,-0.000000,0.000000,0.000000,1.000000,0.000000,0.000000,0.000000,0.000000,1.000000,0.000000,0.029435,0.000000,0.000000,1.000000;;
            }
           }
          }

          Frame Bip01_L_Finger1 {
           

           FrameTransformMatrix {
            -0.009259,0.023005,0.999692,0.000000,-0.274988,0.961131,-0.024665,0.000000,-0.961403,-0.275131,-0.002573,0.000000,0.084102,0.000000,0.000000,1.000000;;
           }

           Frame Bip01_L_Finger1Nub {
            

            FrameTransformMatrix {
             1.000000,0.000000,-0.000000,0.000000,0.000000,1.000000,-0.000000,0.000000,0.000000,0.000000,1.000000,0.000000,0.047988,-0.000000,0.000000,1.000000;;
            }
           }
          }
         }
        }
       }
      }

      Frame Bip01_R_Clavicle {
       

       FrameTransformMatrix {
        -0.132179,-0.939740,-0.315304,0.000000,-0.990617,0.136379,0.008810,0.000000,0.034722,0.313510,-0.948950,0.000000,-0.025201,-0.011178,-0.009233,1.000000;;
       }

       Frame Bip01_R_UpperArm {
        

        FrameTransformMatrix {
         0.240310,0.953244,-0.183239,0.000000,-0.884733,0.292756,0.362686,0.000000,0.399373,0.074961,0.913719,0.000000,0.087086,0.000000,-0.000000,1.000000;;
        }

        Frame Bip01_R_Forearm {
         

         FrameTransformMatrix {
          -0.339152,0.000000,-0.940732,0.000000,0.000000,1.000000,-0.000000,0.000000,0.940732,0.000000,-0.339152,0.000000,0.137062,0.000000,-0.000000,1.000000;;
         }

         Frame Bip01_R_Hand {
          

          FrameTransformMatrix {
           0.955546,-0.072979,0.285666,0.000000,0.126121,0.976939,-0.172291,0.000000,-0.266504,0.200661,0.942715,0.000000,0.137062,0.000000,0.000000,1.000000;;
          }

          Frame Bip01_R_Finger0 {
           

           FrameTransformMatrix {
            0.832694,0.347861,0.430829,0.000000,-0.536290,0.700379,0.471023,0.000000,-0.137893,-0.623268,0.769756,0.000000,0.057681,0.023605,-0.000272,1.000000;;
           }

           Frame Bip01_R_Finger0Nub {
            

            FrameTransformMatrix {
             -1.000000,0.000000,-0.000000,0.000000,0.000000,1.000001,0.000000,0.000000,0.000000,-0.000000,-1.000000,0.000000,0.029435,-0.000000,0.000000,1.000000;;
            }
           }
          }

          Frame Bip01_R_Finger1 {
           

           FrameTransformMatrix {
            -0.030598,0.000796,0.999531,0.000000,0.000000,1.000000,-0.000796,0.000000,-0.999531,-0.000024,-0.030598,0.000000,0.084102,0.000000,-0.000000,1.000000;;
           }

           Frame Bip01_R_Finger1Nub {
            

            FrameTransformMatrix {
             -1.000000,0.000000,-0.000000,0.000000,0.000000,1.000000,-0.000000,0.000000,0.000000,-0.000000,-1.000000,0.000000,0.047988,0.000000,0.000000,1.000000;;
            }
           }
          }
         }
        }
       }
      }
     }

     Frame Bip01_BackPack {
      

      FrameTransformMatrix {
       -0.174826,0.237733,-0.955468,0.000000,0.110404,0.969026,0.220905,0.000000,0.978390,-0.066868,-0.195658,0.000000,0.043238,0.001401,-0.084748,1.000000;;
      }

      Frame Bip01_BackPackNub {
       

       FrameTransformMatrix {
        0.000796,0.000003,1.000000,0.000000,-0.000000,-1.000000,0.000003,0.000000,1.000000,0.000000,-0.000796,0.000000,0.053240,0.000000,0.000000,1.000000;;
       }
      }
     }
    }

    Frame Bip01_L_Thigh {
     

     FrameTransformMatrix {
      -0.222372,0.367769,0.902938,0.000000,-0.037526,-0.928668,0.369008,0.000000,0.974239,0.048174,0.220311,0.000000,-0.040095,0.061008,0.025192,1.000000;;
     }

     Frame Bip01_L_Calf {
      

      FrameTransformMatrix {
       0.705981,-0.000000,-0.708231,0.000000,-0.000000,1.000000,-0.000000,0.000000,0.708231,0.000000,0.705981,0.000000,0.237500,-0.000000,0.000000,1.000000;;
      }

      Frame Bip01_L_Foot {
       

       FrameTransformMatrix {
        0.954308,0.146733,0.260318,0.000000,-0.164924,0.985071,0.049347,0.000000,-0.249190,-0.090025,0.964261,0.000000,0.206841,0.000000,0.000000,1.000000;;
       }

       Frame Bip01_L_Toe0 {
        

        FrameTransformMatrix {
         0.132994,0.006611,0.991095,0.000000,0.009843,0.999920,-0.007991,0.000000,-0.991068,0.010818,0.132918,0.000000,0.065373,0.000000,0.066450,1.000000;;
        }

        Frame Bip01_L_Toe0Nub {
         

         FrameTransformMatrix {
          -1.000000,-0.000000,0.000000,0.000000,0.000000,1.000000,0.000000,0.000000,-0.000000,-0.000000,-1.000000,0.000000,0.006735,-0.000000,-0.000000,1.000000;;
         }
        }
       }
      }
     }
    }

    Frame Bip01_R_Thigh {
     

     FrameTransformMatrix {
      -0.652866,0.032543,0.756774,0.000000,-0.169817,-0.979934,-0.104361,0.000000,0.738193,-0.196647,0.645292,0.000000,-0.049941,-0.048998,0.024102,1.000000;;
     }

     Frame Bip01_R_Calf {
      

      FrameTransformMatrix {
       0.498707,0.000000,-0.866770,0.000000,-0.000000,1.000000,0.000000,0.000000,0.866770,0.000000,0.498707,0.000000,0.237500,0.000000,-0.000000,1.000000;;
      }

      Frame Bip01_R_Foot {
       

       FrameTransformMatrix {
        0.729765,0.062955,0.680793,0.000000,0.039313,0.990240,-0.133711,0.000000,-0.682566,0.124342,0.720168,0.000000,0.206841,0.000000,-0.000000,1.000000;;
       }

       Frame Bip01_R_Toe0 {
        

        FrameTransformMatrix {
         0.356228,-0.296812,0.886005,0.000000,0.155025,0.953840,0.257207,0.000000,-0.921449,0.045729,0.385798,0.000000,0.065373,0.000000,0.066450,1.000000;;
        }

        Frame Bip01_R_Toe0Nub {
         

         FrameTransformMatrix {
          1.000000,-0.000000,0.000000,0.000000,0.000000,1.000000,-0.000000,0.000000,0.000000,0.000000,1.000000,0.000000,0.006735,0.000000,0.000000,1.000000;;
         }
        }
       }
      }
     }
    }
   }

   Frame Bip01_DressFront {
    

    FrameTransformMatrix {
     -0.742236,0.251498,0.621156,0.000000,0.214635,0.967295,-0.135173,0.000000,-0.634837,0.032992,-0.771942,0.000000,-0.043909,0.001394,0.061054,1.000000;;
    }

    Frame Bip01_DressFront02 {
     

     FrameTransformMatrix {
      0.866064,0.000001,0.499933,0.000000,-0.000001,1.000000,-0.000000,0.000000,-0.499933,-0.000000,0.866064,0.000000,0.183390,-0.000000,-0.000114,1.000000;;
     }

     Frame Bip01_DressFrontNub {
      

      FrameTransformMatrix {
       0.000796,0.000003,1.000000,0.000000,0.000000,-1.000000,0.000003,0.000000,1.000000,0.000000,-0.000796,0.000000,0.165302,0.000000,0.000000,1.000000;;
      }
     }
    }
   }

   Frame Bip01_DressBack {
    

    FrameTransformMatrix {
     -0.776569,0.231596,0.585922,0.000000,0.474856,0.826356,0.302733,0.000000,-0.414068,0.513322,-0.751697,0.000000,-0.047674,-0.000072,-0.078314,1.000000;;
    }

    Frame Bip01_DressBack02 {
     

     FrameTransformMatrix {
      0.780396,-0.312462,0.541617,0.000000,0.260018,0.949914,0.173360,0.000000,-0.568658,0.005540,0.822555,0.000000,0.176221,-0.000001,-0.000089,1.000000;;
     }

     Frame Bip01_DressBackNub {
      

      FrameTransformMatrix {
       0.000796,0.000003,1.000000,0.000000,0.000000,-1.000000,0.000003,0.000000,1.000000,-0.000000,-0.000796,0.000000,0.136508,-0.000000,0.000000,1.000000;;
      }
     }
    }
   }
  }

  Frame Bip01_Prop1 {
   

   FrameTransformMatrix {
    0.345714,-0.929562,-0.128048,0.000000,0.108253,-0.096040,0.989474,0.000000,-0.932075,-0.355937,0.067426,0.000000,0.177555,0.010387,-0.077512,1.000000;;
   }
  }

  Frame Bip01_Prop2 {
   

   FrameTransformMatrix {
    0.628026,0.562041,0.538232,0.000000,-0.699400,0.710919,0.073717,0.000000,-0.341207,-0.422735,0.839567,0.000000,0.148909,0.036371,0.179116,1.000000;;
   }
  }
 }
}

Frame Translation_Data {
 

 FrameTransformMatrix {
  1.000000,0.000000,0.000000,0.000000,0.000000,-0.000000,-1.000000,0.000000,0.000000,1.000000,-0.000000,0.000000,0.000000,-0.000000,0.000000,1.000000;;
 }
}

Frame Body {
 

 FrameTransformMatrix {
  1.000000,0.000000,0.000000,0.000000,0.000000,1.000000,0.000000,0.000000,0.000000,0.000000,1.000000,0.000000,0.000000,0.000000,0.000000,1.000000;;
 }

 Mesh Body {
  617;
  0.000816;0.603410;-0.107071;,
  -0.036693;0.603478;-0.100628;,
  -0.038193;0.633966;-0.115863;,
  0.008352;0.587694;-0.093998;,
  0.013833;0.576396;-0.088352;,
  -0.022287;0.553803;-0.064062;,
  -0.032899;0.571073;-0.084685;,
  0.021519;0.571647;-0.055960;,
  -0.028480;0.675180;-0.113062;,
  0.025358;0.672093;-0.087457;,
  0.010608;0.654794;-0.100591;,
  -0.001929;0.685261;-0.084941;,
  0.050781;0.494575;0.066175;,
  0.019387;0.508267;0.096616;,
  0.022207;0.491628;0.104871;,
  0.042163;0.506726;0.063910;,
  0.016295;0.499624;0.016085;,
  0.036095;0.477016;0.029493;,
  -0.020811;0.491517;-0.000050;,
  0.012323;0.454210;0.011134;,
  -0.018443;0.442544;0.012149;,
  -0.076066;0.557321;-0.056164;,
  -0.073076;0.578388;-0.080473;,
  -0.020280;0.507219;0.113036;,
  -0.016556;0.487752;0.121206;,
  0.013926;0.617897;0.038662;,
  -0.035851;0.662627;0.023082;,
  -0.034408;0.628733;0.053857;,
  0.017337;0.650233;0.007147;,
  0.005621;0.435582;-0.010082;,
  0.060290;0.359025;-0.068553;,
  0.018672;0.375040;-0.084893;,
  0.046515;0.418473;0.011933;,
  0.024462;0.299815;-0.158029;,
  0.057897;0.283157;-0.123543;,
  -0.037121;0.422582;0.004439;,
  -0.007829;0.299122;-0.011070;,
  -0.002604;0.385705;0.125653;,
  -0.024871;0.350724;-0.064156;,
  0.008781;0.260792;-0.087417;,
  0.001534;0.276309;-0.123472;,
  0.069760;0.315018;-0.021981;,
  0.054473;0.374499;0.050706;,
  0.048829;0.268417;-0.088925;,
  0.078769;0.005873;-0.132969;,
  0.038788;-0.005569;-0.089350;,
  0.033906;0.007177;-0.136222;,
  0.073644;-0.005899;-0.089383;,
  0.035895;0.229584;-0.146075;,
  0.075183;0.156347;-0.120871;,
  0.044296;0.155982;-0.147825;,
  0.068885;0.230774;-0.119145;,
  0.077197;0.075729;-0.120487;,
  0.056220;0.078474;-0.148120;,
  -0.001386;0.205033;-0.121341;,
  0.015595;0.154269;-0.079019;,
  0.001298;0.217448;-0.067070;,
  0.016822;0.148431;-0.121428;,
  0.044632;0.080487;-0.095084;,
  0.040583;0.067669;-0.125160;,
  0.077249;0.160724;-0.082631;,
  0.071645;0.233958;-0.069884;,
  0.068276;0.087325;-0.095348;,
  0.044095;0.448433;0.033469;,
  -0.060761;0.434599;0.017561;,
  -0.037121;0.422582;0.004439;,
  -0.054883;0.400937;0.032343;,
  0.066847;0.446195;0.083076;,
  0.030081;0.446698;0.124669;,
  0.057534;0.389304;0.069378;,
  0.022209;0.388650;0.105612;,
  0.012844;0.572715;0.067297;,
  0.038749;0.600757;0.020065;,
  0.044172;0.591622;0.002744;,
  0.011197;0.532837;0.003092;,
  0.021538;0.560567;-0.032887;,
  0.034798;0.556369;0.038961;,
  -0.021816;0.541167;-0.046166;,
  -0.019590;0.516983;-0.009379;,
  -0.076326;0.549791;-0.040809;,
  -0.066939;0.516102;0.004165;,
  0.069178;0.585329;-0.098122;,
  0.099607;0.553752;-0.072787;,
  0.017821;0.574106;-0.086624;,
  0.075323;0.511914;-0.019956;,
  0.047351;0.528527;-0.057855;,
  0.118573;0.529567;-0.032857;,
  0.020734;0.598389;-0.030823;,
  0.047351;0.528527;-0.057855;,
  0.045848;0.564249;-0.002293;,
  0.083187;0.508115;0.014837;,
  0.075323;0.511914;-0.019956;,
  0.027488;0.606603;-0.026907;,
  0.098057;0.589783;-0.017326;,
  0.067474;0.620144;-0.042143;,
  0.126405;0.525423;0.001950;,
  0.074702;0.604680;-0.075959;,
  0.111567;0.545386;-0.049504;,
  0.058331;0.506368;-0.093745;,
  0.058872;0.526545;-0.036520;,
  0.092086;0.519502;-0.099702;,
  0.064215;0.492145;-0.132280;,
  0.079558;0.493851;-0.141195;,
  0.058872;0.526545;-0.036520;,
  0.087723;0.460847;-0.075362;,
  0.083070;0.474312;-0.011725;,
  0.058331;0.506368;-0.093745;,
  0.069162;0.463367;-0.121581;,
  0.064215;0.492145;-0.132280;,
  0.113504;0.471333;-0.079771;,
  0.135371;0.493229;-0.024719;,
  0.091109;0.461995;-0.129447;,
  0.044512;0.512931;-0.231169;,
  0.041371;0.478653;-0.185650;,
  0.060822;0.509870;-0.216729;,
  0.025620;0.481943;-0.200219;,
  0.091141;0.503297;-0.222924;,
  0.093567;0.487193;-0.226825;,
  0.087011;0.495497;-0.229846;,
  0.101526;0.498336;-0.221019;,
  0.037402;0.484773;-0.155644;,
  0.080924;0.486668;-0.197446;,
  0.031512;0.469953;-0.189430;,
  0.079523;0.507279;-0.169480;,
  0.037698;0.452641;-0.197186;,
  0.053882;0.450729;-0.154702;,
  0.098599;0.473480;-0.168300;,
  0.085500;0.468493;-0.204171;,
  0.042231;0.648363;-0.096653;,
  0.042432;0.623714;-0.113479;,
  0.010608;0.654794;-0.100591;,
  0.005504;0.631860;-0.111786;,
  0.047447;0.632965;-0.013187;,
  -0.025426;0.648672;-0.122368;,
  0.032832;0.599428;-0.109761;,
  0.008352;0.587694;-0.093998;,
  0.000816;0.603410;-0.107071;,
  0.033360;0.588254;-0.092247;,
  0.045222;0.648014;-0.054324;,
  0.015192;0.668637;-0.033296;,
  0.046308;0.646583;-0.059794;,
  -0.039250;0.680791;-0.016968;,
  -0.048351;0.688190;-0.075869;,
  0.025358;0.672093;-0.087457;,
  0.046308;0.646583;-0.059794;,
  0.021260;0.596298;-0.065577;,
  0.044195;0.634259;-0.056341;,
  0.017821;0.574106;-0.086624;,
  0.040514;0.606905;-0.029378;,
  0.024223;0.580639;-0.044965;,
  0.013833;0.576396;-0.088352;,
  0.050017;0.619410;-0.023673;,
  0.079523;0.507279;-0.169480;,
  -0.026390;0.676998;-0.129177;,
  -0.035989;0.691051;-0.113949;,
  -0.055380;0.685632;-0.107869;,
  -0.062160;0.697522;-0.109416;,
  0.085500;0.468493;-0.204171;,
  0.044512;0.512931;-0.231169;,
  0.025620;0.481943;-0.200219;,
  0.083902;0.510246;-0.205675;,
  0.102662;0.492783;-0.201927;,
  0.083902;0.510246;-0.205675;,
  0.078255;0.495163;-0.213252;,
  0.088821;0.475378;-0.203118;,
  0.088821;0.475378;-0.203118;,
  0.091141;0.503297;-0.222924;,
  0.101526;0.498336;-0.221019;,
  0.093567;0.487193;-0.226825;,
  0.085905;0.046654;-0.201510;,
  0.055876;0.037713;-0.250530;,
  0.054651;0.053793;-0.238730;,
  0.091342;0.027587;-0.214072;,
  0.035432;0.029493;-0.090974;,
  0.033906;0.007177;-0.136222;,
  0.038788;-0.005569;-0.089350;,
  0.032776;0.031950;-0.132203;,
  0.044632;0.080487;-0.095084;,
  0.077000;0.032100;-0.090428;,
  0.068276;0.087325;-0.095348;,
  0.078769;0.005873;-0.132969;,
  0.073644;-0.005899;-0.089383;,
  0.080247;0.040250;-0.126283;,
  0.056220;0.078474;-0.148120;,
  0.077197;0.075729;-0.120487;,
  0.027038;0.048450;-0.229604;,
  0.020843;0.035391;-0.240663;,
  0.091342;0.027587;-0.214072;,
  0.020843;0.035391;-0.240663;,
  -0.024871;0.350724;-0.064156;,
  0.001534;0.276309;-0.123472;,
  -0.001386;0.205033;-0.121341;,
  0.016822;0.148431;-0.121428;,
  0.040583;0.067669;-0.125160;,
  0.040583;0.067669;-0.125160;,
  -0.035137;0.391261;0.079463;,
  -0.015457;0.673535;-0.147038;,
  -0.032868;0.658328;-0.160814;,
  -0.024041;0.664273;-0.164390;,
  -0.033978;0.663941;-0.141066;,
  -0.023381;0.698596;-0.130090;,
  -0.031393;0.713956;-0.113285;,
  -0.043972;0.801813;-0.198589;,
  -0.063601;0.786110;-0.222057;,
  -0.063719;0.805950;-0.199752;,
  -0.028860;0.724478;-0.223873;,
  -0.045816;0.721256;-0.229774;,
  -0.032929;0.753904;-0.224432;,
  -0.018473;0.682701;-0.173657;,
  -0.010535;0.701124;-0.151688;,
  -0.017172;0.686937;-0.141909;,
  -0.009890;0.739673;-0.145579;,
  -0.009618;0.742555;-0.169945;,
  -0.019589;0.765556;-0.210972;,
  -0.010897;0.775853;-0.186508;,
  -0.013849;0.730367;-0.193946;,
  -0.012516;0.748099;-0.131280;,
  -0.023424;0.761854;-0.114251;,
  -0.062523;0.765573;-0.103613;,
  -0.030407;0.802550;-0.139695;,
  -0.063264;0.807015;-0.130290;,
  -0.013034;0.709052;-0.186168;,
  -0.027718;0.669252;-0.183908;,
  -0.027447;0.697001;-0.206769;,
  -0.041917;0.642095;-0.187629;,
  -0.061307;0.640069;-0.174724;,
  -0.061387;0.635702;-0.195409;,
  -0.037688;0.774946;-0.221807;,
  -0.024139;0.792383;-0.195259;,
  -0.015269;0.794549;-0.157010;,
  -0.029082;0.808297;-0.170503;,
  -0.046381;0.815230;-0.165954;,
  -0.063640;0.817832;-0.164288;,
  -0.061978;0.725401;-0.103252;,
  -0.015269;0.794549;-0.157010;,
  -0.029082;0.808297;-0.170503;,
  -0.004320;0.703594;-0.153141;,
  0.000538;0.750728;-0.157629;,
  0.005900;0.735120;-0.144169;,
  -0.006310;0.731352;-0.156858;,
  0.005900;0.735120;-0.144169;,
  -0.004320;0.703594;-0.153141;,
  0.000538;0.750728;-0.157629;,
  -0.009618;0.742555;-0.169945;,
  -0.008766;0.717416;-0.169112;,
  -0.010535;0.701124;-0.151688;,
  -0.028067;0.718230;-0.213426;,
  -0.008766;0.717416;-0.169112;,
  -0.025426;0.648672;-0.122368;,
  -0.026390;0.676998;-0.129177;,
  0.005504;0.631860;-0.111786;,
  -0.023381;0.698596;-0.130090;,
  -0.069750;0.618454;-0.112211;,
  -0.070940;0.600812;-0.095558;,
  -0.062294;0.489877;0.013415;,
  -0.008704;0.444455;0.140914;,
  -0.009444;0.410173;0.139999;,
  -0.025688;0.365797;0.090833;,
  -0.060918;0.639928;-0.152141;,
  -0.035137;0.391261;0.079463;,
  -0.046381;0.815230;-0.165954;,
  -0.063640;0.817832;-0.164288;,
  -0.041784;0.670698;-0.201966;,
  -0.049676;0.690291;-0.215219;,
  -0.049341;0.680996;-0.212631;,
  -0.063491;0.773465;-0.231005;,
  -0.063198;0.748769;-0.237122;,
  -0.047744;0.715397;-0.218309;,
  -0.031237;0.578452;0.083250;,
  0.005504;0.631860;-0.111786;,
  0.055876;0.037713;-0.250530;,
  -0.049933;0.660386;-0.205824;,
  -0.042280;0.664465;-0.199816;,
  -0.050180;0.666029;-0.203771;,
  -0.062111;0.678432;-0.217046;,
  -0.062262;0.683876;-0.228493;,
  -0.050503;0.668390;-0.209516;,
  -0.061857;0.666009;-0.204274;,
  -0.061771;0.657853;-0.207888;,
  -0.062773;0.718034;-0.235675;,
  -0.062623;0.710172;-0.229225;,
  0.044195;0.634259;-0.056341;,
  -0.061933;0.667231;-0.213037;,
  0.020778;0.611516;-0.058789;,
  0.021260;0.596298;-0.065577;,
  0.013833;0.576396;-0.088352;,
  -0.012516;0.748099;-0.131280;,
  0.035895;0.229584;-0.146075;,
  0.005276;0.144712;-0.142684;,
  -0.017060;0.218702;-0.135528;,
  0.044296;0.155982;-0.147825;,
  0.024462;0.299815;-0.158029;,
  -0.023888;0.285535;-0.133840;,
  0.018672;0.375040;-0.084893;,
  -0.038849;0.352560;-0.065499;,
  0.005621;0.435582;-0.010082;,
  -0.045944;0.419848;-0.007817;,
  -0.018443;0.442544;0.012149;,
  0.016766;0.073866;-0.153162;,
  0.056220;0.078473;-0.148120;,
  0.025083;0.144096;-0.048668;,
  0.041421;0.073263;0.061642;,
  0.037842;0.075237;-0.052894;,
  0.022380;0.141680;0.052167;,
  0.000302;0.203089;0.037565;,
  0.006619;0.215513;-0.053573;,
  -0.010242;0.258563;0.039122;,
  0.004712;0.247079;-0.061744;,
  -0.006950;0.289075;-0.000014;,
  -0.013552;0.313914;0.072768;,
  -0.007857;0.385173;0.130870;,
  0.020778;0.611516;-0.058789;,
  -0.134690;0.633381;-0.090478;,
  -0.100724;0.617409;-0.088986;,
  -0.145206;0.621685;-0.073372;,
  -0.092281;0.645243;-0.106570;,
  -0.149651;0.612563;-0.058917;,
  -0.125652;0.573330;-0.041367;,
  -0.151973;0.604422;-0.017868;,
  -0.111637;0.588203;-0.070368;,
  -0.084473;0.686600;-0.103721;,
  -0.123685;0.705055;-0.063149;,
  -0.092097;0.704877;-0.068546;,
  -0.123459;0.684042;-0.085961;,
  -0.102840;0.496165;0.130880;,
  -0.060007;0.510290;0.129016;,
  -0.099491;0.510335;0.121718;,
  -0.055251;0.492429;0.137496;,
  -0.115563;0.502983;0.069895;,
  -0.119133;0.478623;0.094874;,
  -0.101175;0.493565;0.032746;,
  -0.117018;0.454263;0.064033;,
  -0.094052;0.443327;0.043996;,
  -0.020280;0.507219;0.113036;,
  -0.016556;0.487752;0.121206;,
  -0.085035;0.632941;0.065201;,
  -0.035851;0.662627;0.023082;,
  -0.091737;0.670838;0.031095;,
  -0.034408;0.628733;0.053857;,
  -0.115599;0.414502;0.043641;,
  -0.152881;0.311131;0.059649;,
  -0.129235;0.404396;0.090806;,
  -0.133283;0.322528;0.017918;,
  -0.143360;0.217050;-0.007152;,
  -0.148825;0.219273;0.041447;,
  -0.064248;0.413367;0.036242;,
  -0.049018;0.294801;0.081530;,
  -0.079644;0.316656;0.015531;,
  -0.024915;0.385935;0.135050;,
  -0.085528;0.226784;0.044353;,
  -0.101126;0.220051;0.010675;,
  -0.122103;0.293743;0.113923;,
  -0.099278;0.376344;0.136428;,
  -0.121143;0.227568;0.064227;,
  -0.063901;0.000500;0.168612;,
  -0.004982;-0.001981;0.181041;,
  -0.032903;-0.000144;0.201828;,
  -0.029997;-0.001850;0.139118;,
  -0.115039;0.167519;0.040964;,
  -0.101167;0.128348;0.117225;,
  -0.130949;0.183801;0.076975;,
  -0.087313;0.112450;0.082068;,
  -0.063718;0.070301;0.159645;,
  -0.060442;0.058859;0.127691;,
  -0.064297;0.170246;0.045681;,
  -0.036835;0.161105;0.107477;,
  -0.051720;0.127671;0.085234;,
  -0.050949;0.216204;0.074255;,
  -0.028093;0.089151;0.154713;,
  -0.035062;0.059765;0.137086;,
  -0.089819;0.157561;0.139664;,
  -0.115240;0.219654;0.107177;,
  -0.049325;0.093273;0.166023;,
  -0.122380;0.450156;0.103587;,
  -0.064248;0.413367;0.036242;,
  -0.102822;0.447951;0.154540;,
  -0.047377;0.447500;0.157294;,
  -0.097306;0.392638;0.145925;,
  -0.047116;0.396645;0.148079;,
  -0.076754;0.582939;0.095504;,
  -0.120421;0.624953;0.062750;,
  -0.136833;0.619138;0.051285;,
  -0.124394;0.548310;0.045778;,
  -0.115168;0.573482;0.086173;,
  -0.147160;0.586212;0.012354;,
  -0.125229;0.556887;-0.018434;,
  -0.111894;0.527516;0.019680;,
  -0.181920;0.619349;-0.065373;,
  -0.128460;0.624501;-0.062029;,
  -0.198894;0.592066;-0.026226;,
  -0.157418;0.576640;0.029883;,
  -0.205143;0.578784;0.021723;,
  -0.140231;0.585756;-0.015796;,
  -0.131089;0.664724;-0.016344;,
  -0.141888;0.637363;0.025428;,
  -0.140231;0.585756;-0.015796;,
  -0.159619;0.583651;0.065653;,
  -0.157418;0.576640;0.029883;,
  -0.139330;0.672028;-0.013668;,
  -0.200606;0.643932;0.014804;,
  -0.183080;0.670311;-0.023537;,
  -0.207217;0.585497;0.057603;,
  -0.189839;0.643223;-0.049139;,
  -0.205001;0.588276;0.000127;,
  -0.149227;0.548113;-0.039747;,
  -0.185761;0.550722;-0.042169;,
  -0.147952;0.587046;0.006779;,
  -0.146635;0.512302;-0.063238;,
  -0.170243;0.516038;-0.075627;,
  -0.147952;0.587046;0.006779;,
  -0.162447;0.507229;-0.001962;,
  -0.149227;0.548113;-0.039747;,
  -0.153567;0.543448;0.051508;,
  -0.166502;0.492705;-0.047331;,
  -0.146635;0.512302;-0.063238;,
  -0.190457;0.509686;-0.003827;,
  -0.210264;0.544827;0.044745;,
  -0.175507;0.488929;-0.052414;,
  -0.137242;0.408354;-0.089251;,
  -0.180857;0.445071;-0.091759;,
  -0.182093;0.423613;-0.094787;,
  -0.135443;0.430063;-0.086189;,
  -0.118431;0.431517;-0.101362;,
  -0.122651;0.435097;-0.117168;,
  -0.110916;0.437170;-0.108266;,
  -0.125312;0.427781;-0.109392;,
  -0.182524;0.465568;-0.063931;,
  -0.134547;0.458654;-0.099924;,
  -0.133000;0.468956;-0.066753;,
  -0.185150;0.444596;-0.094739;,
  -0.187045;0.449943;-0.113868;,
  -0.187536;0.490034;-0.092352;,
  -0.135879;0.494909;-0.095491;,
  -0.138483;0.464232;-0.118630;,
  -0.150163;0.691483;-0.080907;,
  -0.163023;0.669474;-0.096546;,
  -0.123459;0.684042;-0.085961;,
  -0.127428;0.661260;-0.096976;,
  -0.132079;0.666880;0.026229;,
  -0.100137;0.663679;-0.110160;,
  -0.164409;0.642153;-0.092872;,
  -0.145206;0.621685;-0.073372;,
  -0.162101;0.630897;-0.072942;,
  -0.134690;0.633381;-0.090478;,
  -0.138936;0.691723;-0.022905;,
  -0.142586;0.691373;-0.027932;,
  -0.095982;0.692824;-0.013082;,
  -0.039250;0.680791;-0.016968;,
  -0.048351;0.688190;-0.075869;,
  -0.123685;0.705055;-0.063149;,
  -0.142586;0.691373;-0.027932;,
  -0.142873;0.633426;-0.038694;,
  -0.128460;0.624501;-0.062029;,
  -0.145166;0.679163;-0.025912;,
  -0.143106;0.641593;0.010937;,
  -0.146143;0.612823;-0.007560;,
  -0.149651;0.612563;-0.058917;,
  -0.143844;0.656032;0.018891;,
  -0.133000;0.468956;-0.066753;,
  -0.096723;0.676518;-0.131277;,
  -0.088022;0.690696;-0.115503;,
  -0.055380;0.685632;-0.107869;,
  -0.062160;0.697522;-0.109416;,
  -0.138483;0.464232;-0.118630;,
  -0.137242;0.408354;-0.089251;,
  -0.182093;0.423613;-0.094787;,
  -0.122351;0.442731;-0.085327;,
  -0.112187;0.456708;-0.104623;,
  -0.122351;0.442731;-0.085327;,
  -0.133540;0.441122;-0.099075;,
  -0.131843;0.460245;-0.114477;,
  -0.131843;0.460245;-0.114477;,
  -0.118431;0.431517;-0.101362;,
  -0.110916;0.437170;-0.108266;,
  -0.122651;0.435097;-0.117168;,
  -0.114202;0.022954;0.110496;,
  -0.118093;0.000043;0.057161;,
  -0.123995;0.001703;0.108658;,
  -0.111816;0.018479;0.061634;,
  -0.006861;0.031249;0.169399;,
  -0.029997;-0.001850;0.139118;,
  -0.029276;0.023013;0.135595;,
  -0.004982;-0.001981;0.181041;,
  -0.028093;0.089151;0.154713;,
  -0.040122;0.036484;0.193920;,
  -0.049325;0.093273;0.166023;,
  -0.063901;0.000500;0.168612;,
  -0.064688;0.035472;0.166387;,
  -0.032903;-0.000144;0.201828;,
  -0.060442;0.058859;0.127691;,
  -0.063718;0.070301;0.159645;,
  -0.083759;0.013919;0.053492;,
  -0.083964;-0.001874;0.044449;,
  -0.123995;0.001703;0.108658;,
  -0.083964;-0.001874;0.044449;,
  -0.079644;0.316656;0.015531;,
  -0.101126;0.220051;0.010675;,
  -0.064297;0.170246;0.045681;,
  -0.051720;0.127671;0.085234;,
  -0.035062;0.059765;0.137086;,
  -0.035062;0.059765;0.137086;,
  -0.107666;0.672288;-0.146415;,
  -0.090038;0.657555;-0.160428;,
  -0.088459;0.663569;-0.142693;,
  -0.099070;0.663258;-0.163883;,
  -0.100194;0.697557;-0.129571;,
  -0.092375;0.713131;-0.112873;,
  -0.083329;0.801281;-0.198323;,
  -0.063719;0.805950;-0.199752;,
  -0.096685;0.723560;-0.223415;,
  -0.093420;0.753085;-0.224023;,
  -0.079729;0.720797;-0.229545;,
  -0.105259;0.681528;-0.173071;,
  -0.113395;0.699733;-0.150993;,
  -0.106245;0.685733;-0.141307;,
  -0.114999;0.738252;-0.144869;,
  -0.115678;0.741121;-0.169228;,
  -0.106888;0.764376;-0.210382;,
  -0.111444;0.729047;-0.193286;,
  -0.115524;0.774438;-0.185801;,
  -0.112410;0.746748;-0.130605;,
  -0.101648;0.760796;-0.113722;,
  -0.062523;0.765573;-0.103613;,
  -0.096112;0.801661;-0.139251;,
  -0.063264;0.807015;-0.130290;,
  -0.111577;0.707719;-0.185502;,
  -0.097123;0.696059;-0.206298;,
  -0.095793;0.668331;-0.183448;,
  -0.080917;0.641567;-0.187365;,
  -0.089198;0.774250;-0.221459;,
  -0.102853;0.791318;-0.194727;,
  -0.111261;0.793251;-0.156361;,
  -0.098008;0.807365;-0.170037;,
  -0.063640;0.817832;-0.164288;,
  -0.080844;0.814764;-0.165721;,
  -0.061978;0.725401;-0.103252;,
  -0.111261;0.793251;-0.156361;,
  -0.098008;0.807365;-0.170037;,
  -0.119693;0.702034;-0.152362;,
  -0.125884;0.749018;-0.156775;,
  -0.118505;0.729835;-0.156100;,
  -0.130640;0.733274;-0.143246;,
  -0.130640;0.733274;-0.143246;,
  -0.119693;0.702034;-0.152362;,
  -0.125884;0.749018;-0.156775;,
  -0.115678;0.741121;-0.169228;,
  -0.115839;0.715968;-0.168388;,
  -0.113395;0.699733;-0.150993;,
  -0.097167;0.717296;-0.212959;,
  -0.115839;0.715968;-0.168388;,
  -0.100137;0.663679;-0.110160;,
  -0.096723;0.676518;-0.131277;,
  -0.127428;0.661260;-0.096976;,
  -0.100194;0.697557;-0.129571;,
  -0.008704;0.444455;0.140914;,
  -0.009444;0.410173;0.139999;,
  -0.025688;0.365797;0.090833;,
  -0.035137;0.391261;0.079463;,
  -0.080844;0.814764;-0.165721;,
  -0.063640;0.817832;-0.164288;,
  -0.082017;0.670154;-0.201695;,
  -0.074837;0.689951;-0.215049;,
  -0.074886;0.680650;-0.212458;,
  -0.077489;0.714995;-0.218108;,
  -0.031237;0.578452;0.083250;,
  -0.127428;0.661260;-0.096976;,
  -0.118093;0.000043;0.057161;,
  -0.081323;0.663937;-0.199552;,
  -0.073645;0.660065;-0.205664;,
  -0.073522;0.665713;-0.203614;,
  -0.073341;0.668081;-0.209362;,
  -0.145166;0.679163;-0.025912;,
  -0.133844;0.648080;-0.033227;,
  -0.142873;0.633426;-0.038694;,
  -0.149651;0.612563;-0.058917;,
  -0.112410;0.746748;-0.130605;,
  -0.081256;0.174681;-0.046796;,
  -0.036656;0.126715;-0.103360;,
  -0.067597;0.107093;-0.027175;,
  -0.050790;0.200277;-0.099044;,
  -0.102951;0.235655;-0.056510;,
  -0.062951;0.259847;-0.094219;,
  -0.085077;0.322936;-0.020770;,
  -0.061555;0.328968;-0.042950;,
  -0.076549;0.404159;0.011639;,
  -0.061979;0.400045;0.003917;,
  -0.060761;0.434599;0.017561;,
  -0.094052;0.443327;0.043996;,
  -0.025628;0.064012;-0.110609;,
  -0.050922;0.042927;-0.014770;,
  0.005797;0.107339;0.157973;,
  -0.089819;0.157561;0.139664;,
  -0.049313;0.093274;0.166016;,
  -0.022321;0.165793;0.121338;,
  -0.115240;0.219654;0.107177;,
  -0.050880;0.222113;0.090557;,
  -0.064582;0.232490;0.066627;,
  -0.121143;0.227568;0.064227;,
  -0.122103;0.293743;0.113923;,
  -0.039490;0.289699;0.095301;,
  -0.009444;0.410173;0.139999;,
  -0.047116;0.396645;0.148079;,
  -0.133844;0.648080;-0.033227;,
  -0.115599;0.414503;0.043641;,
  -0.133283;0.322528;0.017918;,
  -0.143360;0.217050;-0.007152;,
  -0.115039;0.167519;0.040964;,
  -0.087313;0.112450;0.082068;,
  -0.060442;0.058859;0.127691;,
  0.069760;0.315018;-0.021981;,
  0.022209;0.388650;0.105612;,
  0.054473;0.374499;0.050706;,
  0.048829;0.268417;-0.088925;,
  0.071645;0.233958;-0.069884;,
  0.077249;0.160724;-0.082631;,
  0.068276;0.087325;-0.095348;,
  -0.099278;0.376344;0.136428;;
  916;
  3;0,1,2;,
  3;1,0,3;,
  3;4,5,6;,
  3;5,4,7;,
  3;8,9,10;,
  3;9,8,11;,
  3;12,13,14;,
  3;13,12,15;,
  3;16,12,17;,
  3;12,16,15;,
  3;18,19,20;,
  3;19,18,16;,
  3;6,21,22;,
  3;21,6,5;,
  3;14,23,24;,
  3;23,14,13;,
  3;25,26,27;,
  3;26,25,28;,
  3;29,30,31;,
  3;30,29,32;,
  3;30,33,31;,
  3;33,30,34;,
  3;35,36,37;,
  3;36,35,38;,
  3;38,39,36;,
  3;39,38,40;,
  3;37,41,42;,
  3;41,37,36;,
  3;36,43,41;,
  3;43,36,39;,
  3;42,30,32;,
  3;30,42,41;,
  3;41,34,30;,
  3;34,41,43;,
  3;44,45,46;,
  3;45,44,47;,
  3;48,49,50;,
  3;49,48,51;,
  3;50,52,53;,
  3;52,50,49;,
  3;54,55,56;,
  3;55,54,57;,
  3;57,58,55;,
  3;58,57,59;,
  3;56,60,61;,
  3;60,56,55;,
  3;55,62,60;,
  3;62,55,58;,
  3;61,49,51;,
  3;49,61,60;,
  3;60,52,49;,
  3;52,60,62;,
  3;32,19,63;,
  3;19,32,29;,
  3;64,65,66;,
  3;65,64,20;,
  3;14,67,12;,
  3;67,14,68;,
  3;68,69,67;,
  3;69,68,70;,
  3;70,42,69;,
  3;42,70,37;,
  3;48,34,51;,
  3;34,48,33;,
  3;51,43,61;,
  3;43,51,34;,
  3;43,56,61;,
  3;56,43,39;,
  3;39,54,56;,
  3;54,39,40;,
  3;12,63,17;,
  3;63,12,67;,
  3;67,32,63;,
  3;32,67,69;,
  3;69,42,32;,
  3;71,72,25;,
  3;73,74,75;,
  3;74,73,76;,
  3;74,77,75;,
  3;77,74,78;,
  3;79,78,80;,
  3;78,79,77;,
  3;81,82,83;,
  3;82,84,85;,
  3;84,82,86;,
  3;87,88,89;,
  3;88,90,89;,
  3;90,88,91;,
  3;92,93,94;,
  3;92,89,93;,
  3;92,87,89;,
  3;89,95,93;,
  3;95,89,90;,
  3;96,93,82;,
  3;93,86,82;,
  3;86,93,95;,
  3;97,98,99;,
  3;98,97,100;,
  3;100,101,98;,
  3;101,100,102;,
  3;103,104,105;,
  3;104,103,106;,
  3;106,107,104;,
  3;107,106,108;,
  3;105,109,110;,
  3;109,105,104;,
  3;104,111,109;,
  3;111,104,107;,
  3;110,100,97;,
  3;100,110,109;,
  3;109,102,100;,
  3;102,109,111;,
  3;112,113,114;,
  3;113,112,115;,
  3;116,117,118;,
  3;117,116,119;,
  3;120,121,122;,
  3;121,120,123;,
  3;120,124,125;,
  3;124,120,122;,
  3;126,124,127;,
  3;124,126,125;,
  3;95,97,86;,
  3;97,95,110;,
  3;86,99,84;,
  3;99,86,97;,
  3;90,103,105;,
  3;103,90,91;,
  3;105,95,90;,
  3;95,105,110;,
  3;128,96,129;,
  3;96,128,94;,
  3;129,130,128;,
  3;130,129,131;,
  3;72,28,25;,
  3;28,72,132;,
  3;10,133,8;,
  3;134,135,136;,
  3;135,134,137;,
  3;81,137,134;,
  3;138,11,139;,
  3;138,9,11;,
  3;138,140,9;,
  3;141,11,142;,
  3;11,141,139;,
  3;128,130,143;,
  3;94,144,92;,
  3;94,143,144;,
  3;94,128,143;,
  3;145,87,146;,
  3;87,145,147;,
  3;75,148,73;,
  3;148,75,149;,
  3;150,147,145;,
  3;7,149,75;,
  3;148,151,73;,
  3;102,152,101;,
  3;152,102,126;,
  3;102,125,126;,
  3;125,102,111;,
  3;111,120,125;,
  3;120,111,107;,
  3;120,108,123;,
  3;108,120,107;,
  3;8,153,154;,
  3;153,8,133;,
  3;154,155,8;,
  3;155,154,156;,
  3;122,114,113;,
  3;114,122,121;,
  3;121,112,114;,
  3;112,121,157;,
  3;158,124,159;,
  3;124,158,127;,
  3;159,122,113;,
  3;122,159,124;,
  3;126,160,152;,
  3;160,126,161;,
  3;162,121,123;,
  3;121,162,163;,
  3;121,164,157;,
  3;164,121,163;,
  3;165,126,127;,
  3;126,165,161;,
  3;161,166,160;,
  3;166,161,167;,
  3;162,118,163;,
  3;118,162,116;,
  3;163,117,164;,
  3;117,163,118;,
  3;165,167,161;,
  3;167,165,168;,
  3;169,170,171;,
  3;170,169,172;,
  3;173,174,175;,
  3;174,173,176;,
  3;177,178,179;,
  3;178,177,173;,
  3;180,178,181;,
  3;178,180,182;,
  3;183,169,171;,
  3;169,183,184;,
  3;174,185,186;,
  3;185,174,176;,
  3;46,187,44;,
  3;187,46,188;,
  3;180,169,182;,
  3;169,180,172;,
  3;20,29,65;,
  3;19,29,20;,
  3;29,31,189;,
  3;31,190,189;,
  3;190,31,33;,
  3;33,191,190;,
  3;191,33,48;,
  3;191,50,192;,
  3;50,191,48;,
  3;192,53,193;,
  3;53,192,50;,
  3;194,171,185;,
  3;171,194,183;,
  3;171,186,185;,
  3;186,171,170;,
  3;185,176,194;,
  3;194,173,177;,
  3;173,194,176;,
  3;178,175,181;,
  3;175,178,173;,
  3;179,182,184;,
  3;182,179,178;,
  3;182,169,184;,
  3;16,17,19;,
  3;17,63,19;,
  3;65,195,66;,
  3;196,197,198;,
  3;197,196,199;,
  3;200,154,153;,
  3;154,200,201;,
  3;202,203,204;,
  3;205,206,207;,
  3;196,208,209;,
  3;208,196,198;,
  3;210,209,211;,
  3;209,210,196;,
  3;212,213,214;,
  3;213,212,215;,
  3;212,214,211;,
  3;201,216,217;,
  3;216,201,200;,
  3;218,219,220;,
  3;219,218,217;,
  3;210,199,196;,
  3;213,205,207;,
  3;221,222,223;,
  3;198,197,224;,
  3;224,225,226;,
  3;225,224,197;,
  3;227,213,207;,
  3;228,229,214;,
  3;229,228,230;,
  3;220,231,232;,
  3;213,228,214;,
  3;156,201,233;,
  3;201,156,154;,
  3;233,217,218;,
  3;217,233,201;,
  3;219,217,234;,
  3;235,219,234;,
  3;236,237,238;,
  3;237,236,239;,
  3;209,240,211;,
  3;240,209,241;,
  3;211,242,212;,
  3;242,211,240;,
  3;243,239,244;,
  3;239,243,237;,
