xof 0303txt 0032
template ColorRGBA {
 <35ff44e0-6c7c-11cf-8f52-0040333594a3>
 FLOAT red;
 FLOAT green;
 FLOAT blue;
 FLOAT alpha;
}

template ColorRGB {
 <d3e16e81-7835-11cf-8f52-0040333594a3>
 FLOAT red;
 FLOAT green;
 FLOAT blue;
}

template Material {
 <3d82ab4d-62da-11cf-ab39-0020af71e433>
 ColorRGBA faceColor;
 FLOAT power;
 ColorRGB specularColor;
 ColorRGB emissiveColor;
 [...]
}

template TextureFilename {
 <a42790e1-7810-11cf-8f52-0040333594a3>
 STRING filename;
}

template Frame {
 <3d82ab46-62da-11cf-ab39-0020af71e433>
 [...]
}

template Matrix4x4 {
 <f6f23f45-7686-11cf-8f52-0040333594a3>
 array FLOAT matrix[16];
}

template FrameTransformMatrix {
 <f6f23f41-7686-11cf-8f52-0040333594a3>
 Matrix4x4 frameMatrix;
}

template Vector {
 <3d82ab5e-62da-11cf-ab39-0020af71e433>
 FLOAT x;
 FLOAT y;
 FLOAT z;
}

template MeshFace {
 <3d82ab5f-62da-11cf-ab39-0020af71e433>
 DWORD nFaceVertexIndices;
 array DWORD faceVertexIndices[nFaceVertexIndices];
}

template Mesh {
 <3d82ab44-62da-11cf-ab39-0020af71e433>
 DWORD nVertices;
 array Vector vertices[nVertices];
 DWORD nFaces;
 array MeshFace faces[nFaces];
 [...]
}

template MeshMaterialList {
 <f6f23f42-7686-11cf-8f52-0040333594a3>
 DWORD nMaterials;
 DWORD nFaceIndexes;
 array DWORD faceIndexes[nFaceIndexes];
 [Material <3d82ab4d-62da-11cf-ab39-0020af71e433>]
}

template VertexElement {
 <f752461c-1e23-48f6-b9f8-8350850f336f>
 DWORD Type;
 DWORD Method;
 DWORD Usage;
 DWORD UsageIndex;
}

template DeclData {
 <bf22e553-292c-4781-9fea-62bd554bdd93>
 DWORD nElements;
 array VertexElement Elements[nElements];
 DWORD nDWords;
 array DWORD data[nDWords];
}

template XSkinMeshHeader {
 <3cf169ce-ff7c-44ab-93c0-f78f62d172e2>
 WORD nMaxSkinWeightsPerVertex;
 WORD nMaxSkinWeightsPerFace;
 WORD nBones;
}

template SkinWeights {
 <6f0d123b-bad2-4167-a0d0-80224f25fabb>
 STRING transformNodeName;
 DWORD nWeights;
 array DWORD vertexIndices[nWeights];
 array FLOAT weights[nWeights];
 Matrix4x4 matrixOffset;
}

template AnimTicksPerSecond {
 <9e415a43-7ba6-4a73-8743-b73d47e88476>
 DWORD AnimTicksPerSecond;
}

template Animation {
 <3d82ab4f-62da-11cf-ab39-0020af71e433>
 [...]
}

template AnimationSet {
 <3d82ab50-62da-11cf-ab39-0020af71e433>
 [Animation <3d82ab4f-62da-11cf-ab39-0020af71e433>]
}

template FloatKeys {
 <10dd46a9-775b-11cf-8f52-0040333594a3>
 DWORD nValues;
 array FLOAT values[nValues];
}

template TimedFloatKeys {
 <f406b180-7b3b-11cf-8f52-0040333594a3>
 DWORD time;
 FloatKeys tfkeys;
}

template AnimationKey {
 <10dd46a8-775b-11cf-8f52-0040333594a3>
 DWORD keyType;
 DWORD nKeys;
 array TimedFloatKeys keys[nKeys];
}


Material _03_-_Default {
 1.000000;1.000000;1.000000;1.000000;;
 9.999999;
 0.000000;0.000000;0.000000;;
 0.000000;0.000000;0.000000;;

 TextureFilename {
  "MaleBody_full.png";
 }
}

Frame Dummy01 {
 

 FrameTransformMatrix {
  1.000000,0.000000,0.000000,0.000000,0.000000,-0.000000,-1.000000,0.000000,0.000000,1.000000,-0.000000,0.000000,0.000000,0.000000,0.000000,1.000000;;
 }

 Frame Bip01 {
  

  FrameTransformMatrix {
   0.044352,0.993541,-0.104448,0.000000,0.001964,0.104464,0.994527,0.000000,0.999014,-0.044314,0.002682,0.000000,-0.007896,-0.030833,0.505041,1.000000;;
  }

  Frame Bip01_Pelvis {
   

   FrameTransformMatrix {
    -0.042363,0.998875,0.021323,0.000000,-0.000001,-0.021342,0.999772,0.000000,0.999102,0.042353,0.000906,0.000000,0.000000,0.000000,0.000000,1.000000;;
   }

   Frame Bip01_Spine {
    

    FrameTransformMatrix {
     0.999791,0.006959,-0.019239,0.000000,-0.008752,0.995462,-0.094761,0.000000,0.018492,0.094910,0.995314,0.000000,0.051574,-0.001110,0.002102,1.000000;;
    }

    Frame Bip01_Spine1 {
     

     FrameTransformMatrix {
      0.994674,0.060637,-0.083350,0.000000,-0.068718,0.992833,-0.097777,0.000000,0.076824,0.102984,0.991712,0.000000,0.106473,-0.000009,-0.000084,1.000000;;
     }

     Frame Bip01_Neck {
      

      FrameTransformMatrix {
       0.903366,0.000001,0.428870,0.000000,-0.000001,1.000000,-0.000000,0.000000,-0.428870,-0.000000,0.903366,0.000000,0.130516,0.000000,0.004628,1.000000;;
      }

      Frame Bip01_Head {
       

       FrameTransformMatrix {
        0.979433,-0.179862,0.091441,0.000000,0.155631,0.961855,0.224974,0.000000,-0.128417,-0.206116,0.970065,0.000000,0.033674,0.000000,0.000000,1.000000;;
       }

       Frame Bip01_HeadNub {
        

        FrameTransformMatrix {
         1.000000,-0.000000,0.000000,0.000000,0.000000,1.000000,0.000000,0.000000,0.000000,-0.000000,1.000000,0.000000,0.169824,0.000000,0.000000,1.000000;;
        }
       }
      }

      Frame Bip01_L_Clavicle {
       

       FrameTransformMatrix {
        -0.308853,0.939693,0.146926,0.000000,0.848565,0.342019,-0.403683,0.000000,-0.429589,-0.000003,-0.903024,0.000000,-0.023698,0.015715,0.006128,1.000000;;
       }

       Frame Bip01_L_UpperArm {
        

        FrameTransformMatrix {
         0.698806,-0.649444,0.299822,0.000000,0.715311,0.634454,-0.292913,0.000000,0.000007,0.419155,0.907915,0.000000,0.087086,-0.000000,0.000000,1.000000;;
        }

        Frame Bip01_L_Forearm {
         

         FrameTransformMatrix {
          0.856387,0.000000,-0.516334,0.000000,0.000000,1.000000,0.000000,0.000000,0.516334,0.000000,0.856387,0.000000,0.137062,0.000000,-0.000000,1.000000;;
         }

         Frame Bip01_L_Hand {
          

          FrameTransformMatrix {
           0.996150,-0.085432,0.019644,0.000000,-0.005836,0.158962,0.987268,0.000000,-0.087467,-0.983581,0.157851,0.000000,0.137062,0.000000,0.000000,1.000000;;
          }

          Frame Bip01_L_Finger0 {
           

           FrameTransformMatrix {
            0.789996,-0.349486,0.503753,0.000000,0.558537,0.749101,-0.356210,0.000000,-0.252872,0.562769,0.786987,0.000000,0.057681,-0.023605,-0.000272,1.000000;;
           }

           Frame Bip01_L_Finger0Nub {
            

            FrameTransformMatrix {
             1.000000,0.000000,0.000000,0.000000,0.000000,1.000000,-0.000000,0.000000,-0.000000,0.000000,1.000000,0.000000,0.029435,-0.000000,0.000000,1.000000;;
            }
           }
          }

          Frame Bip01_L_Finger1 {
           

           FrameTransformMatrix {
            0.811793,-0.000465,0.583944,0.000000,0.000000,1.000000,0.000796,0.000000,-0.583944,-0.000646,0.811793,0.000000,0.084102,-0.000000,-0.000000,1.000000;;
           }

           Frame Bip01_L_Finger1Nub {
            

            FrameTransformMatrix {
             1.000000,0.000000,-0.000000,0.000000,0.000000,1.000000,-0.000000,0.000000,0.000000,0.000000,1.000000,0.000000,0.047988,0.000000,-0.000000,1.000000;;
            }
           }
          }
         }
        }
       }
      }

      Frame Bip01_R_Clavicle {
       

       FrameTransformMatrix {
        -0.250086,-0.961653,0.112608,0.000000,-0.867708,0.274204,0.414603,0.000000,-0.429582,0.005976,-0.903008,0.000000,-0.023698,-0.015714,0.006128,1.000000;;
       }

       Frame Bip01_R_UpperArm {
        

        FrameTransformMatrix {
         0.719979,0.679285,0.142133,0.000000,-0.691998,0.687160,0.221248,0.000000,0.052622,-0.257650,0.964805,0.000000,0.087086,0.000000,-0.000000,1.000000;;
        }

        Frame Bip01_R_Forearm {
         

         FrameTransformMatrix {
          0.332278,0.000000,-0.943181,0.000000,0.000000,1.000000,0.000000,0.000000,0.943182,0.000000,0.332278,0.000000,0.137062,0.000000,-0.000000,1.000000;;
         }

         Frame Bip01_R_Hand {
          

          FrameTransformMatrix {
           0.939559,-0.191578,-0.283773,0.000000,-0.191434,0.393220,-0.899295,0.000000,0.283870,0.899264,0.332779,0.000000,0.137062,-0.000000,0.000000,1.000000;;
          }

          Frame Bip01_R_Finger0 {
           

           FrameTransformMatrix {
            0.566452,0.735397,0.371920,0.000000,-0.824095,0.506027,0.254568,0.000000,-0.000993,-0.450698,0.892677,0.000000,0.057681,0.023605,-0.000272,1.000000;;
           }

           Frame Bip01_R_Finger0Nub {
            

            FrameTransformMatrix {
             -1.000000,-0.000000,0.000000,0.000000,0.000000,1.000000,0.000000,0.000000,-0.000000,0.000000,-1.000000,0.000000,0.029435,0.000000,0.000000,1.000000;;
            }
           }
          }

          Frame Bip01_R_Finger1 {
           

           FrameTransformMatrix {
            -0.257585,0.000769,0.966255,0.000000,0.000000,1.000000,-0.000796,0.000000,-0.966255,-0.000205,-0.257585,0.000000,0.084102,-0.000000,-0.000000,1.000000;;
           }

           Frame Bip01_R_Finger1Nub {
            

            FrameTransformMatrix {
             -1.000000,0.000000,-0.000000,0.000000,0.000000,1.000000,0.000000,0.000000,-0.000000,0.000000,-1.000000,0.000000,0.047988,-0.000000,0.000000,1.000000;;
            }
           }
          }
         }
        }
       }
      }
     }

     Frame Bip01_BackPack {
      

      FrameTransformMatrix {
       0.190104,-0.000002,-0.981764,0.000000,0.000003,1.000000,-0.000002,0.000000,0.981764,-0.000002,0.190104,0.000000,0.063697,-0.000000,-0.088856,1.000000;;
      }

      Frame Bip01_BackPackNub {
       

       FrameTransformMatrix {
        0.000796,0.000003,1.000000,0.000000,0.000000,-1.000000,0.000003,0.000000,1.000000,-0.000000,-0.000796,0.000000,0.053240,0.000000,0.000000,1.000000;;
       }
      }
     }
    }

    Frame Bip01_L_Thigh {
     

     FrameTransformMatrix {
      -0.984456,0.036802,0.171730,0.000000,-0.053378,-0.994241,-0.092926,0.000000,0.167322,-0.100649,0.980752,0.000000,-0.051131,0.056730,0.002301,1.000000;;
     }

     Frame Bip01_L_Calf {
      

      FrameTransformMatrix {
       0.951851,0.000000,-0.306562,0.000000,0.000000,1.000000,0.000000,0.000000,0.306562,-0.000000,0.951851,0.000000,0.237500,0.000000,0.000000,1.000000;;
      }

      Frame Bip01_L_Foot {
       

       FrameTransformMatrix {
        0.982309,0.027934,0.185171,0.000000,-0.050672,0.991573,0.119228,0.000000,-0.180280,-0.126502,0.975447,0.000000,0.206841,0.000000,0.000000,1.000000;;
       }

       Frame Bip01_L_Toe0 {
        

        FrameTransformMatrix {
         -0.000001,0.172440,0.985020,0.000000,0.000001,0.985020,-0.172440,0.000000,-1.000000,0.000001,-0.000001,0.000000,0.065373,-0.000000,0.066450,1.000000;;
        }

        Frame Bip01_L_Toe0Nub {
         

         FrameTransformMatrix {
          -1.000000,0.000000,-0.000000,0.000000,0.000000,1.000000,0.000000,0.000000,-0.000000,0.000000,-1.000000,0.000000,0.006735,0.000000,-0.000000,1.000000;;
         }
        }
       }
      }
     }
    }

    Frame Bip01_R_Thigh {
     

     FrameTransformMatrix {
      -0.992940,-0.007806,0.118361,0.000000,-0.003834,-0.995199,-0.097793,0.000000,0.118556,-0.097557,0.988143,0.000000,-0.051899,-0.053219,-0.008182,1.000000;;
     }

     Frame Bip01_R_Calf {
      

      FrameTransformMatrix {
       0.971365,0.000000,-0.237593,0.000000,0.000000,1.000000,-0.000000,0.000000,0.237593,0.000000,0.971365,0.000000,0.237500,0.000000,0.000000,1.000000;;
      }

      Frame Bip01_R_Foot {
       

       FrameTransformMatrix {
        0.986345,-0.021790,0.163245,0.000000,0.028627,0.998804,-0.039643,0.000000,-0.162186,0.043775,0.985789,0.000000,0.206841,0.000000,0.000000,1.000000;;
       }

       Frame Bip01_R_Toe0 {
        

        FrameTransformMatrix {
         -0.000000,-0.000003,1.000000,0.000000,0.000001,1.000000,0.000003,0.000000,-1.000000,0.000001,-0.000000,0.000000,0.065373,0.000000,0.066450,1.000000;;
        }

        Frame Bip01_R_Toe0Nub {
         

         FrameTransformMatrix {
          1.000000,0.000000,-0.000000,0.000000,0.000000,1.000000,-0.000000,0.000000,0.000000,0.000000,1.000000,0.000000,0.006735,0.000000,0.000000,1.000000;;
         }
        }
       }
      }
     }
    }
   }

   Frame Bip01_DressFront {
    

    FrameTransformMatrix {
     -0.989127,-0.000002,0.147067,0.000000,-0.000002,1.000000,-0.000001,0.000000,-0.147067,-0.000002,-0.989126,0.000000,-0.043980,0.001399,0.061086,1.000000;;
    }

    Frame Bip01_DressFront02 {
     

     FrameTransformMatrix {
      0.977593,0.000001,0.210504,0.000000,-0.000001,1.000000,-0.000000,0.000000,-0.210504,-0.000000,0.977593,0.000000,0.183352,0.000000,-0.000129,1.000000;;
     }

     Frame Bip01_DressFrontNub {
      

      FrameTransformMatrix {
       0.000796,0.000003,1.000000,0.000000,0.000000,-1.000000,0.000003,0.000000,1.000000,0.000000,-0.000796,0.000000,0.165302,0.000000,0.000000,1.000000;;
      }
     }
    }
   }

   Frame Bip01_DressBack {
    

    FrameTransformMatrix {
     -0.995546,-0.000002,0.094281,0.000000,-0.000002,1.000000,-0.000001,0.000000,-0.094281,-0.000002,-0.995546,0.000000,-0.047719,0.000000,-0.078280,1.000000;;
    }

    Frame Bip01_DressBack02 {
     

     FrameTransformMatrix {
      0.990815,0.000000,0.135222,0.000000,-0.000000,1.000000,-0.000000,0.000000,-0.135222,-0.000000,0.990815,0.000000,0.176173,-0.000000,-0.000108,1.000000;;
     }

     Frame Bip01_DressBackNub {
      

      FrameTransformMatrix {
       0.000796,0.000003,1.000000,0.000000,-0.000000,-1.000000,0.000003,0.000000,1.000000,-0.000000,-0.000796,0.000000,0.136508,0.000000,-0.000000,1.000000;;
      }
     }
    }
   }
  }

  Frame Bip01_Prop1 {
   

   FrameTransformMatrix {
    -0.456955,-0.587923,0.667487,0.000000,0.021844,0.742772,0.669188,0.000000,-0.889222,0.320369,-0.326570,0.000000,0.200071,0.062252,-0.143255,1.000000;;
   }
  }

  Frame Bip01_Prop2 {
   

   FrameTransformMatrix {
    0.210889,-0.933012,0.291574,0.000000,0.948287,0.122882,-0.292663,0.000000,0.237229,0.338215,0.910677,0.000000,-0.029832,-0.114158,0.176708,1.000000;;
   }
  }
 }
}

Frame Translation_Data {
 

 FrameTransformMatrix {
  1.000000,0.000000,0.000000,0.000000,0.000000,-0.000000,-1.000000,0.000000,0.000000,1.000000,-0.000000,0.000000,0.000000,-0.000000,0.000000,1.000000;;
 }
}

Frame Body {
 

 FrameTransformMatrix {
  1.000000,0.000000,0.000000,0.000000,0.000000,1.000000,0.000000,0.000000,0.000000,0.000000,1.000000,0.000000,0.000000,0.000000,0.000000,1.000000;;
 }

 Mesh Body {
  617;
  0.075375;0.758803;0.015569;,
  0.042419;0.761773;0.004346;,
  0.035269;0.790098;0.021532;,
  0.082048;0.739341;0.012021;,
  0.090768;0.729217;0.011911;,
  0.062596;0.697548;-0.021240;,
  0.052044;0.731554;-0.013342;,
  0.091435;0.695621;0.017241;,
  0.028364;0.807756;0.059677;,
  0.067675;0.776414;0.092595;,
  0.068769;0.778387;0.062187;,
  0.036767;0.783940;0.091636;,
  0.074654;0.555163;0.070214;,
  0.032251;0.564531;0.086584;,
  0.032179;0.552747;0.092853;,
  0.067284;0.565241;0.066644;,
  0.065624;0.563237;0.010546;,
  0.077028;0.537342;0.030890;,
  0.039747;0.557643;-0.021626;,
  0.063315;0.512846;0.002289;,
  0.034952;0.503023;-0.008037;,
  0.011716;0.700724;-0.040462;,
  0.013267;0.737070;-0.025644;,
  -0.010575;0.563224;0.083789;,
  -0.009875;0.549251;0.090929;,
  0.033219;0.654345;0.095520;,
  -0.019650;0.694069;0.097399;,
  -0.018441;0.658008;0.089600;,
  0.036836;0.692178;0.105685;,
  0.050406;0.467068;-0.011972;,
  0.093448;0.364876;0.004569;,
  0.056705;0.370172;-0.025051;,
  0.083464;0.462745;0.026035;,
  0.057185;0.274321;-0.038057;,
  0.084175;0.271428;0.007254;,
  0.000956;0.466353;0.006485;,
  0.011398;0.358007;0.073514;,
  -0.000146;0.447171;0.101569;,
  0.008036;0.366859;-0.001863;,
  0.028921;0.272102;0.043642;,
  0.027686;0.270590;0.001505;,
  0.091217;0.358472;0.068984;,
  0.075758;0.441111;0.083680;,
  0.069615;0.274618;0.045109;,
  0.075368;-0.001438;0.056161;,
  0.028556;-0.001522;0.094118;,
  0.031675;-0.001415;0.045398;,
  0.062937;-0.001545;0.099865;,
  0.057311;0.216830;-0.007521;,
  0.083790;0.145641;0.034592;,
  0.055785;0.143762;0.004712;,
  0.087505;0.219265;0.022436;,
  0.074623;0.067701;0.049563;,
  0.057316;0.066051;0.019391;,
  0.014906;0.201908;0.016638;,
  0.020835;0.158464;0.068925;,
  0.014182;0.223987;0.067811;,
  0.025204;0.144592;0.028643;,
  0.040092;0.080084;0.068915;,
  0.038551;0.059932;0.041460;,
  0.082860;0.156916;0.071439;,
  0.086071;0.231385;0.070347;,
  0.064131;0.084981;0.070411;,
  0.082272;0.508752;0.038096;,
  -0.005646;0.495374;-0.021325;,
  0.000956;0.466353;0.006485;,
  -0.007018;0.461821;-0.005249;,
  0.081429;0.506852;0.092679;,
  0.030345;0.507962;0.114384;,
  0.075315;0.455441;0.089996;,
  0.028882;0.460202;0.110352;,
  0.030826;0.609388;0.085171;,
  0.067568;0.651774;0.083982;,
  0.082328;0.656891;0.069663;,
  0.067066;0.613201;0.013823;,
  0.086514;0.663053;0.015873;,
  0.066412;0.609233;0.064998;,
  0.059734;0.664425;-0.025966;,
  0.049017;0.610826;-0.018952;,
  0.006412;0.667521;-0.042988;,
  0.001445;0.608099;-0.031548;,
  0.125319;0.702230;0.027301;,
  0.145919;0.660452;0.047181;,
  0.071754;0.697218;0.026143;,
  0.109431;0.598366;0.067526;,
  0.089157;0.641387;0.045045;,
  0.155566;0.613497;0.069356;,
  0.065613;0.705177;0.086233;,
  0.089157;0.641387;0.045045;,
  0.080087;0.661024;0.107476;,
  0.102427;0.611146;0.119558;,
  0.109431;0.598366;0.067526;,
  0.072285;0.710816;0.093452;,
  0.136860;0.680417;0.109598;,
  0.115863;0.720929;0.089827;,
  0.148438;0.626157;0.121455;,
  0.128230;0.713877;0.054724;,
  0.165678;0.595728;0.061833;,
  0.139172;0.521031;0.056222;,
  0.112058;0.575179;0.060075;,
  0.172424;0.536539;0.057303;,
  0.153414;0.482919;0.057776;,
  0.179665;0.486871;0.057137;,
  0.112058;0.575179;0.060075;,
  0.145103;0.522711;0.113107;,
  0.109573;0.574473;0.123079;,
  0.139172;0.521031;0.056222;,
  0.161606;0.482270;0.096447;,
  0.153414;0.482919;0.057776;,
  0.170505;0.534899;0.113603;,
  0.162885;0.594972;0.124941;,
  0.179450;0.484245;0.094811;,
  0.168588;0.357992;0.038424;,
  0.162893;0.387857;0.086719;,
  0.155645;0.375632;0.040711;,
  0.175575;0.370464;0.083929;,
  0.155732;0.404351;0.025904;,
  0.171307;0.398322;0.027138;,
  0.161421;0.396573;0.031642;,
  0.163098;0.405340;0.016911;,
  0.156601;0.446746;0.094782;,
  0.172442;0.426754;0.040060;,
  0.174198;0.413980;0.091236;,
  0.148272;0.451042;0.045953;,
  0.193479;0.409966;0.088039;,
  0.193248;0.455369;0.091032;,
  0.185333;0.460954;0.039961;,
  0.191970;0.423032;0.038926;,
  0.097437;0.760741;0.070980;,
  0.109773;0.762655;0.043808;,
  0.068769;0.778387;0.062187;,
  0.073665;0.775221;0.038511;,
  0.076680;0.694164;0.097093;,
  0.043669;0.801710;0.036206;,
  0.105064;0.748842;0.019833;,
  0.082048;0.739341;0.012021;,
  0.075375;0.758803;0.015569;,
  0.097277;0.720646;0.017644;,
  0.081192;0.735415;0.099030;,
  0.039576;0.729038;0.106285;,
  0.084710;0.739456;0.096361;,
  -0.017510;0.728502;0.095364;,
  -0.007475;0.783973;0.074650;,
  0.067675;0.776414;0.092595;,
  0.084710;0.739456;0.096361;,
  0.081311;0.718535;0.038929;,
  0.085585;0.728549;0.085830;,
  0.071754;0.697218;0.026143;,
  0.085705;0.692579;0.066067;,
  0.086452;0.691682;0.030701;,
  0.090768;0.729217;0.011911;,
  0.087542;0.694171;0.082913;,
  0.148272;0.451042;0.045953;,
  0.045629;0.831774;0.024337;,
  0.034606;0.841478;0.041945;,
  -0.000540;0.812095;0.057215;,
  0.008347;0.847931;0.045774;,
  0.191970;0.423032;0.038926;,
  0.168588;0.357992;0.038424;,
  0.175575;0.370464;0.083929;,
  0.149694;0.422531;0.031494;,
  0.171249;0.423509;0.017163;,
  0.149694;0.422531;0.031494;,
  0.161990;0.413188;0.040344;,
  0.184802;0.420390;0.034557;,
  0.184802;0.420390;0.034557;,
  0.155732;0.404351;0.025904;,
  0.163098;0.405340;0.016911;,
  0.171307;0.398322;0.027138;,
  0.094766;0.020228;-0.018446;,
  0.072680;-0.001385;-0.067739;,
  0.070131;0.017194;-0.060838;,
  0.101490;-0.001397;-0.024615;,
  0.026699;0.031888;0.083000;,
  0.031675;-0.001415;0.045398;,
  0.028556;-0.001522;0.094118;,
  0.030761;0.023542;0.042667;,
  0.040092;0.080084;0.068915;,
  0.067708;0.034910;0.089641;,
  0.064131;0.084981;0.070411;,
  0.075368;-0.001438;0.056161;,
  0.062937;-0.001545;0.099865;,
  0.076927;0.033508;0.053925;,
  0.057316;0.066051;0.019391;,
  0.074623;0.067701;0.049563;,
  0.041248;0.014160;-0.055282;,
  0.036461;-0.001374;-0.063467;,
  0.101490;-0.001397;-0.024615;,
  0.036461;-0.001374;-0.063467;,
  0.008036;0.366859;-0.001863;,
  0.027686;0.270590;0.001505;,
  0.014906;0.201908;0.016638;,
  0.025204;0.144592;0.028643;,
  0.038551;0.059932;0.041460;,
  0.038551;0.059932;0.041460;,
  -0.009571;0.452477;0.045839;,
  0.057876;0.829630;-0.001943;,
  0.039526;0.813624;-0.013399;,
  0.048489;0.818709;-0.017854;,
  0.039374;0.823076;0.008647;,
  0.051394;0.856876;0.011975;,
  0.044434;0.874488;0.026938;,
  0.033202;0.951816;-0.068184;,
  0.012369;0.934238;-0.089151;,
  0.013613;0.956622;-0.069439;,
  0.044563;0.871411;-0.084135;,
  0.027346;0.868226;-0.089250;,
  0.041659;0.900699;-0.088200;,
  0.054550;0.835623;-0.029415;,
  0.063776;0.856216;-0.010028;,
  0.056829;0.843617;0.001544;,
  0.066116;0.895159;-0.008689;,
  0.065881;0.895052;-0.033224;,
  0.055793;0.913316;-0.076541;,
  0.065511;0.926121;-0.053701;,
  0.060556;0.880237;-0.055465;,
  0.064195;0.905360;0.004526;,
  0.054282;0.921531;0.019966;,
  0.015647;0.928181;0.030868;,
  0.048284;0.959104;-0.010110;,
  0.015882;0.966078;-0.000651;,
  0.060717;0.860006;-0.045160;,
  0.044517;0.821438;-0.037755;,
  0.045313;0.846175;-0.063835;,
  0.029154;0.794663;-0.037839;,
  0.010035;0.795047;-0.024390;,
  0.009252;0.788212;-0.044381;,
  0.037814;0.922089;-0.088069;,
  0.052721;0.942019;-0.064133;,
  0.062643;0.948424;-0.026624;,
  0.049051;0.961013;-0.041411;,
  0.032165;0.969180;-0.037389;,
  0.015071;0.972700;-0.035701;,
  0.014597;0.888362;0.036122;,
  0.062643;0.948424;-0.026624;,
  0.049051;0.961013;-0.041411;,
  0.070045;0.858224;-0.011899;,
  0.076666;0.904216;-0.022210;,
  0.081742;0.890140;-0.007056;,
  0.069072;0.885386;-0.018937;,
  0.081742;0.890140;-0.007056;,
  0.070045;0.858224;-0.011899;,
  0.076666;0.904216;-0.022210;,
  0.065881;0.895052;-0.033224;,
  0.065749;0.870186;-0.029344;,
  0.063776;0.856216;-0.010028;,
  0.045371;0.866448;-0.073022;,
  0.065749;0.870186;-0.029344;,
  0.043669;0.801710;0.036206;,
  0.045629;0.831774;0.024337;,
  0.073665;0.775221;0.038511;,
  0.051394;0.856876;0.011975;,
  0.012081;0.783165;-0.004465;,
  0.012125;0.760807;-0.012596;,
  -0.003376;0.556063;-0.027999;,
  -0.011675;0.506098;0.112360;,
  -0.012268;0.471814;0.111423;,
  -0.014078;0.445666;0.099371;,
  0.013972;0.804752;-0.011149;,
  -0.009571;0.452477;0.045839;,
  0.032165;0.969180;-0.037389;,
  0.015071;0.972700;-0.035701;,
  0.030064;0.821285;-0.055563;,
  0.022625;0.839447;-0.070946;,
  0.022655;0.830528;-0.067249;,
  0.011746;0.920609;-0.096488;,
  0.010895;0.895364;-0.099547;,
  0.025479;0.863888;-0.077118;,
  -0.016282;0.610556;0.079712;,
  0.073665;0.775221;0.038511;,
  0.072680;-0.001385;-0.067739;,
  0.021413;0.810939;-0.057965;,
  0.029374;0.815386;-0.052658;,
  0.021444;0.816795;-0.056612;,
  0.009683;0.827996;-0.071055;,
  0.009458;0.832015;-0.083077;,
  0.021069;0.818454;-0.062594;,
  0.009767;0.817213;-0.056870;,
  0.009435;0.808684;-0.059461;,
  0.010129;0.865040;-0.094365;,
  0.010130;0.858019;-0.087008;,
  0.085585;0.728549;0.085830;,
  0.009517;0.817367;-0.065713;,
  0.073454;0.721001;0.054463;,
  0.081311;0.718535;0.038929;,
  0.090768;0.729217;0.011911;,
  0.064195;0.905360;0.004526;,
  0.057311;0.216830;-0.007521;,
  0.023992;0.145757;-0.010518;,
  0.014728;0.221791;-0.024969;,
  0.055785;0.143762;0.004712;,
  0.057185;0.274321;-0.038057;,
  0.018031;0.277758;-0.039760;,
  0.056705;0.370172;-0.025051;,
  0.005620;0.370703;-0.028458;,
  0.050406;0.467068;-0.011972;,
  0.002415;0.459431;-0.023449;,
  0.034952;0.503023;-0.008037;,
  0.023990;0.073451;-0.002496;,
  0.057316;0.066051;0.019391;,
  0.023692;0.153237;0.098746;,
  -0.014295;0.083652;0.138726;,
  0.026578;0.083673;0.108099;,
  -0.013575;0.156366;0.128459;,
  -0.011598;0.222064;0.109899;,
  0.017911;0.224041;0.081964;,
  -0.010460;0.283022;0.107198;,
  0.020338;0.270870;0.073461;,
  0.009587;0.356893;0.088327;,
  -0.013251;0.370013;0.106452;,
  -0.012874;0.444083;0.113371;,
  0.073454;0.721001;0.054463;,
  -0.056721;0.772940;-0.016907;,
  -0.021942;0.767454;-0.011622;,
  -0.064841;0.754438;-0.024165;,
  -0.019017;0.794890;0.008064;,
  -0.072978;0.744117;-0.028742;,
  -0.042395;0.705245;-0.044811;,
  -0.084786;0.708540;-0.022321;,
  -0.027100;0.738539;-0.032976;,
  -0.027792;0.812712;0.045745;,
  -0.082440;0.790001;0.055681;,
  -0.053866;0.791939;0.069152;,
  -0.068339;0.792957;0.029212;,
  -0.091836;0.558254;0.062457;,
  -0.053315;0.566170;0.080963;,
  -0.085385;0.568165;0.056614;,
  -0.051768;0.554306;0.088941;,
  -0.076487;0.565959;0.001210;,
  -0.091203;0.540466;0.023052;,
  -0.046866;0.559302;-0.027316;,
  -0.075880;0.515218;-0.004257;,
  -0.046991;0.504545;-0.011855;,
  -0.010575;0.563224;0.083789;,
  -0.009875;0.549251;0.090929;,
  -0.068646;0.659897;0.075673;,
  -0.019650;0.694069;0.097399;,
  -0.073954;0.700300;0.080812;,
  -0.018441;0.658008;0.089600;,
  -0.062340;0.467310;-0.015797;,
  -0.105935;0.365296;0.002381;,
  -0.098616;0.464514;0.019323;,
  -0.066723;0.369441;-0.024090;,
  -0.065631;0.274419;-0.032322;,
  -0.096567;0.272124;0.010582;,
  -0.014387;0.467518;0.007457;,
  -0.030317;0.362503;0.078585;,
  -0.020297;0.367678;0.003457;,
  -0.024326;0.447620;0.100442;,
  -0.044810;0.273832;0.051887;,
  -0.039786;0.271582;0.009923;,
  -0.109417;0.362076;0.066978;,
  -0.096370;0.445013;0.078036;,
  -0.085484;0.276095;0.049655;,
  -0.091697;-0.001437;0.054146;,
  -0.052132;-0.001522;0.099606;,
  -0.086988;-0.001545;0.099339;,
  -0.046802;-0.001414;0.051079;,
  -0.068092;0.217930;-0.002812;,
  -0.097770;0.145675;0.035148;,
  -0.100893;0.219535;0.024329;,
  -0.067160;0.144613;0.007897;,
  -0.089610;0.067554;0.048707;,
  -0.068810;0.066405;0.020737;,
  -0.027945;0.202683;0.024758;,
  -0.038275;0.158041;0.075324;,
  -0.038879;0.145059;0.034516;,
  -0.032016;0.223605;0.076260;,
  -0.057642;0.079739;0.072267;,
  -0.052897;0.059933;0.046014;,
  -0.100261;0.156121;0.072167;,
  -0.103890;0.230578;0.072427;,
  -0.081749;0.084548;0.070970;,
  -0.098149;0.512102;0.029690;,
  -0.014387;0.467518;0.007457;,
  -0.102454;0.510267;0.084112;,
  -0.053603;0.509521;0.110472;,
  -0.096967;0.459148;0.083186;,
  -0.052719;0.463080;0.107375;,
  -0.062675;0.613027;0.070121;,
  -0.096275;0.660704;0.052059;,
  -0.103990;0.667046;0.033361;,
  -0.074429;0.618708;-0.008954;,
  -0.090085;0.615324;0.039807;,
  -0.087136;0.672517;-0.017960;,
  -0.046715;0.670227;-0.046706;,
  -0.047307;0.614575;-0.034457;,
  -0.116438;0.737297;-0.036101;,
  -0.070988;0.717379;-0.015288;,
  -0.151873;0.701137;-0.037388;,
  -0.140970;0.636225;-0.012011;,
  -0.178815;0.662415;-0.027435;,
  -0.106022;0.667047;-0.019346;,
  -0.092700;0.716289;0.041627;,
  -0.124007;0.675963;0.043603;,
  -0.106022;0.667047;-0.019346;,
  -0.162362;0.626595;0.029846;,
  -0.140970;0.636225;-0.012011;,
  -0.100723;0.722728;0.046379;,
  -0.169796;0.710369;0.025620;,
  -0.134324;0.745200;0.026877;,
  -0.200193;0.652521;0.014426;,
  -0.129644;0.746057;-0.010703;,
  -0.174327;0.665671;-0.044264;,
  -0.135192;0.607481;-0.081630;,
  -0.163907;0.628739;-0.090055;,
  -0.128962;0.634564;-0.027688;,
  -0.138823;0.581870;-0.114535;,
  -0.158473;0.595930;-0.127236;,
  -0.128962;0.634564;-0.027688;,
  -0.176007;0.575146;-0.057912;,
  -0.135192;0.607481;-0.081630;,
  -0.166967;0.594436;0.002956;,
  -0.170322;0.561194;-0.105338;,
  -0.138823;0.581870;-0.114535;,
  -0.197806;0.591832;-0.064269;,
  -0.212039;0.625464;-0.013483;,
  -0.181869;0.570660;-0.112362;,
  -0.110105;0.540526;-0.187205;,
  -0.164917;0.550007;-0.174459;,
  -0.157297;0.533636;-0.186504;,
  -0.117331;0.557348;-0.175010;,
  -0.098321;0.580140;-0.181113;,
  -0.106270;0.587373;-0.193956;,
  -0.099049;0.591768;-0.181718;,
  -0.101093;0.577918;-0.191752;,
  -0.162592;0.541810;-0.141982;,
  -0.128372;0.580159;-0.173659;,
  -0.121294;0.569489;-0.141334;,
  -0.165843;0.543406;-0.179167;,
  -0.175125;0.556740;-0.190750;,
  -0.184632;0.571781;-0.148870;,
  -0.142126;0.601671;-0.147507;,
  -0.139408;0.592433;-0.184797;,
  -0.100151;0.784340;0.022703;,
  -0.097996;0.787544;-0.006947;,
  -0.068339;0.792957;0.029212;,
  -0.062100;0.790251;0.005193;,
  -0.105669;0.707532;0.056154;,
  -0.031220;0.808320;0.017627;,
  -0.086264;0.772023;-0.026781;,
  -0.064841;0.754438;-0.024165;,
  -0.084781;0.744379;-0.027464;,
  -0.056721;0.772940;-0.016907;,
  -0.104218;0.751224;0.052969;,
  -0.105406;0.755711;0.049135;,
  -0.072171;0.738901;0.078562;,
  -0.017510;0.728502;0.095364;,
  -0.007475;0.783973;0.074650;,
  -0.082440;0.790001;0.055681;,
  -0.105406;0.755711;0.049135;,
  -0.079770;0.733635;-0.000999;,
  -0.070988;0.717379;-0.015288;,
  -0.103442;0.745561;0.038832;,
  -0.100803;0.706252;0.024195;,
  -0.086593;0.704368;-0.008149;,
  -0.072978;0.744117;-0.028742;,
  -0.109368;0.708607;0.038706;,
  -0.121294;0.569489;-0.141334;,
  -0.023472;0.836034;0.015960;,
  -0.016516;0.844630;0.035748;,
  -0.000540;0.812095;0.057215;,
  0.008347;0.847931;0.045774;,
  -0.139408;0.592433;-0.184797;,
  -0.110105;0.540526;-0.187205;,
  -0.157297;0.533636;-0.186504;,
  -0.106710;0.573897;-0.164117;,
  -0.114144;0.597932;-0.170283;,
  -0.106710;0.573897;-0.164117;,
  -0.114734;0.572721;-0.179961;,
  -0.130759;0.591076;-0.183432;,
  -0.130759;0.591076;-0.183432;,
  -0.098321;0.580140;-0.181113;,
  -0.099049;0.591768;-0.181718;,
  -0.106270;0.587373;-0.193956;,
  -0.097938;0.020228;-0.022688;,
  -0.067684;-0.001385;-0.067434;,
  -0.103498;-0.001396;-0.029925;,
  -0.066363;0.017194;-0.060198;,
  -0.048385;0.031888;0.088976;,
  -0.046802;-0.001414;0.051079;,
  -0.045431;0.023543;0.048546;,
  -0.052132;-0.001522;0.099606;,
  -0.057642;0.079739;0.072267;,
  -0.089925;0.034911;0.088445;,
  -0.081749;0.084548;0.070970;,
  -0.091697;-0.001437;0.054146;,
  -0.092847;0.033508;0.051675;,
  -0.086988;-0.001545;0.099339;,
  -0.068810;0.066405;0.020737;,
  -0.089610;0.067554;0.048707;,
  -0.038871;0.014161;-0.049744;,
  -0.032744;-0.001373;-0.056981;,
  -0.103498;-0.001396;-0.029925;,
  -0.032744;-0.001373;-0.056981;,
  -0.020297;0.367678;0.003457;,
  -0.039786;0.271582;0.009923;,
  -0.027945;0.202683;0.024758;,
  -0.038879;0.145059;0.034516;,
  -0.052897;0.059933;0.046014;,
  -0.052897;0.059933;0.046014;,
  -0.034263;0.832412;0.000714;,
  -0.017602;0.815349;-0.011752;,
  -0.014154;0.826377;0.002158;,
  -0.026483;0.820972;-0.015692;,
  -0.025361;0.859193;0.014189;,
  -0.016502;0.876327;0.028696;,
  -0.006125;0.953003;-0.067049;,
  0.013613;0.956622;-0.069439;,
  -0.023211;0.873457;-0.082180;,
  -0.018786;0.902524;-0.086457;,
  -0.006541;0.869248;-0.088273;,
  -0.032170;0.838241;-0.026914;,
  -0.039006;0.859319;-0.007063;,
  -0.032176;0.846303;0.004111;,
  -0.038913;0.898330;-0.005660;,
  -0.040099;0.898251;-0.030168;,
  -0.031439;0.915950;-0.074026;,
  -0.036966;0.883181;-0.052652;,
  -0.039037;0.929277;-0.050685;,
  -0.035624;0.908373;0.007404;,
  -0.023882;0.923891;0.022220;,
  0.015647;0.928181;0.030868;,
  -0.017371;0.961086;-0.008217;,
  0.015882;0.966078;-0.000651;,
  -0.037752;0.862979;-0.042320;,
  -0.024311;0.848277;-0.061827;,
  -0.023507;0.823492;-0.035793;,
  -0.009816;0.795839;-0.036715;,
  -0.013658;0.923643;-0.086585;,
  -0.025933;0.944394;-0.061864;,
  -0.033276;0.951320;-0.023858;,
  -0.019823;0.963092;-0.039424;,
  0.015071;0.972700;-0.035701;,
  -0.002272;0.970219;-0.036396;,
  0.014597;0.888362;0.036122;,
  -0.033276;0.951320;-0.023858;,
  -0.019823;0.963092;-0.039424;,
  -0.045240;0.861705;-0.008574;,
  -0.049660;0.908029;-0.018566;,
  -0.043039;0.888771;-0.015704;,
  -0.054694;0.894258;-0.003121;,
  -0.054694;0.894258;-0.003121;,
  -0.045240;0.861705;-0.008574;,
  -0.049660;0.908029;-0.018566;,
  -0.040099;0.898251;-0.030168;,
  -0.041242;0.873416;-0.026258;,
  -0.039006;0.859319;-0.007063;,
  -0.023676;0.868532;-0.071030;,
  -0.041242;0.873416;-0.026258;,
  -0.031220;0.808320;0.017627;,
  -0.023472;0.836034;0.015960;,
  -0.062100;0.790251;0.005193;,
  -0.025361;0.859193;0.014189;,
  -0.011675;0.506098;0.112360;,
  -0.012268;0.471814;0.111423;,
  -0.014078;0.445666;0.099371;,
  -0.009571;0.452477;0.045839;,
  -0.002272;0.970219;-0.036396;,
  0.015071;0.972700;-0.035701;,
  -0.010139;0.822499;-0.054404;,
  -0.002517;0.840206;-0.070221;,
  -0.002871;0.831298;-0.066513;,
  -0.004244;0.864785;-0.076261;,
  -0.016282;0.610556;0.079712;,
  -0.062100;0.790251;0.005193;,
  -0.067684;-0.001385;-0.067434;,
  -0.009639;0.816563;-0.051533;,
  -0.002280;0.811654;-0.057281;,
  -0.001880;0.817499;-0.055939;,
  -0.001751;0.819143;-0.061936;,
  -0.103442;0.745561;0.038832;,
  -0.079547;0.734997;0.016522;,
  -0.079770;0.733635;-0.000999;,
  -0.072978;0.744117;-0.028742;,
  -0.035624;0.908373;0.007404;,
  -0.029576;0.223478;-0.021865;,
  -0.010995;0.147943;-0.014497;,
  -0.038705;0.147609;-0.009861;,
  -0.009470;0.225203;-0.023299;,
  -0.031865;0.277747;-0.035473;,
  -0.006835;0.279165;-0.035900;,
  -0.020081;0.370375;-0.025850;,
  -0.006490;0.367883;-0.027248;,
  -0.014934;0.459399;-0.023066;,
  -0.005912;0.453764;-0.023856;,
  -0.005646;0.495374;-0.021325;,
  -0.046991;0.504545;-0.011855;,
  -0.012121;0.081659;-0.010865;,
  -0.041179;0.075544;-0.002769;,
  -0.038066;0.079183;0.112171;,
  -0.100261;0.156121;0.072167;,
  -0.081735;0.084548;0.070972;,
  -0.040194;0.153816;0.102257;,
  -0.103890;0.230578;0.072427;,
  -0.040752;0.220920;0.090996;,
  -0.039214;0.274329;0.086309;,
  -0.085484;0.276095;0.049655;,
  -0.109417;0.362076;0.066978;,
  -0.029774;0.361157;0.096031;,
  -0.012268;0.471814;0.111423;,
  -0.052719;0.463080;0.107375;,
  -0.079547;0.734997;0.016522;,
  -0.062340;0.467311;-0.015797;,
  -0.066723;0.369441;-0.024090;,
  -0.065631;0.274419;-0.032322;,
  -0.068092;0.217930;-0.002812;,
  -0.067160;0.144613;0.007897;,
  -0.068810;0.066405;0.020737;,
  0.091217;0.358472;0.068984;,
  0.028882;0.460202;0.110352;,
  0.075758;0.441111;0.083680;,
  0.069615;0.274618;0.045109;,
  0.086071;0.231385;0.070347;,
  0.082860;0.156916;0.071439;,
  0.064131;0.084981;0.070411;,
  -0.096370;0.445013;0.078036;;
  916;
  3;0,1,2;,
  3;1,0,3;,
  3;4,5,6;,
  3;5,4,7;,
  3;8,9,10;,
  3;9,8,11;,
  3;12,13,14;,
  3;13,12,15;,
  3;16,12,17;,
  3;12,16,15;,
  3;18,19,20;,
  3;19,18,16;,
  3;6,21,22;,
  3;21,6,5;,
  3;14,23,24;,
  3;23,14,13;,
  3;25,26,27;,
  3;26,25,28;,
  3;29,30,31;,
  3;30,29,32;,
  3;30,33,31;,
  3;33,30,34;,
  3;35,36,37;,
  3;36,35,38;,
  3;38,39,36;,
  3;39,38,40;,
  3;37,41,42;,
  3;41,37,36;,
  3;36,43,41;,
  3;43,36,39;,
  3;42,30,32;,
  3;30,42,41;,
  3;41,34,30;,
  3;34,41,43;,
  3;44,45,46;,
  3;45,44,47;,
  3;48,49,50;,
  3;49,48,51;,
  3;50,52,53;,
  3;52,50,49;,
  3;54,55,56;,
  3;55,54,57;,
  3;57,58,55;,
  3;58,57,59;,
  3;56,60,61;,
  3;60,56,55;,
  3;55,62,60;,
  3;62,55,58;,
  3;61,49,51;,
  3;49,61,60;,
  3;60,52,49;,
  3;52,60,62;,
  3;32,19,63;,
  3;19,32,29;,
  3;64,65,66;,
  3;65,64,20;,
  3;14,67,12;,
  3;67,14,68;,
  3;68,69,67;,
  3;69,68,70;,
  3;70,42,69;,
  3;42,70,37;,
  3;48,34,51;,
  3;34,48,33;,
  3;51,43,61;,
  3;43,51,34;,
  3;43,56,61;,
  3;56,43,39;,
  3;39,54,56;,
  3;54,39,40;,
  3;12,63,17;,
  3;63,12,67;,
  3;67,32,63;,
  3;32,67,69;,
  3;69,42,32;,
  3;71,72,25;,
  3;73,74,75;,
  3;74,73,76;,
  3;74,77,75;,
  3;77,74,78;,
  3;79,78,80;,
  3;78,79,77;,
  3;81,82,83;,
  3;82,84,85;,
  3;84,82,86;,
  3;87,88,89;,
  3;88,90,89;,
  3;90,88,91;,
  3;92,93,94;,
  3;92,89,93;,
  3;92,87,89;,
  3;89,95,93;,
  3;95,89,90;,
  3;96,93,82;,
  3;93,86,82;,
  3;86,93,95;,
  3;97,98,99;,
  3;98,97,100;,
  3;100,101,98;,
  3;101,100,102;,
  3;103,104,105;,
  3;104,103,106;,
  3;106,107,104;,
  3;107,106,108;,
  3;105,109,110;,
  3;109,105,104;,
  3;104,111,109;,
  3;111,104,107;,
  3;110,100,97;,
  3;100,110,109;,
  3;109,102,100;,
  3;102,109,111;,
  3;112,113,114;,
  3;113,112,115;,
  3;116,117,118;,
  3;117,116,119;,
  3;120,121,122;,
  3;121,120,123;,
  3;120,124,125;,
  3;124,120,122;,
  3;126,124,127;,
  3;124,126,125;,
  3;95,97,86;,
  3;97,95,110;,
  3;86,99,84;,
  3;99,86,97;,
  3;90,103,105;,
  3;103,90,91;,
  3;105,95,90;,
  3;95,105,110;,
  3;128,96,129;,
  3;96,128,94;,
  3;129,130,128;,
  3;130,129,131;,
  3;72,28,25;,
  3;28,72,132;,
  3;10,133,8;,
  3;134,135,136;,
  3;135,134,137;,
  3;81,137,134;,
  3;138,11,139;,
  3;138,9,11;,
  3;138,140,9;,
  3;141,11,142;,
  3;11,141,139;,
  3;128,130,143;,
  3;94,144,92;,
  3;94,143,144;,
  3;94,128,143;,
  3;145,87,146;,
  3;87,145,147;,
  3;75,148,73;,
  3;148,75,149;,
  3;150,147,145;,
  3;7,149,75;,
  3;148,151,73;,
  3;102,152,101;,
  3;152,102,126;,
  3;102,125,126;,
  3;125,102,111;,
  3;111,120,125;,
  3;120,111,107;,
  3;120,108,123;,
  3;108,120,107;,
  3;8,153,154;,
  3;153,8,133;,
  3;154,155,8;,
  3;155,154,156;,
  3;122,114,113;,
  3;114,122,121;,
  3;121,112,114;,
  3;112,121,157;,
  3;158,124,159;,
  3;124,158,127;,
  3;159,122,113;,
  3;122,159,124;,
  3;126,160,152;,
  3;160,126,161;,
  3;162,121,123;,
  3;121,162,163;,
  3;121,164,157;,
  3;164,121,163;,
  3;165,126,127;,
  3;126,165,161;,
  3;161,166,160;,
  3;166,161,167;,
  3;162,118,163;,
  3;118,162,116;,
  3;163,117,164;,
  3;117,163,118;,
  3;165,167,161;,
  3;167,165,168;,
  3;169,170,171;,
  3;170,169,172;,
  3;173,174,175;,
  3;174,173,176;,
  3;177,178,179;,
  3;178,177,173;,
  3;180,178,181;,
  3;178,180,182;,
  3;183,169,171;,
  3;169,183,184;,
  3;174,185,186;,
  3;185,174,176;,
  3;46,187,44;,
  3;187,46,188;,
  3;180,169,182;,
  3;169,180,172;,
  3;20,29,65;,
  3;19,29,20;,
  3;29,31,189;,
  3;31,190,189;,
  3;190,31,33;,
  3;33,191,190;,
  3;191,33,48;,
  3;191,50,192;,
  3;50,191,48;,
  3;192,53,193;,
  3;53,192,50;,
  3;194,171,185;,
  3;171,194,183;,
  3;171,186,185;,
  3;186,171,170;,
  3;185,176,194;,
  3;194,173,177;,
  3;173,194,176;,
  3;178,175,181;,
  3;175,178,173;,
  3;179,182,184;,
  3;182,179,178;,
  3;182,169,184;,
  3;16,17,19;,
  3;17,63,19;,
  3;65,195,66;,
  3;196,197,198;,
  3;197,196,199;,
  3;200,154,153;,
  3;154,200,201;,
  3;202,203,204;,
  3;205,206,207;,
  3;196,208,209;,
  3;208,196,198;,
  3;210,209,211;,
  3;209,210,196;,
  3;212,213,214;,
  3;213,212,215;,
  3;212,214,211;,
  3;201,216,217;,
  3;216,201,200;,
  3;218,219,220;,
  3;219,218,217;,
  3;210,199,196;,
  3;213,205,207;,
  3;221,222,223;,
  3;198,197,224;,
  3;224,225,226;,
  3;225,224,197;,
  3;227,213,207;,
  3;228,229,214;,
  3;229,228,230;,
  3;220,231,232;,
  3;213,228,214;,
  3;156,201,233;,
  3;201,156,154;,
  3;233,217,218;,
  3;217,233,201;,
  3;219,217,234;,
  3;235,219,234;,
  3;236,237,238;,
  3;237,236,239;,
  3;209,240,211;,
  3;240,209,241;,
  3;211,242,212;,
  3;242,211,240;,
  3;243,239,244;,
  3;239,243,237;,
  3;244,236,245;,
  3;236,244,239;,
  3;246,221,223;,
  3;221,246,215;,
  3;221,212,247;,
  3;212,221,215;,
  3;199,248,2;,
  3;248,199,249;,
  3;133,10,250;,
  3;249,210,251;,
  3;210,249,199;,
  3;210,211,251;,
  3;252,1,253;,
  3;1,252,2;,
