xof 0303txt 0032
template ColorRGBA {
 <35ff44e0-6c7c-11cf-8f52-0040333594a3>
 FLOAT red;
 FLOAT green;
 FLOAT blue;
 FLOAT alpha;
}

template ColorRGB {
 <d3e16e81-7835-11cf-8f52-0040333594a3>
 FLOAT red;
 FLOAT green;
 FLOAT blue;
}

template Material {
 <3d82ab4d-62da-11cf-ab39-0020af71e433>
 ColorRGBA faceColor;
 FLOAT power;
 ColorRGB specularColor;
 ColorRGB emissiveColor;
 [...]
}

template TextureFilename {
 <a42790e1-7810-11cf-8f52-0040333594a3>
 STRING filename;
}

template Frame {
 <3d82ab46-62da-11cf-ab39-0020af71e433>
 [...]
}

template Matrix4x4 {
 <f6f23f45-7686-11cf-8f52-0040333594a3>
 array FLOAT matrix[16];
}

template FrameTransformMatrix {
 <f6f23f41-7686-11cf-8f52-0040333594a3>
 Matrix4x4 frameMatrix;
}

template Vector {
 <3d82ab5e-62da-11cf-ab39-0020af71e433>
 FLOAT x;
 FLOAT y;
 FLOAT z;
}

template MeshFace {
 <3d82ab5f-62da-11cf-ab39-0020af71e433>
 DWORD nFaceVertexIndices;
 array DWORD faceVertexIndices[nFaceVertexIndices];
}

template Mesh {
 <3d82ab44-62da-11cf-ab39-0020af71e433>
 DWORD nVertices;
 array Vector vertices[nVertices];
 DWORD nFaces;
 array MeshFace faces[nFaces];
 [...]
}

template MeshMaterialList {
 <f6f23f42-7686-11cf-8f52-0040333594a3>
 DWORD nMaterials;
 DWORD nFaceIndexes;
 array DWORD faceIndexes[nFaceIndexes];
 [Material <3d82ab4d-62da-11cf-ab39-0020af71e433>]
}

template VertexElement {
 <f752461c-1e23-48f6-b9f8-8350850f336f>
 DWORD Type;
 DWORD Method;
 DWORD Usage;
 DWORD UsageIndex;
}

template DeclData {
 <bf22e553-292c-4781-9fea-62bd554bdd93>
 DWORD nElements;
 array VertexElement Elements[nElements];
 DWORD nDWords;
 array DWORD data[nDWords];
}

template XSkinMeshHeader {
 <3cf169ce-ff7c-44ab-93c0-f78f62d172e2>
 WORD nMaxSkinWeightsPerVertex;
 WORD nMaxSkinWeightsPerFace;
 WORD nBones;
}

template SkinWeights {
 <6f0d123b-bad2-4167-a0d0-80224f25fabb>
 STRING transformNodeName;
 DWORD nWeights;
 array DWORD vertexIndices[nWeights];
 array FLOAT weights[nWeights];
 Matrix4x4 matrixOffset;
}

template AnimTicksPerSecond {
 <9e415a43-7ba6-4a73-8743-b73d47e88476>
 DWORD AnimTicksPerSecond;
}

template Animation {
 <3d82ab4f-62da-11cf-ab39-0020af71e433>
 [...]
}

template AnimationSet {
 <3d82ab50-62da-11cf-ab39-0020af71e433>
 [Animation <3d82ab4f-62da-11cf-ab39-0020af71e433>]
}

template FloatKeys {
 <10dd46a9-775b-11cf-8f52-0040333594a3>
 DWORD nValues;
 array FLOAT values[nValues];
}

template TimedFloatKeys {
 <f406b180-7b3b-11cf-8f52-0040333594a3>
 DWORD time;
 FloatKeys tfkeys;
}

template AnimationKey {
 <10dd46a8-775b-11cf-8f52-0040333594a3>
 DWORD keyType;
 DWORD nKeys;
 array TimedFloatKeys keys[nKeys];
}


Material _03_-_Default {
 1.000000;1.000000;1.000000;1.000000;;
 9.999999;
 0.000000;0.000000;0.000000;;
 0.000000;0.000000;0.000000;;

 TextureFilename {
  "MaleBody_full.png";
 }
}

Frame Dummy01 {
 

 FrameTransformMatrix {
  1.000000,0.000000,0.000000,0.000000,0.000000,-0.000000,-1.000000,0.000000,0.000000,1.000000,-0.000000,0.000000,0.000000,0.000000,0.000000,1.000000;;
 }

 Frame Bip01 {
  

  FrameTransformMatrix {
   -0.342528,0.937267,-0.064841,0.000000,-0.056497,0.048343,0.997232,0.000000,0.937807,0.345244,0.036394,0.000000,-0.040390,-0.065696,0.443928,1.000000;;
  }

  Frame Bip01_Pelvis {
   

   FrameTransformMatrix {
    -0.008703,0.999025,0.043284,0.000000,0.048759,-0.042810,0.997893,0.000000,0.998773,0.010795,-0.048339,0.000000,0.000000,0.000000,0.000000,1.000000;;
   }

   Frame Bip01_Spine {
    

    FrameTransformMatrix {
     0.871338,0.089140,0.482519,0.000000,-0.073181,0.995970,-0.051844,0.000000,-0.485196,0.009863,0.874350,0.000000,0.051624,-0.002211,0.000483,1.000000;;
    }

    Frame Bip01_Spine1 {
     

     FrameTransformMatrix {
      0.883570,0.204325,0.421372,0.000000,-0.196073,0.978541,-0.063356,0.000000,-0.425275,-0.026640,0.904672,0.000000,0.106516,0.000002,-0.000077,1.000000;;
     }

     Frame Bip01_Neck {
      

      FrameTransformMatrix {
       0.995150,0.092311,-0.033976,0.000000,-0.098249,0.949621,-0.297603,0.000000,0.004792,0.299498,0.954085,0.000000,0.130504,-0.000008,0.004626,1.000000;;
      }

      Frame Bip01_Head {
       

       FrameTransformMatrix {
        0.796400,-0.036455,-0.603670,0.000000,0.063425,0.997712,0.023424,0.000000,0.601435,-0.056942,0.796890,0.000000,0.033674,0.000000,-0.000000,1.000000;;
       }

       Frame Bip01_HeadNub {
        

        FrameTransformMatrix {
         1.000000,-0.000000,0.000000,0.000000,0.000000,1.000000,0.000000,0.000000,-0.000000,0.000000,1.000000,0.000000,0.169824,-0.000000,0.000000,1.000000;;
        }
       }
      }

      Frame Bip01_L_Clavicle {
       

       FrameTransformMatrix {
        -0.000185,0.951929,0.306318,0.000000,0.999422,-0.010241,0.032429,0.000000,0.034007,0.306147,-0.951377,0.000000,-0.022299,0.018668,0.000180,1.000000;;
       }

       Frame Bip01_L_UpperArm {
        

        FrameTransformMatrix {
         0.720326,-0.666403,-0.192450,0.000000,0.684661,0.638604,0.351318,0.000000,-0.111220,-0.384827,0.916263,0.000000,0.087086,0.000000,0.000000,1.000000;;
        }

        Frame Bip01_L_Forearm {
         

         FrameTransformMatrix {
          -0.199986,-0.000000,-0.979799,0.000000,0.000000,1.000000,0.000000,0.000000,0.979799,0.000000,-0.199986,0.000000,0.137062,-0.000000,0.000000,1.000000;;
         }

         Frame Bip01_L_Hand {
          

          FrameTransformMatrix {
           0.706112,0.311810,-0.635752,0.000000,0.164023,0.801384,0.575222,0.000000,0.688841,-0.510449,0.514723,0.000000,0.137062,0.000000,0.000000,1.000000;;
          }

          Frame Bip01_L_Finger0 {
           

           FrameTransformMatrix {
            0.550068,-0.136387,0.823908,0.000000,0.549215,0.802291,-0.233865,0.000000,-0.629118,0.581144,0.516220,0.000000,0.057681,-0.023605,-0.000272,1.000000;;
           }

           Frame Bip01_L_Finger0Nub {
            

            FrameTransformMatrix {
             1.000000,0.000000,0.000000,0.000000,-0.000000,1.000000,-0.000000,0.000000,-0.000000,0.000000,1.000000,0.000000,0.029435,0.000000,0.000000,1.000000;;
            }
           }
          }

          Frame Bip01_L_Finger1 {
           

           FrameTransformMatrix {
            -0.075930,-0.000794,0.997113,0.000000,-0.000000,1.000000,0.000796,0.000000,-0.997113,0.000060,-0.075930,0.000000,0.084102,0.000000,-0.000000,1.000000;;
           }

           Frame Bip01_L_Finger1Nub {
            

            FrameTransformMatrix {
             1.000000,-0.000000,-0.000000,0.000000,0.000000,1.000000,0.000000,0.000000,0.000000,-0.000000,1.000000,0.000000,0.047988,0.000000,-0.000000,1.000000;;
            }
           }
          }
         }
        }
       }
      }

      Frame Bip01_R_Clavicle {
       

       FrameTransformMatrix {
        -0.401657,-0.882590,-0.244349,0.000000,-0.915331,0.395345,0.076622,0.000000,0.028976,0.254436,-0.966655,0.000000,-0.025201,-0.011178,-0.009233,1.000000;;
       }

       Frame Bip01_R_UpperArm {
        

        FrameTransformMatrix {
         0.073990,0.586505,-0.806559,0.000000,-0.518291,0.713584,0.471351,0.000000,0.851998,0.383157,0.356778,0.000000,0.087086,-0.000000,0.000000,1.000000;;
        }

        Frame Bip01_R_Forearm {
         

         FrameTransformMatrix {
          0.824310,-0.000000,-0.566138,0.000000,0.000000,1.000000,0.000000,0.000000,0.566138,-0.000000,0.824310,0.000000,0.137062,-0.000000,0.000000,1.000000;;
         }

         Frame Bip01_R_Hand {
          

          FrameTransformMatrix {
           0.936457,-0.269472,-0.224574,0.000000,-0.094904,0.421702,-0.901754,0.000000,0.337701,0.865767,0.369331,0.000000,0.137062,0.000000,-0.000000,1.000000;;
          }

          Frame Bip01_R_Finger0 {
           

           FrameTransformMatrix {
            0.241899,-0.366303,0.898503,0.000000,-0.434954,0.786819,0.437872,0.000000,-0.867353,-0.496728,0.031006,0.000000,0.057681,0.023605,-0.000272,1.000000;;
           }

           Frame Bip01_R_Finger0Nub {
            

            FrameTransformMatrix {
             -1.000000,0.000000,0.000000,0.000000,0.000000,1.000000,-0.000000,0.000000,-0.000000,0.000000,-1.000000,0.000000,0.029435,0.000000,0.000000,1.000000;;
            }
           }
          }

          Frame Bip01_R_Finger1 {
           

           FrameTransformMatrix {
            -0.366089,0.000741,0.930579,0.000000,0.000000,1.000000,-0.000796,0.000000,-0.930580,-0.000291,-0.366089,0.000000,0.084102,-0.000000,0.000000,1.000000;;
           }

           Frame Bip01_R_Finger1Nub {
            

            FrameTransformMatrix {
             -1.000000,0.000000,-0.000000,0.000000,0.000000,1.000000,-0.000000,0.000000,-0.000000,0.000000,-1.000000,0.000000,0.047988,0.000000,0.000000,1.000000;;
            }
           }
          }
         }
        }
       }
      }
     }

     Frame Bip01_BackPack {
      

      FrameTransformMatrix {
       -0.174826,0.237733,-0.955468,0.000000,0.110404,0.969026,0.220905,0.000000,0.978390,-0.066868,-0.195658,0.000000,0.043238,0.001401,-0.084748,1.000000;;
      }

      Frame Bip01_BackPackNub {
       

       FrameTransformMatrix {
        0.000796,0.000003,1.000000,0.000000,0.000000,-1.000000,0.000003,0.000000,1.000000,0.000000,-0.000796,0.000000,0.053240,0.000000,0.000000,1.000000;;
       }
      }
     }
    }

    Frame Bip01_L_Thigh {
     

     FrameTransformMatrix {
      -0.222359,0.368046,0.902828,0.000000,-0.036833,-0.928521,0.369448,0.000000,0.974269,0.048896,0.220022,0.000000,-0.040095,0.061008,0.025192,1.000000;;
     }

     Frame Bip01_L_Calf {
      

      FrameTransformMatrix {
       0.705982,0.000000,-0.708230,0.000000,0.000000,1.000000,0.000000,0.000000,0.708230,-0.000000,0.705982,0.000000,0.237500,-0.000000,-0.000000,1.000000;;
      }

      Frame Bip01_L_Foot {
       

       FrameTransformMatrix {
        0.954359,0.146605,0.260203,0.000000,-0.164587,0.985165,0.048599,0.000000,-0.249218,-0.089207,0.964330,0.000000,0.206841,-0.000000,0.000000,1.000000;;
       }

       Frame Bip01_L_Toe0 {
        

        FrameTransformMatrix {
         0.132994,0.006612,0.991095,0.000000,0.009842,0.999920,-0.007992,0.000000,-0.991068,0.010818,0.132918,0.000000,0.065373,0.000000,0.066450,1.000000;;
        }

        Frame Bip01_L_Toe0Nub {
         

         FrameTransformMatrix {
          -1.000000,-0.000000,0.000000,0.000000,-0.000000,1.000000,0.000000,0.000000,0.000000,-0.000000,-1.000000,0.000000,0.006735,0.000000,0.000000,1.000000;;
         }
        }
       }
      }
     }
    }

    Frame Bip01_R_Thigh {
     

     FrameTransformMatrix {
      -0.652866,0.032543,0.756774,0.000000,-0.169817,-0.979934,-0.104362,0.000000,0.738193,-0.196647,0.645292,0.000000,-0.049941,-0.048998,0.024102,1.000000;;
     }

     Frame Bip01_R_Calf {
      

      FrameTransformMatrix {
       0.498709,-0.000000,-0.866770,0.000000,-0.000000,1.000000,0.000000,0.000000,0.866770,-0.000000,0.498709,0.000000,0.237500,0.000000,0.000000,1.000000;;
      }

      Frame Bip01_R_Foot {
       

       FrameTransformMatrix {
        0.729767,0.062955,0.680792,0.000000,0.039312,0.990240,-0.133711,0.000000,-0.682565,0.124342,0.720169,0.000000,0.206841,0.000000,0.000000,1.000000;;
       }

       Frame Bip01_R_Toe0 {
        

        FrameTransformMatrix {
         0.356227,-0.296812,0.886005,0.000000,0.155025,0.953840,0.257207,0.000000,-0.921450,0.045729,0.385797,0.000000,0.065373,0.000000,0.066450,1.000000;;
        }

        Frame Bip01_R_Toe0Nub {
         

         FrameTransformMatrix {
          1.000000,-0.000000,0.000000,0.000000,0.000000,1.000000,0.000000,0.000000,0.000000,0.000000,1.000000,0.000000,0.006735,0.000000,-0.000000,1.000000;;
         }
        }
       }
      }
     }
    }
   }

   Frame Bip01_DressFront {
    

    FrameTransformMatrix {
     -0.742236,0.251498,0.621156,0.000000,0.214635,0.967295,-0.135173,0.000000,-0.634837,0.032992,-0.771942,0.000000,-0.043909,0.001394,0.061054,1.000000;;
    }

    Frame Bip01_DressFront02 {
     

     FrameTransformMatrix {
      0.866064,0.000001,0.499933,0.000000,-0.000001,1.000000,-0.000000,0.000000,-0.499933,-0.000000,0.866064,0.000000,0.183390,-0.000000,-0.000114,1.000000;;
     }

     Frame Bip01_DressFrontNub {
      

      FrameTransformMatrix {
       0.000796,0.000003,1.000000,0.000000,0.000000,-1.000000,0.000003,0.000000,1.000000,0.000000,-0.000796,0.000000,0.165302,0.000000,0.000000,1.000000;;
      }
     }
    }
   }

   Frame Bip01_DressBack {
    

    FrameTransformMatrix {
     -0.776569,0.231596,0.585922,0.000000,0.474856,0.826356,0.302733,0.000000,-0.414068,0.513322,-0.751697,0.000000,-0.047674,-0.000072,-0.078314,1.000000;;
    }

    Frame Bip01_DressBack02 {
     

     FrameTransformMatrix {
      0.780396,-0.312462,0.541617,0.000000,0.260018,0.949914,0.173360,0.000000,-0.568658,0.005540,0.822555,0.000000,0.176220,-0.000001,-0.000089,1.000000;;
     }

     Frame Bip01_DressBackNub {
      

      FrameTransformMatrix {
       0.000796,0.000003,1.000000,0.000000,0.000000,-1.000000,0.000003,0.000000,1.000000,-0.000000,-0.000796,0.000000,0.136508,-0.000000,0.000000,1.000000;;
      }
     }
    }
   }
  }

  Frame Bip01_Prop1 {
   

   FrameTransformMatrix {
    -0.752610,-0.339483,0.564207,0.000000,0.343548,0.528538,0.776288,0.000000,-0.561742,0.778074,-0.281154,0.000000,0.193448,-0.120280,-0.014695,1.000000;;
   }
  }

  Frame Bip01_Prop2 {
   

   FrameTransformMatrix {
    -0.273236,0.887542,-0.370961,0.000000,0.062585,-0.368416,-0.927552,0.000000,-0.959909,-0.276657,0.045118,0.000000,0.162028,0.016654,0.196365,1.000000;;
   }
  }
 }
}

Frame Translation_Data {
 

 FrameTransformMatrix {
  1.000000,0.000000,0.000000,0.000000,0.000000,-0.000000,-1.000000,0.000000,0.000000,1.000000,-0.000000,0.000000,0.000000,-0.000000,0.000000,1.000000;;
 }
}

Frame Body {
 

 FrameTransformMatrix {
  1.000000,0.000000,0.000000,0.000000,0.000000,1.000000,0.000000,0.000000,0.000000,0.000000,1.000000,0.000000,0.000000,0.000000,0.000000,1.000000;;
 }

 Mesh Body {
  617;
  -0.002339;0.602879;-0.113429;,
  -0.036693;0.603478;-0.100628;,
  -0.038192;0.633966;-0.115863;,
  0.007133;0.586931;-0.100025;,
  0.013643;0.576162;-0.088863;,
  -0.022287;0.553803;-0.064062;,
  -0.032899;0.571073;-0.084685;,
  0.021519;0.571647;-0.055960;,
  -0.028480;0.675180;-0.113062;,
  0.025634;0.671754;-0.089316;,
  0.008908;0.653877;-0.107554;,
  -0.001929;0.685261;-0.084941;,
  0.050781;0.494575;0.066175;,
  0.019387;0.508267;0.096616;,
  0.022207;0.491628;0.104871;,
  0.042163;0.506726;0.063910;,
  0.016295;0.499624;0.016085;,
  0.036095;0.477016;0.029493;,
  -0.020811;0.491517;-0.000050;,
  0.012325;0.454210;0.011135;,
  -0.018443;0.442544;0.012149;,
  -0.076066;0.557321;-0.056164;,
  -0.073076;0.578388;-0.080473;,
  -0.020280;0.507219;0.113036;,
  -0.016556;0.487752;0.121206;,
  0.013926;0.617897;0.038662;,
  -0.035851;0.662627;0.023082;,
  -0.034408;0.628733;0.053857;,
  0.017337;0.650233;0.007147;,
  0.005656;0.435587;-0.010084;,
  0.060345;0.359020;-0.068524;,
  0.018746;0.375051;-0.084894;,
  0.046531;0.418466;0.011953;,
  0.024565;0.299831;-0.158033;,
  0.057968;0.283158;-0.123524;,
  -0.037098;0.422603;0.004402;,
  -0.007838;0.299134;-0.011099;,
  -0.002604;0.385705;0.125653;,
  -0.024822;0.350748;-0.064192;,
  0.008817;0.260806;-0.087437;,
  0.001603;0.276329;-0.123496;,
  0.069765;0.315005;-0.021949;,
  0.054459;0.374490;0.050721;,
  0.048868;0.268418;-0.088914;,
  0.078769;0.005874;-0.132970;,
  0.038788;-0.005569;-0.089351;,
  0.033906;0.007177;-0.136223;,
  0.073644;-0.005899;-0.089384;,
  0.035964;0.229595;-0.146079;,
  0.075208;0.156341;-0.120853;,
  0.044340;0.155991;-0.147830;,
  0.068935;0.230771;-0.119123;,
  0.077196;0.075725;-0.120479;,
  0.056232;0.078477;-0.148124;,
  -0.001344;0.205054;-0.121375;,
  0.015588;0.154281;-0.079045;,
  0.001304;0.217463;-0.067100;,
  0.016845;0.148447;-0.121455;,
  0.044618;0.080489;-0.095092;,
  0.040582;0.067669;-0.125161;,
  0.077246;0.160714;-0.082611;,
  0.071659;0.233949;-0.069860;,
  0.068264;0.087322;-0.095344;,
  0.044095;0.448433;0.033469;,
  -0.060761;0.434599;0.017561;,
  -0.037098;0.422603;0.004402;,
  -0.054883;0.400937;0.032343;,
  0.066847;0.446195;0.083076;,
  0.030081;0.446698;0.124669;,
  0.057524;0.389299;0.069387;,
  0.022194;0.388650;0.105608;,
  0.012844;0.572715;0.067297;,
  0.038749;0.600757;0.020065;,
  0.044172;0.591622;0.002744;,
  0.011197;0.532837;0.003092;,
  0.021538;0.560567;-0.032887;,
  0.034798;0.556369;0.038961;,
  -0.021816;0.541167;-0.046166;,
  -0.019590;0.516983;-0.009379;,
  -0.076326;0.549791;-0.040809;,
  -0.066939;0.516102;0.004165;,
  0.067201;0.584934;-0.119298;,
  0.103497;0.555899;-0.099184;,
  0.019288;0.570156;-0.099763;,
  0.090425;0.511803;-0.045342;,
  0.056266;0.527128;-0.076132;,
  0.129709;0.532632;-0.064666;,
  0.029276;0.595167;-0.045113;,
  0.056266;0.527128;-0.076132;,
  0.061034;0.563227;-0.020999;,
  0.104609;0.511717;-0.008660;,
  0.090425;0.511803;-0.045342;,
  0.035951;0.603887;-0.042315;,
  0.108181;0.592302;-0.044143;,
  0.071904;0.620117;-0.063723;,
  0.143895;0.532221;-0.027937;,
  0.074761;0.604863;-0.098278;,
  0.120660;0.542776;-0.081695;,
  0.070468;0.490516;-0.114304;,
  0.072526;0.519287;-0.060918;,
  0.101329;0.506974;-0.125443;,
  0.068462;0.460219;-0.147610;,
  0.087893;0.474225;-0.160600;,
  0.072526;0.519287;-0.060918;,
  0.107634;0.452804;-0.092615;,
  0.106161;0.475083;-0.031488;,
  0.070468;0.490516;-0.114304;,
  0.098633;0.440579;-0.142832;,
  0.068462;0.460219;-0.147610;,
  0.131149;0.465841;-0.101050;,
  0.153919;0.498591;-0.052207;,
  0.108674;0.446925;-0.147362;,
  0.031679;0.445734;-0.234525;,
  0.085699;0.454958;-0.218605;,
  0.037788;0.452454;-0.214490;,
  0.079155;0.448422;-0.238242;,
  0.028073;0.456866;-0.210706;,
  0.032426;0.468437;-0.222003;,
  0.034235;0.457763;-0.220035;,
  0.021250;0.466165;-0.212455;,
  0.092759;0.436318;-0.190867;,
  0.047354;0.475619;-0.197109;,
  0.089110;0.455768;-0.222556;,
  0.048026;0.449787;-0.173846;,
  0.093745;0.474735;-0.226663;,
  0.107674;0.470314;-0.183571;,
  0.061511;0.485048;-0.164759;,
  0.053952;0.493892;-0.201472;,
  0.039291;0.646295;-0.112696;,
  0.035551;0.622175;-0.129861;,
  0.008908;0.653877;-0.107554;,
  0.001604;0.631277;-0.119176;,
  0.047447;0.632965;-0.013187;,
  -0.025426;0.648672;-0.122368;,
  0.026100;0.598049;-0.124995;,
  0.007133;0.586931;-0.100025;,
  -0.002339;0.602879;-0.113429;,
  0.030514;0.585795;-0.108117;,
  0.045903;0.647608;-0.055580;,
  0.015192;0.668637;-0.033296;,
  0.047042;0.646155;-0.061365;,
  -0.039250;0.680791;-0.016968;,
  -0.048350;0.688190;-0.075868;,
  0.025634;0.671754;-0.089316;,
  0.047042;0.646155;-0.061365;,
  0.022124;0.595578;-0.068371;,
  0.045760;0.633375;-0.059737;,
  0.019288;0.570156;-0.099763;,
  0.040514;0.606905;-0.029378;,
  0.024223;0.580639;-0.044965;,
  0.013643;0.576162;-0.088863;,
  0.050017;0.619410;-0.023673;,
  0.048026;0.449787;-0.173846;,
  -0.026390;0.676998;-0.129177;,
  -0.035989;0.691051;-0.113949;,
  -0.055404;0.685638;-0.107854;,
  -0.062160;0.697522;-0.109416;,
  0.053952;0.493892;-0.201472;,
  0.031679;0.445734;-0.234525;,
  0.079155;0.448422;-0.238242;,
  0.033769;0.456384;-0.191587;,
  0.025194;0.479826;-0.198511;,
  0.033769;0.456384;-0.191587;,
  0.044373;0.461870;-0.204788;,
  0.044952;0.486423;-0.206390;,
  0.044952;0.486423;-0.206390;,
  0.028073;0.456866;-0.210706;,
  0.021250;0.466165;-0.212455;,
  0.032426;0.468437;-0.222003;,
  0.085905;0.046655;-0.201511;,
  0.055876;0.037714;-0.250531;,
  0.054651;0.053794;-0.238731;,
  0.091342;0.027588;-0.214073;,
  0.035432;0.029493;-0.090975;,
  0.033906;0.007177;-0.136223;,
  0.038788;-0.005569;-0.089351;,
  0.032776;0.031950;-0.132204;,
  0.044618;0.080489;-0.095092;,
  0.076999;0.032100;-0.090429;,
  0.068264;0.087322;-0.095344;,
  0.078769;0.005874;-0.132970;,
  0.073644;-0.005899;-0.089384;,
  0.080247;0.040250;-0.126284;,
  0.056232;0.078477;-0.148124;,
  0.077196;0.075725;-0.120479;,
  0.027038;0.048450;-0.229605;,
  0.020843;0.035392;-0.240664;,
  0.091342;0.027588;-0.214073;,
  0.020843;0.035392;-0.240664;,
  -0.024822;0.350748;-0.064192;,
  0.001603;0.276329;-0.123496;,
  -0.001344;0.205054;-0.121375;,
  0.016845;0.148447;-0.121455;,
  0.040582;0.067669;-0.125161;,
  0.040582;0.067669;-0.125161;,
  -0.035137;0.391261;0.079463;,
  -0.015457;0.673535;-0.147038;,
  -0.032868;0.658328;-0.160814;,
  -0.024041;0.664273;-0.164390;,
  -0.033978;0.663941;-0.141066;,
  -0.023381;0.698596;-0.130090;,
  -0.031393;0.713956;-0.113285;,
  -0.043972;0.801813;-0.198589;,
  -0.063601;0.786110;-0.222057;,
  -0.063719;0.805950;-0.199752;,
  -0.028859;0.724478;-0.223873;,
  -0.045816;0.721256;-0.229774;,
  -0.032929;0.753904;-0.224432;,
  -0.018473;0.682701;-0.173657;,
  -0.010535;0.701124;-0.151688;,
  -0.017172;0.686937;-0.141909;,
  -0.009890;0.739673;-0.145579;,
  -0.009618;0.742555;-0.169945;,
  -0.019589;0.765556;-0.210972;,
  -0.010897;0.775853;-0.186508;,
  -0.013849;0.730367;-0.193946;,
  -0.012515;0.748099;-0.131280;,
  -0.023424;0.761854;-0.114251;,
  -0.062523;0.765573;-0.103613;,
  -0.030407;0.802550;-0.139695;,
  -0.063264;0.807015;-0.130290;,
  -0.013034;0.709052;-0.186168;,
  -0.027718;0.669252;-0.183908;,
  -0.027447;0.697001;-0.206769;,
  -0.041917;0.642095;-0.187629;,
  -0.061307;0.640069;-0.174724;,
  -0.061387;0.635702;-0.195409;,
  -0.037688;0.774946;-0.221807;,
  -0.024139;0.792383;-0.195259;,
  -0.015269;0.794549;-0.157010;,
  -0.029082;0.808297;-0.170503;,
  -0.046380;0.815230;-0.165954;,
  -0.063640;0.817832;-0.164288;,
  -0.061978;0.725401;-0.103252;,
  -0.015269;0.794549;-0.157010;,
  -0.029082;0.808297;-0.170503;,
  -0.004320;0.703594;-0.153141;,
  0.000538;0.750728;-0.157629;,
  0.005900;0.735120;-0.144169;,
  -0.006310;0.731352;-0.156858;,
  0.005900;0.735120;-0.144169;,
  -0.004320;0.703594;-0.153141;,
  0.000538;0.750728;-0.157629;,
  -0.009618;0.742555;-0.169945;,
  -0.008766;0.717416;-0.169112;,
  -0.010535;0.701124;-0.151688;,
  -0.028067;0.718230;-0.213426;,
  -0.008766;0.717416;-0.169112;,
  -0.025426;0.648672;-0.122368;,
  -0.026390;0.676998;-0.129177;,
  0.001604;0.631277;-0.119176;,
  -0.023381;0.698596;-0.130090;,
  -0.069750;0.618454;-0.112211;,
  -0.070940;0.600812;-0.095558;,
  -0.062294;0.489877;0.013415;,
  -0.008704;0.444455;0.140914;,
  -0.009444;0.410173;0.139999;,
  -0.025713;0.365805;0.090807;,
  -0.060918;0.639928;-0.152141;,
  -0.035137;0.391261;0.079463;,
  -0.046380;0.815230;-0.165954;,
  -0.063640;0.817832;-0.164288;,
  -0.041784;0.670698;-0.201966;,
  -0.049676;0.690291;-0.215219;,
  -0.049341;0.680996;-0.212631;,
  -0.063491;0.773465;-0.231005;,
  -0.063198;0.748769;-0.237122;,
  -0.047743;0.715397;-0.218309;,
  -0.031237;0.578452;0.083250;,
  0.001604;0.631277;-0.119176;,
  0.055876;0.037714;-0.250531;,
  -0.049933;0.660386;-0.205824;,
  -0.042280;0.664465;-0.199816;,
  -0.050180;0.666029;-0.203771;,
  -0.062111;0.678432;-0.217046;,
  -0.062262;0.683876;-0.228493;,
  -0.050503;0.668390;-0.209516;,
  -0.061857;0.666009;-0.204274;,
  -0.061771;0.657853;-0.207888;,
  -0.062773;0.718034;-0.235675;,
  -0.062623;0.710172;-0.229225;,
  0.045760;0.633375;-0.059737;,
  -0.061933;0.667231;-0.213037;,
  0.021700;0.610713;-0.061069;,
  0.022124;0.595578;-0.068371;,
  0.013643;0.576162;-0.088863;,
  -0.012515;0.748099;-0.131280;,
  0.035964;0.229595;-0.146079;,
  0.005307;0.144726;-0.142704;,
  -0.017016;0.218718;-0.135550;,
  0.044340;0.155991;-0.147830;,
  0.024565;0.299831;-0.158033;,
  -0.023828;0.285554;-0.133863;,
  0.018746;0.375051;-0.084894;,
  -0.038807;0.352577;-0.065524;,
  0.005656;0.435587;-0.010084;,
  -0.045916;0.419863;-0.007840;,
  -0.018443;0.442544;0.012149;,
  0.016787;0.073879;-0.153183;,
  0.056232;0.078477;-0.148124;,
  0.025057;0.144102;-0.048690;,
  0.041414;0.073266;0.061633;,
  0.037798;0.075240;-0.052914;,
  0.022376;0.141683;0.052160;,
  0.000301;0.203092;0.037558;,
  0.006613;0.215525;-0.053600;,
  -0.010242;0.258562;0.039122;,
  0.004723;0.247092;-0.061769;,
  -0.006971;0.289086;-0.000044;,
  -0.013557;0.313918;0.072757;,
  -0.007857;0.385173;0.130870;,
  0.021700;0.610713;-0.061069;,
  -0.133255;0.626308;-0.083300;,
  -0.100724;0.617409;-0.088985;,
  -0.140844;0.614655;-0.067420;,
  -0.092281;0.645242;-0.106570;,
  -0.148919;0.613472;-0.057628;,
  -0.125652;0.573330;-0.041367;,
  -0.151973;0.604422;-0.017868;,
  -0.111637;0.588203;-0.070368;,
  -0.084473;0.686600;-0.103721;,
  -0.125073;0.702169;-0.060012;,
  -0.092097;0.704877;-0.068546;,
  -0.128033;0.677019;-0.075327;,
  -0.102840;0.496165;0.130880;,
  -0.060007;0.510290;0.129016;,
  -0.099491;0.510335;0.121718;,
  -0.055251;0.492429;0.137496;,
  -0.115563;0.502983;0.069895;,
  -0.119133;0.478623;0.094874;,
  -0.101175;0.493565;0.032746;,
  -0.117018;0.454263;0.064033;,
  -0.094052;0.443327;0.043996;,
  -0.020280;0.507219;0.113036;,
  -0.016556;0.487752;0.121206;,
  -0.085035;0.632941;0.065201;,
  -0.035851;0.662627;0.023082;,
  -0.091737;0.670838;0.031095;,
  -0.034408;0.628733;0.053857;,
  -0.115599;0.414502;0.043641;,
  -0.152881;0.311131;0.059649;,
  -0.129235;0.404396;0.090806;,
  -0.133283;0.322528;0.017918;,
  -0.143360;0.217050;-0.007152;,
  -0.148825;0.219273;0.041447;,
  -0.064248;0.413367;0.036242;,
  -0.049018;0.294801;0.081530;,
  -0.079644;0.316656;0.015531;,
  -0.024915;0.385935;0.135050;,
  -0.085528;0.226784;0.044353;,
  -0.101126;0.220051;0.010675;,
  -0.122103;0.293743;0.113923;,
  -0.099278;0.376344;0.136428;,
  -0.121143;0.227568;0.064227;,
  -0.063901;0.000500;0.168612;,
  -0.004983;-0.001981;0.181041;,
  -0.032903;-0.000145;0.201828;,
  -0.029997;-0.001851;0.139117;,
  -0.115039;0.167519;0.040963;,
  -0.101167;0.128348;0.117225;,
  -0.130949;0.183801;0.076975;,
  -0.087313;0.112450;0.082068;,
  -0.063718;0.070301;0.159645;,
  -0.060442;0.058859;0.127691;,
  -0.064297;0.170246;0.045681;,
  -0.036836;0.161105;0.107477;,
  -0.051720;0.127671;0.085233;,
  -0.050949;0.216204;0.074255;,
  -0.028094;0.089150;0.154712;,
  -0.035063;0.059765;0.137086;,
  -0.089819;0.157561;0.139664;,
  -0.115240;0.219654;0.107177;,
  -0.049325;0.093272;0.166023;,
  -0.122380;0.450156;0.103587;,
  -0.064248;0.413367;0.036242;,
  -0.102822;0.447951;0.154540;,
  -0.047377;0.447500;0.157294;,
  -0.097306;0.392638;0.145925;,
  -0.047116;0.396645;0.148079;,
  -0.076754;0.582939;0.095504;,
  -0.120421;0.624953;0.062750;,
  -0.136833;0.619138;0.051285;,
  -0.124394;0.548310;0.045778;,
  -0.115168;0.573482;0.086173;,
  -0.147160;0.586212;0.012354;,
  -0.125229;0.556887;-0.018434;,
  -0.111894;0.527516;0.019680;,
  -0.156670;0.612431;-0.081101;,
  -0.112607;0.624381;-0.052618;,
  -0.166042;0.562759;-0.077960;,
  -0.123595;0.512433;-0.043502;,
  -0.166198;0.511732;-0.066849;,
  -0.113492;0.563025;-0.049179;,
  -0.140694;0.618268;0.001101;,
  -0.145057;0.567929;0.008658;,
  -0.113492;0.563025;-0.049179;,
  -0.148740;0.511547;0.004001;,
  -0.123595;0.512433;-0.043502;,
  -0.151653;0.619585;0.003669;,
  -0.197738;0.567965;-0.020126;,
  -0.187614;0.616567;-0.023016;,
  -0.191231;0.510745;-0.019229;,
  -0.177068;0.615267;-0.059375;,
  -0.162823;0.495852;-0.080334;,
  -0.108184;0.438271;-0.076741;,
  -0.140733;0.441882;-0.093322;,
  -0.112219;0.494052;-0.053198;,
  -0.103012;0.396894;-0.085569;,
  -0.124917;0.395275;-0.101750;,
  -0.112219;0.494052;-0.053198;,
  -0.140986;0.420301;-0.033439;,
  -0.108184;0.438271;-0.076741;,
  -0.140563;0.474627;-0.000282;,
  -0.129416;0.381468;-0.061532;,
  -0.103012;0.396894;-0.085569;,
  -0.165836;0.423470;-0.046343;,
  -0.190956;0.476453;-0.027172;,
  -0.142240;0.381018;-0.071646;,
  -0.069720;0.324861;-0.116613;,
  -0.125864;0.331864;-0.109163;,
  -0.114932;0.313262;-0.106797;,
  -0.080350;0.343941;-0.119229;,
  -0.079365;0.338264;-0.113101;,
  -0.086586;0.329234;-0.125215;,
  -0.073249;0.335263;-0.122571;,
  -0.087819;0.331013;-0.114427;,
  -0.118832;0.344654;-0.078203;,
  -0.093220;0.357225;-0.131412;,
  -0.083369;0.370981;-0.101037;,
  -0.123384;0.321397;-0.107087;,
  -0.135300;0.322796;-0.123029;,
  -0.146226;0.360041;-0.099281;,
  -0.109965;0.388642;-0.123138;,
  -0.106651;0.357899;-0.146097;,
  -0.155883;0.676184;-0.061983;,
  -0.167569;0.653078;-0.076849;,
  -0.128033;0.677019;-0.075327;,
  -0.130820;0.653999;-0.087670;,
  -0.132079;0.666879;0.026229;,
  -0.100137;0.663679;-0.110160;,
  -0.162377;0.627200;-0.076023;,
  -0.140844;0.614655;-0.067420;,
  -0.149899;0.621872;-0.058549;,
  -0.133255;0.626308;-0.083300;,
  -0.140967;0.686940;-0.019144;,
  -0.144711;0.685866;-0.023963;,
  -0.095982;0.692824;-0.013082;,
  -0.039250;0.680791;-0.016968;,
  -0.048350;0.688190;-0.075868;,
  -0.125073;0.702169;-0.060012;,
  -0.144711;0.685866;-0.023963;,
  -0.140194;0.630703;-0.035298;,
  -0.112607;0.624381;-0.052618;,
  -0.145507;0.672992;-0.020677;,
  -0.143106;0.641593;0.010937;,
  -0.146143;0.612823;-0.007560;,
  -0.148919;0.613472;-0.057628;,
  -0.143844;0.656032;0.018891;,
  -0.083369;0.370981;-0.101037;,
  -0.096723;0.676518;-0.131277;,
  -0.088022;0.690696;-0.115503;,
  -0.055404;0.685638;-0.107854;,
  -0.062160;0.697522;-0.109416;,
  -0.106651;0.357899;-0.146097;,
  -0.069720;0.324861;-0.116613;,
  -0.114932;0.313262;-0.106797;,
  -0.079678;0.358153;-0.111498;,
  -0.073245;0.350501;-0.135394;,
  -0.079678;0.358153;-0.111498;,
  -0.093445;0.348639;-0.117559;,
  -0.094382;0.348637;-0.142153;,
  -0.094382;0.348637;-0.142153;,
  -0.079365;0.338264;-0.113101;,
  -0.073249;0.335263;-0.122571;,
  -0.086586;0.329234;-0.125215;,
  -0.114202;0.022954;0.110495;,
  -0.118093;0.000043;0.057160;,
  -0.123995;0.001703;0.108658;,
  -0.111816;0.018479;0.061634;,
  -0.006861;0.031248;0.169398;,
  -0.029997;-0.001851;0.139117;,
  -0.029276;0.023013;0.135595;,
  -0.004983;-0.001981;0.181041;,
  -0.028094;0.089150;0.154712;,
  -0.040123;0.036484;0.193919;,
  -0.049325;0.093272;0.166023;,
  -0.063901;0.000500;0.168612;,
  -0.064688;0.035472;0.166387;,
  -0.032903;-0.000145;0.201828;,
  -0.060442;0.058859;0.127691;,
  -0.063718;0.070301;0.159645;,
  -0.083759;0.013918;0.053492;,
  -0.083964;-0.001874;0.044449;,
  -0.123995;0.001703;0.108658;,
  -0.083964;-0.001874;0.044449;,
  -0.079644;0.316656;0.015531;,
  -0.101126;0.220051;0.010675;,
  -0.064297;0.170246;0.045681;,
  -0.051720;0.127671;0.085233;,
  -0.035063;0.059765;0.137086;,
  -0.035063;0.059765;0.137086;,
  -0.107666;0.672288;-0.146415;,
  -0.090038;0.657555;-0.160428;,
  -0.088459;0.663569;-0.142693;,
  -0.099070;0.663258;-0.163883;,
  -0.100194;0.697557;-0.129571;,
  -0.092375;0.713131;-0.112873;,
  -0.083329;0.801281;-0.198323;,
  -0.063719;0.805950;-0.199752;,
  -0.096685;0.723560;-0.223415;,
  -0.093420;0.753085;-0.224023;,
  -0.079729;0.720797;-0.229545;,
  -0.105259;0.681528;-0.173071;,
  -0.113395;0.699733;-0.150993;,
  -0.106245;0.685733;-0.141307;,
  -0.114999;0.738252;-0.144869;,
  -0.115678;0.741121;-0.169228;,
  -0.106887;0.764376;-0.210382;,
  -0.111444;0.729047;-0.193286;,
  -0.115524;0.774438;-0.185801;,
  -0.112409;0.746748;-0.130605;,
  -0.101648;0.760796;-0.113722;,
  -0.062523;0.765573;-0.103613;,
  -0.096112;0.801661;-0.139251;,
  -0.063264;0.807015;-0.130290;,
  -0.111577;0.707719;-0.185502;,
  -0.097123;0.696059;-0.206298;,
  -0.095793;0.668331;-0.183448;,
  -0.080916;0.641567;-0.187365;,
  -0.089198;0.774250;-0.221459;,
  -0.102853;0.791318;-0.194727;,
  -0.111261;0.793251;-0.156361;,
  -0.098008;0.807365;-0.170037;,
  -0.063640;0.817832;-0.164288;,
  -0.080844;0.814764;-0.165721;,
  -0.061978;0.725401;-0.103252;,
  -0.111261;0.793251;-0.156361;,
  -0.098008;0.807365;-0.170037;,
  -0.119693;0.702034;-0.152362;,
  -0.125884;0.749018;-0.156775;,
  -0.118505;0.729835;-0.156100;,
  -0.130639;0.733274;-0.143246;,
  -0.130639;0.733274;-0.143246;,
  -0.119693;0.702034;-0.152362;,
  -0.125884;0.749018;-0.156775;,
  -0.115678;0.741121;-0.169228;,
  -0.115838;0.715968;-0.168388;,
  -0.113395;0.699733;-0.150993;,
  -0.097167;0.717296;-0.212959;,
  -0.115838;0.715968;-0.168388;,
  -0.100137;0.663679;-0.110160;,
  -0.096723;0.676518;-0.131277;,
  -0.130820;0.653999;-0.087670;,
  -0.100194;0.697557;-0.129571;,
  -0.008704;0.444455;0.140914;,
  -0.009444;0.410173;0.139999;,
  -0.025713;0.365805;0.090807;,
  -0.035137;0.391261;0.079463;,
  -0.080844;0.814764;-0.165721;,
  -0.063640;0.817832;-0.164288;,
  -0.082017;0.670154;-0.201695;,
  -0.074837;0.689951;-0.215049;,
  -0.074886;0.680650;-0.212458;,
  -0.077489;0.714995;-0.218108;,
  -0.031237;0.578452;0.083250;,
  -0.130820;0.653999;-0.087670;,
  -0.118093;0.000043;0.057160;,
  -0.081323;0.663937;-0.199552;,
  -0.073644;0.660065;-0.205664;,
  -0.073522;0.665713;-0.203614;,
  -0.073341;0.668081;-0.209362;,
  -0.145507;0.672992;-0.020677;,
  -0.132751;0.645555;-0.028625;,
  -0.140194;0.630703;-0.035298;,
  -0.148919;0.613472;-0.057628;,
  -0.112409;0.746748;-0.130605;,
  -0.081256;0.174681;-0.046796;,
  -0.036643;0.126724;-0.103375;,
  -0.067598;0.107093;-0.027175;,
  -0.050772;0.200286;-0.099058;,
  -0.102951;0.235655;-0.056510;,
  -0.062936;0.259853;-0.094229;,
  -0.085077;0.322936;-0.020770;,
  -0.061545;0.328973;-0.042958;,
  -0.076549;0.404159;0.011639;,
  -0.061972;0.400049;0.003910;,
  -0.060761;0.434599;0.017561;,
  -0.094052;0.443327;0.043996;,
  -0.025618;0.064021;-0.110626;,
  -0.050922;0.042927;-0.014770;,
  0.005797;0.107339;0.157973;,
  -0.089819;0.157561;0.139664;,
  -0.049313;0.093273;0.166016;,
  -0.022321;0.165793;0.121338;,
  -0.115240;0.219654;0.107177;,
  -0.050880;0.222113;0.090556;,
  -0.064582;0.232490;0.066627;,
  -0.121143;0.227568;0.064227;,
  -0.122103;0.293743;0.113923;,
  -0.039490;0.289699;0.095301;,
  -0.009444;0.410173;0.139999;,
  -0.047116;0.396645;0.148079;,
  -0.132751;0.645555;-0.028625;,
  -0.115599;0.414502;0.043641;,
  -0.133283;0.322528;0.017918;,
  -0.143360;0.217050;-0.007152;,
  -0.115039;0.167519;0.040963;,
  -0.087313;0.112450;0.082068;,
  -0.060442;0.058859;0.127691;,
  0.069765;0.315005;-0.021949;,
  0.022194;0.388650;0.105608;,
  0.054459;0.374490;0.050721;,
  0.048868;0.268418;-0.088914;,
  0.071659;0.233949;-0.069860;,
  0.077246;0.160714;-0.082611;,
  0.068264;0.087322;-0.095344;,
  -0.099278;0.376344;0.136428;;
  916;
  3;0,1,2;,
  3;1,0,3;,
  3;4,5,6;,
  3;5,4,7;,
  3;8,9,10;,
  3;9,8,11;,
  3;12,13,14;,
  3;13,12,15;,
  3;16,12,17;,
  3;12,16,15;,
  3;18,19,20;,
  3;19,18,16;,
  3;6,21,22;,
  3;21,6,5;,
  3;14,23,24;,
  3;23,14,13;,
  3;25,26,27;,
  3;26,25,28;,
  3;29,30,31;,
  3;30,29,32;,
  3;30,33,31;,
  3;33,30,34;,
  3;35,36,37;,
  3;36,35,38;,
  3;38,39,36;,
  3;39,38,40;,
  3;37,41,42;,
  3;41,37,36;,
  3;36,43,41;,
  3;43,36,39;,
  3;42,30,32;,
  3;30,42,41;,
  3;41,34,30;,
  3;34,41,43;,
  3;44,45,46;,
  3;45,44,47;,
  3;48,49,50;,
  3;49,48,51;,
  3;50,52,53;,
  3;52,50,49;,
  3;54,55,56;,
  3;55,54,57;,
  3;57,58,55;,
  3;58,57,59;,
  3;56,60,61;,
  3;60,56,55;,
  3;55,62,60;,
  3;62,55,58;,
  3;61,49,51;,
  3;49,61,60;,
  3;60,52,49;,
  3;52,60,62;,
  3;32,19,63;,
  3;19,32,29;,
  3;64,65,66;,
  3;65,64,20;,
  3;14,67,12;,
  3;67,14,68;,
  3;68,69,67;,
  3;69,68,70;,
  3;70,42,69;,
  3;42,70,37;,
  3;48,34,51;,
  3;34,48,33;,
  3;51,43,61;,
  3;43,51,34;,
  3;43,56,61;,
  3;56,43,39;,
  3;39,54,56;,
  3;54,39,40;,
  3;12,63,17;,
  3;63,12,67;,
  3;67,32,63;,
  3;32,67,69;,
  3;69,42,32;,
  3;71,72,25;,
  3;73,74,75;,
  3;74,73,76;,
  3;74,77,75;,
  3;77,74,78;,
  3;79,78,80;,
  3;78,79,77;,
  3;81,82,83;,
  3;82,84,85;,
  3;84,82,86;,
  3;87,88,89;,
  3;88,90,89;,
  3;90,88,91;,
  3;92,93,94;,
  3;92,89,93;,
  3;92,87,89;,
  3;89,95,93;,
  3;95,89,90;,
  3;96,93,82;,
  3;93,86,82;,
  3;86,93,95;,
  3;97,98,99;,
  3;98,97,100;,
  3;100,101,98;,
  3;101,100,102;,
  3;103,104,105;,
  3;104,103,106;,
  3;106,107,104;,
  3;107,106,108;,
  3;105,109,110;,
  3;109,105,104;,
  3;104,111,109;,
  3;111,104,107;,
  3;110,100,97;,
  3;100,110,109;,
  3;109,102,100;,
  3;102,109,111;,
  3;112,113,114;,
  3;113,112,115;,
  3;116,117,118;,
  3;117,116,119;,
  3;120,121,122;,
  3;121,120,123;,
  3;120,124,125;,
  3;124,120,122;,
  3;126,124,127;,
  3;124,126,125;,
  3;95,97,86;,
  3;97,95,110;,
  3;86,99,84;,
  3;99,86,97;,
  3;90,103,105;,
  3;103,90,91;,
  3;105,95,90;,
  3;95,105,110;,
  3;128,96,129;,
  3;96,128,94;,
  3;129,130,128;,
  3;130,129,131;,
  3;72,28,25;,
  3;28,72,132;,
  3;10,133,8;,
  3;134,135,136;,
  3;135,134,137;,
  3;81,137,134;,
  3;138,11,139;,
  3;138,9,11;,
  3;138,140,9;,
  3;141,11,142;,
  3;11,141,139;,
  3;128,130,143;,
  3;94,144,92;,
  3;94,143,144;,
  3;94,128,143;,
  3;145,87,146;,
  3;87,145,147;,
  3;75,148,73;,
  3;148,75,149;,
  3;150,147,145;,
  3;7,149,75;,
  3;148,151,73;,
  3;102,152,101;,
  3;152,102,126;,
  3;102,125,126;,
  3;125,102,111;,
  3;111,120,125;,
  3;120,111,107;,
  3;120,108,123;,
  3;108,120,107;,
  3;8,153,154;,
  3;153,8,133;,
  3;154,155,8;,
  3;155,154,156;,
  3;122,114,113;,
  3;114,122,121;,
  3;121,112,114;,
  3;112,121,157;,
  3;158,124,159;,
  3;124,158,127;,
  3;159,122,113;,
  3;122,159,124;,
  3;126,160,152;,
  3;160,126,161;,
  3;162,121,123;,
  3;121,162,163;,
  3;121,164,157;,
  3;164,121,163;,
  3;165,126,127;,
  3;126,165,161;,
  3;161,166,160;,
  3;166,161,167;,
  3;162,118,163;,
  3;118,162,116;,
  3;163,117,164;,
  3;117,163,118;,
  3;165,167,161;,
  3;167,165,168;,
  3;169,170,171;,
  3;170,169,172;,
  3;173,174,175;,
  3;174,173,176;,
  3;177,178,179;,
  3;178,177,173;,
  3;180,178,181;,
  3;178,180,182;,
  3;183,169,171;,
  3;169,183,184;,
  3;174,185,186;,
  3;185,174,176;,
  3;46,187,44;,
  3;187,46,188;,
  3;180,169,182;,
  3;169,180,172;,
  3;20,29,65;,
  3;19,29,20;,
  3;29,31,189;,
  3;31,190,189;,
  3;190,31,33;,
  3;33,191,190;,
  3;191,33,48;,
  3;191,50,192;,
  3;50,191,48;,
  3;192,53,193;,
  3;53,192,50;,
  3;194,171,185;,
  3;171,194,183;,
  3;171,186,185;,
  3;186,171,170;,
  3;185,176,194;,
  3;194,173,177;,
  3;173,194,176;,
  3;178,175,181;,
  3;175,178,173;,
  3;179,182,184;,
  3;182,179,178;,
  3;182,169,184;,
  3;16,17,19;,
  3;17,63,19;,
  3;65,195,66;,
  3;196,197,198;,
  3;197,196,199;,
  3;200,154,153;,
  3;154,200,201;,
  3;202,203,204;,
  3;205,206,207;,
  3;196,208,209;,
  3;208,196,198;,
  3;210,209,211;,
  3;209,210,196;,
  3;212,213,214;,
  3;213,212,215;,
  3;212,214,211;,
  3;201,216,217;,
  3;216,201,200;,
  3;218,219,220;,
  3;219,218,217;,
  3;210,199,196;,
  3;213,205,207;,
  3;221,222,223;,
  3;198,197,224;,
  3;224,225,226;,
  3;225,224,197;,
  3;227,213,207;,
  3;228,229,214;,
  3;229,228,230;,
  3;220,231,232;,
  3;213,228,214;,
  3;156,201,233;,
  3;201,156,154;,
  3;233,217,218;,
  3;217,233,201;,
  3;219,217,234;,
  3;235,219,234;,
  3;236,237,238;,
  3;237,236,239;,
  3;209,240,211;,
  3;240,209,241;,
  3;211,242,212;,
  3;242,211,240;,
  3;243,239,244;,
