xof 0303txt 0032
template ColorRGBA {
 <35ff44e0-6c7c-11cf-8f52-0040333594a3>
 FLOAT red;
 FLOAT green;
 FLOAT blue;
 FLOAT alpha;
}

template ColorRGB {
 <d3e16e81-7835-11cf-8f52-0040333594a3>
 FLOAT red;
 FLOAT green;
 FLOAT blue;
}

template Material {
 <3d82ab4d-62da-11cf-ab39-0020af71e433>
 ColorRGBA faceColor;
 FLOAT power;
 ColorRGB specularColor;
 ColorRGB emissiveColor;
 [...]
}

template TextureFilename {
 <a42790e1-7810-11cf-8f52-0040333594a3>
 STRING filename;
}

template Frame {
 <3d82ab46-62da-11cf-ab39-0020af71e433>
 [...]
}

template Matrix4x4 {
 <f6f23f45-7686-11cf-8f52-0040333594a3>
 array FLOAT matrix[16];
}

template FrameTransformMatrix {
 <f6f23f41-7686-11cf-8f52-0040333594a3>
 Matrix4x4 frameMatrix;
}

template Vector {
 <3d82ab5e-62da-11cf-ab39-0020af71e433>
 FLOAT x;
 FLOAT y;
 FLOAT z;
}

template MeshFace {
 <3d82ab5f-62da-11cf-ab39-0020af71e433>
 DWORD nFaceVertexIndices;
 array DWORD faceVertexIndices[nFaceVertexIndices];
}

template Mesh {
 <3d82ab44-62da-11cf-ab39-0020af71e433>
 DWORD nVertices;
 array Vector vertices[nVertices];
 DWORD nFaces;
 array MeshFace faces[nFaces];
 [...]
}

template MeshMaterialList {
 <f6f23f42-7686-11cf-8f52-0040333594a3>
 DWORD nMaterials;
 DWORD nFaceIndexes;
 array DWORD faceIndexes[nFaceIndexes];
 [Material <3d82ab4d-62da-11cf-ab39-0020af71e433>]
}

template VertexElement {
 <f752461c-1e23-48f6-b9f8-8350850f336f>
 DWORD Type;
 DWORD Method;
 DWORD Usage;
 DWORD UsageIndex;
}

template DeclData {
 <bf22e553-292c-4781-9fea-62bd554bdd93>
 DWORD nElements;
 array VertexElement Elements[nElements];
 DWORD nDWords;
 array DWORD data[nDWords];
}

template XSkinMeshHeader {
 <3cf169ce-ff7c-44ab-93c0-f78f62d172e2>
 WORD nMaxSkinWeightsPerVertex;
 WORD nMaxSkinWeightsPerFace;
 WORD nBones;
}

template SkinWeights {
 <6f0d123b-bad2-4167-a0d0-80224f25fabb>
 STRING transformNodeName;
 DWORD nWeights;
 array DWORD vertexIndices[nWeights];
 array FLOAT weights[nWeights];
 Matrix4x4 matrixOffset;
}

template AnimTicksPerSecond {
 <9e415a43-7ba6-4a73-8743-b73d47e88476>
 DWORD AnimTicksPerSecond;
}

template Animation {
 <3d82ab4f-62da-11cf-ab39-0020af71e433>
 [...]
}

template AnimationSet {
 <3d82ab50-62da-11cf-ab39-0020af71e433>
 [Animation <3d82ab4f-62da-11cf-ab39-0020af71e433>]
}

template FloatKeys {
 <10dd46a9-775b-11cf-8f52-0040333594a3>
 DWORD nValues;
 array FLOAT values[nValues];
}

template TimedFloatKeys {
 <f406b180-7b3b-11cf-8f52-0040333594a3>
 DWORD time;
 FloatKeys tfkeys;
}

template AnimationKey {
 <10dd46a8-775b-11cf-8f52-0040333594a3>
 DWORD keyType;
 DWORD nKeys;
 array TimedFloatKeys keys[nKeys];
}


Material _03_-_Default {
 1.000000;1.000000;1.000000;1.000000;;
 9.999999;
 0.000000;0.000000;0.000000;;
 0.000000;0.000000;0.000000;;

 TextureFilename {
  "MaleBody_full.png";
 }
}

Frame Dummy01 {
 

 FrameTransformMatrix {
  1.000000,0.000000,0.000000,0.000000,0.000000,-0.000000,-1.000000,0.000000,0.000000,1.000000,-0.000000,0.000000,0.000000,0.000000,0.000000,1.000000;;
 }

 Frame Bip01 {
  

  FrameTransformMatrix {
   0.005670,0.999638,-0.026311,0.000000,0.003744,0.026290,0.999647,0.000000,0.999977,-0.005767,-0.003593,0.000000,0.008334,-0.027643,0.491146,1.000000;;
  }

  Frame Bip01_Pelvis {
   

   FrameTransformMatrix {
    0.000000,0.999349,-0.036071,0.000000,-0.000001,0.036071,0.999349,0.000000,1.000000,0.000000,0.000001,0.000000,0.000000,0.000000,0.000000,1.000000;;
   }

   Frame Bip01_Spine {
    

    FrameTransformMatrix {
     0.998542,0.030503,0.044530,0.000000,-0.029373,0.999235,-0.025834,0.000000,-0.045284,0.024489,0.998674,0.000000,0.051604,0.001860,-0.000085,1.000000;;
    }

    Frame Bip01_Spine1 {
     

     FrameTransformMatrix {
      0.998863,0.018308,-0.044008,0.000000,-0.015131,0.997328,0.071462,0.000000,0.045198,-0.070715,0.996472,0.000000,0.106476,0.000006,-0.000084,1.000000;;
     }

     Frame Bip01_Neck {
      

      FrameTransformMatrix {
       0.981826,-0.000025,0.189783,0.000000,-0.006002,0.999496,0.031183,0.000000,-0.189688,-0.031755,0.981331,0.000000,0.130509,0.000001,0.004626,1.000000;;
      }

      Frame Bip01_Head {
       

       FrameTransformMatrix {
        0.993217,-0.004194,0.116196,0.000000,0.017358,0.993499,-0.112511,0.000000,-0.114969,0.113764,0.986833,0.000000,0.033674,-0.000000,0.000000,1.000000;;
       }

       Frame Bip01_HeadNub {
        

        FrameTransformMatrix {
         1.000000,0.000000,0.000000,0.000000,-0.000000,1.000000,0.000000,0.000000,0.000000,0.000000,1.000000,0.000000,0.169824,0.000000,0.000000,1.000000;;
        }
       }
      }

      Frame Bip01_L_Clavicle {
       

       FrameTransformMatrix {
        -0.154347,0.984251,0.086174,0.000000,0.969607,0.167652,-0.178201,0.000000,-0.189842,0.056050,-0.980214,0.000000,-0.024471,0.015706,-0.000480,1.000000;;
       }

       Frame Bip01_L_UpperArm {
        

        FrameTransformMatrix {
         0.459101,-0.844429,-0.275981,0.000000,0.606904,0.524983,-0.596707,0.000000,0.648763,0.106455,0.753508,0.000000,0.087086,0.000000,0.000000,1.000000;;
        }

        Frame Bip01_L_Forearm {
         

         FrameTransformMatrix {
          0.200009,-0.000000,-0.979794,0.000000,0.000000,1.000000,0.000000,0.000000,0.979794,0.000000,0.200009,0.000000,0.137062,-0.000000,0.000000,1.000000;;
         }

         Frame Bip01_L_Hand {
          

          FrameTransformMatrix {
           0.750180,0.499514,0.433262,0.000000,-0.624568,0.320123,0.712346,0.000000,0.217130,-0.804989,0.552130,0.000000,0.137062,0.000000,-0.000000,1.000000;;
          }

          Frame Bip01_L_Finger0 {
           

           FrameTransformMatrix {
            0.767256,-0.303386,0.565044,0.000000,0.558537,0.749101,-0.356210,0.000000,-0.315206,0.588902,0.744205,0.000000,0.057681,-0.023605,-0.000272,1.000000;;
           }

           Frame Bip01_L_Finger0Nub {
            

            FrameTransformMatrix {
             1.000000,0.000000,0.000000,0.000000,0.000000,1.000000,-0.000000,0.000000,-0.000000,0.000000,1.000000,0.000000,0.029435,0.000000,0.000000,1.000000;;
            }
           }
          }

          Frame Bip01_L_Finger1 {
           

           FrameTransformMatrix {
            0.580982,-0.000648,0.813916,0.000000,0.000000,1.000000,0.000796,0.000000,-0.813916,-0.000463,0.580982,0.000000,0.084102,0.000000,0.000000,1.000000;;
           }

           Frame Bip01_L_Finger1Nub {
            

            FrameTransformMatrix {
             1.000000,0.000000,-0.000000,0.000000,0.000000,1.000000,0.000000,0.000000,0.000000,0.000000,1.000000,0.000000,0.047988,0.000000,0.000000,1.000000;;
            }
           }
          }
         }
        }
       }
      }

      Frame Bip01_R_Clavicle {
       

       FrameTransformMatrix {
        -0.153724,-0.977072,0.147306,0.000000,-0.969703,0.177818,0.167502,0.000000,-0.189855,-0.117094,-0.974805,0.000000,-0.024471,-0.015707,0.000518,1.000000;;
       }

       Frame Bip01_R_UpperArm {
        

        FrameTransformMatrix {
         0.367959,0.908689,-0.197204,0.000000,-0.839054,0.415883,0.350755,0.000000,0.400741,0.036402,0.915468,0.000000,0.087086,0.000000,0.000000,1.000000;;
        }

        Frame Bip01_R_Forearm {
         

         FrameTransformMatrix {
          0.040565,0.000000,-0.999177,0.000000,0.000000,1.000000,0.000000,0.000000,0.999177,0.000000,0.040565,0.000000,0.137062,-0.000000,0.000000,1.000000;;
         }

         Frame Bip01_R_Hand {
          

          FrameTransformMatrix {
           0.911738,-0.295178,0.285665,0.000000,0.068712,-0.576041,-0.814528,0.000000,0.404985,0.762264,-0.504916,0.000000,0.137062,0.000000,-0.000000,1.000000;;
          }

          Frame Bip01_R_Finger0 {
           

           FrameTransformMatrix {
            0.011728,0.339126,0.940668,0.000000,-0.895681,0.421788,-0.140894,0.000000,-0.444543,-0.840886,0.308696,0.000000,0.057681,0.023605,-0.000272,1.000000;;
           }

           Frame Bip01_R_Finger0Nub {
            

            FrameTransformMatrix {
             -1.000000,-0.000000,-0.000000,0.000000,0.000000,1.000000,0.000000,0.000000,0.000000,-0.000000,-1.000000,0.000000,0.029435,0.000000,0.000000,1.000000;;
            }
           }
          }

          Frame Bip01_R_Finger1 {
           

           FrameTransformMatrix {
            0.226247,0.000776,0.974070,0.000000,0.000000,1.000000,-0.000796,0.000000,-0.974070,0.000180,0.226247,0.000000,0.084102,-0.000000,0.000000,1.000000;;
           }

           Frame Bip01_R_Finger1Nub {
            

            FrameTransformMatrix {
             -1.000000,0.000000,0.000000,0.000000,0.000000,1.000000,-0.000000,0.000000,0.000000,0.000000,-1.000000,0.000000,0.047988,0.000000,0.000000,1.000000;;
            }
           }
          }
         }
        }
       }
      }
     }

     Frame Bip01_BackPack {
      

      FrameTransformMatrix {
       0.323245,-0.096827,-0.941349,0.000000,0.031375,0.995301,-0.091603,0.000000,0.945795,0.000075,0.324764,0.000000,0.063698,-0.000000,-0.088862,1.000000;;
      }

      Frame Bip01_BackPackNub {
       

       FrameTransformMatrix {
        0.000796,0.000003,1.000000,0.000000,-0.000000,-1.000000,0.000003,0.000000,1.000000,-0.000000,-0.000796,0.000000,0.053240,0.000000,0.000000,1.000000;;
       }
      }
     }
    }

    Frame Bip01_L_Thigh {
     

     FrameTransformMatrix {
      -0.958696,0.013581,0.284107,0.000000,-0.013769,-0.999904,0.001336,0.000000,0.284098,-0.002631,0.958792,0.000000,-0.049897,0.054838,0.003728,1.000000;;
     }

     Frame Bip01_L_Calf {
      

      FrameTransformMatrix {
       0.854885,0.000000,-0.518818,0.000000,0.000000,1.000000,-0.000000,0.000000,0.518818,0.000000,0.854885,0.000000,0.237500,0.000000,0.000000,1.000000;;
      }

      Frame Bip01_L_Foot {
       

       FrameTransformMatrix {
        0.946489,0.017605,0.322256,0.000000,-0.006416,0.999340,-0.035750,0.000000,-0.322672,0.031769,0.945977,0.000000,0.206841,-0.000000,-0.000000,1.000000;;
       }

       Frame Bip01_L_Toe0 {
        

        FrameTransformMatrix {
         -0.000000,-0.000001,1.000000,0.000000,0.000001,1.000000,0.000001,0.000000,-1.000000,0.000001,-0.000000,0.000000,0.065373,0.000000,0.066450,1.000000;;
        }

        Frame Bip01_L_Toe0Nub {
         

         FrameTransformMatrix {
          -1.000000,0.000000,0.000000,0.000000,-0.000000,1.000000,-0.000000,0.000000,0.000000,-0.000000,-1.000000,0.000000,0.006735,-0.000000,-0.000000,1.000000;;
         }
        }
       }
      }
     }
    }

    Frame Bip01_R_Thigh {
     

     FrameTransformMatrix {
      -0.959035,-0.019028,0.282649,0.000000,0.011691,-0.999550,-0.027625,0.000000,0.283047,-0.023189,0.958826,0.000000,-0.053266,-0.055529,0.001023,1.000000;;
     }

     Frame Bip01_R_Calf {
      

      FrameTransformMatrix {
       0.854829,-0.000000,-0.518910,0.000000,0.000000,1.000000,0.000000,0.000000,0.518910,-0.000000,0.854829,0.000000,0.237500,0.000000,0.000000,1.000000;;
      }

      Frame Bip01_R_Foot {
       

       FrameTransformMatrix {
        0.928800,0.007099,0.370514,0.000000,0.113268,0.946531,-0.302076,0.000000,-0.352848,0.322536,0.878333,0.000000,0.206841,0.000000,-0.000000,1.000000;;
       }

       Frame Bip01_R_Toe0 {
        

        FrameTransformMatrix {
         0.050178,-0.318036,0.946750,0.000000,0.016692,0.948079,0.317598,0.000000,-0.998601,-0.000133,0.052882,0.000000,0.065373,0.000000,0.066450,1.000000;;
        }

        Frame Bip01_R_Toe0Nub {
         

         FrameTransformMatrix {
          1.000000,0.000000,0.000000,0.000000,-0.000000,1.000000,0.000000,0.000000,0.000000,0.000000,1.000000,0.000000,0.006735,0.000000,0.000000,1.000000;;
         }
        }
       }
      }
     }
    }
   }

   Frame Bip01_DressFront {
    

    FrameTransformMatrix {
     -0.970635,-0.000002,0.240557,0.000000,-0.000002,1.000000,-0.000001,0.000000,-0.240557,-0.000002,-0.970635,0.000000,-0.043967,0.001399,0.061083,1.000000;;
    }

    Frame Bip01_DressFront02 {
     

     FrameTransformMatrix {
      1.000000,0.000000,-0.000000,0.000000,0.000000,1.000000,0.000000,0.000000,0.000000,0.000000,1.000000,0.000000,0.183324,-0.000000,-0.000132,1.000000;;
     }

     Frame Bip01_DressFrontNub {
      

      FrameTransformMatrix {
       0.000796,0.000003,1.000000,0.000000,0.000000,-1.000000,0.000003,0.000000,1.000000,0.000000,-0.000796,0.000000,0.165302,-0.000000,0.000000,1.000000;;
      }
     }
    }
   }

   Frame Bip01_DressBack {
    

    FrameTransformMatrix {
     -0.955673,-0.048347,0.290436,0.000000,-0.046247,0.998831,0.014093,0.000000,-0.290777,0.000037,-0.956791,0.000000,-0.047692,0.000000,-0.078285,1.000000;;
    }

    Frame Bip01_DressBack02 {
     

     FrameTransformMatrix {
      0.930523,0.000001,0.366233,0.000000,-0.000001,1.000000,-0.000000,0.000000,-0.366233,-0.000000,0.930523,0.000000,0.176199,-0.000000,-0.000101,1.000000;;
     }

     Frame Bip01_DressBackNub {
      

      FrameTransformMatrix {
       0.000796,0.000003,1.000000,0.000000,0.000000,-1.000000,0.000003,0.000000,1.000000,-0.000000,-0.000796,0.000000,0.136508,-0.000000,0.000000,1.000000;;
      }
     }
    }
   }
  }

  Frame Bip01_Prop1 {
   

   FrameTransformMatrix {
    -0.214940,0.279154,0.935881,0.000000,0.559094,0.820886,-0.116448,0.000000,-0.800759,0.498216,-0.332515,0.000000,0.218352,0.114036,-0.044998,1.000000;;
   }
  }

  Frame Bip01_Prop2 {
   

   FrameTransformMatrix {
    0.962611,-0.259502,0.077710,0.000000,0.172445,0.365800,-0.914578,0.000000,0.208909,0.893784,0.396873,0.000000,0.223418,0.048226,0.044015,1.000000;;
   }
  }
 }
}

Frame Translation_Data {
 

 FrameTransformMatrix {
  1.000000,0.000000,0.000000,0.000000,0.000000,-0.000000,-1.000000,0.000000,0.000000,1.000000,-0.000000,0.000000,0.000000,-0.000000,0.000000,1.000000;;
 }
}

Frame Body {
 

 FrameTransformMatrix {
  1.000000,0.000000,0.000000,0.000000,0.000000,1.000000,0.000000,0.000000,0.000000,0.000000,1.000000,0.000000,0.000000,0.000000,0.000000,1.000000;;
 }

 Mesh Body {
  617;
  0.075874;0.754623;-0.017268;,
  0.041963;0.748978;-0.015749;,
  0.037875;0.778097;0.001214;,
  0.084693;0.734568;-0.021312;,
  0.092244;0.721121;-0.019504;,
  0.061341;0.684293;-0.040372;,
  0.048405;0.718147;-0.033823;,
  0.098715;0.686067;-0.010078;,
  0.040704;0.797436;0.038980;,
  0.091486;0.771965;0.059986;,
  0.083360;0.776860;0.028694;,
  0.059284;0.776897;0.068296;,
  0.089824;0.544193;0.065367;,
  0.049184;0.551355;0.083560;,
  0.048537;0.538789;0.089629;,
  0.082985;0.554131;0.061748;,
  0.078252;0.553208;0.005798;,
  0.091419;0.527850;0.025368;,
  0.050869;0.547066;-0.025022;,
  0.077929;0.503708;-0.003372;,
  0.049525;0.492689;-0.012999;,
  0.007187;0.683893;-0.046673;,
  0.007446;0.720701;-0.034944;,
  0.006349;0.548084;0.083093;,
  0.006673;0.533152;0.089310;,
  0.060642;0.645695;0.084611;,
  0.010548;0.684143;0.094843;,
  0.008642;0.647075;0.088832;,
  0.067408;0.685425;0.089117;,
  0.065982;0.459916;-0.020264;,
  0.108197;0.356781;-0.014407;,
  0.071014;0.365005;-0.042783;,
  0.099761;0.452746;0.016427;,
  0.070639;0.266365;-0.064510;,
  0.098275;0.263694;-0.020436;,
  0.016510;0.458196;-0.001573;,
  0.027239;0.344066;0.054997;,
  0.022057;0.431426;0.095891;,
  0.022708;0.359856;-0.019175;,
  0.043589;0.265276;0.015963;,
  0.041702;0.263396;-0.025304;,
  0.106974;0.344474;0.049173;,
  0.093765;0.427065;0.072407;,
  0.084324;0.267340;0.016828;,
  0.088920;-0.001438;0.054149;,
  0.049355;-0.001522;0.099609;,
  0.044025;-0.001415;0.051081;,
  0.084211;-0.001545;0.099342;,
  0.070417;0.208276;-0.027358;,
  0.096349;0.143292;0.024092;,
  0.067948;0.137692;-0.004937;,
  0.101016;0.214401;0.001647;,
  0.086561;0.068096;0.049313;,
  0.067223;0.063925;0.020628;,
  0.028098;0.197608;-0.000905;,
  0.034026;0.161863;0.056918;,
  0.028343;0.226678;0.046651;,
  0.037684;0.142389;0.018950;,
  0.053513;0.082672;0.069545;,
  0.050120;0.059932;0.046016;,
  0.096048;0.159655;0.058991;,
  0.100361;0.233165;0.047384;,
  0.077684;0.087314;0.069088;,
  0.098422;0.499349;0.031328;,
  0.008840;0.483365;-0.024875;,
  0.016510;0.458196;-0.001573;,
  0.009876;0.449265;-0.009963;,
  0.100016;0.495580;0.085797;,
  0.049919;0.493273;0.109606;,
  0.094493;0.442218;0.080382;,
  0.049091;0.444773;0.102716;,
  0.054883;0.599071;0.078856;,
  0.092211;0.643887;0.066651;,
  0.103643;0.648862;0.049500;,
  0.079931;0.601750;0.002781;,
  0.096967;0.652550;-0.004278;,
  0.087089;0.599477;0.053575;,
  0.062490;0.650850;-0.040047;,
  0.057280;0.597658;-0.026829;,
  0.009015;0.651513;-0.046349;,
  0.008444;0.592865;-0.032047;,
  0.107327;0.722364;-0.038418;,
  0.126329;0.678741;-0.055763;,
  0.072128;0.712366;0.001037;,
  0.110585;0.616764;-0.026605;,
  0.085446;0.655652;-0.018541;,
  0.143384;0.633878;-0.058007;,
  0.115352;0.698216;0.041575;,
  0.085446;0.655652;-0.018541;,
  0.131078;0.651250;0.029039;,
  0.142617;0.594782;-0.001822;,
  0.110585;0.616764;-0.026605;,
  0.126133;0.701670;0.042082;,
  0.172026;0.674650;-0.008102;,
  0.152593;0.717014;0.009236;,
  0.175316;0.611634;-0.033233;,
  0.132290;0.723983;-0.021975;,
  0.132993;0.644143;-0.068874;,
  0.062103;0.611290;-0.083328;,
  0.092770;0.624752;-0.032729;,
  0.089130;0.624498;-0.104363;,
  0.037457;0.593215;-0.118125;,
  0.054127;0.605088;-0.135397;,
  0.092770;0.624752;-0.032729;,
  0.093410;0.563512;-0.086640;,
  0.122202;0.569010;-0.029008;,
  0.062103;0.611290;-0.083328;,
  0.063971;0.566634;-0.119690;,
  0.037457;0.593215;-0.118125;,
  0.114156;0.574035;-0.102544;,
  0.162202;0.588408;-0.064894;,
  0.071141;0.571781;-0.135139;,
  0.016613;0.529370;-0.230013;,
  0.057034;0.527855;-0.189757;,
  0.013800;0.536139;-0.209273;,
  0.059329;0.521389;-0.210350;,
  0.005113;0.558080;-0.200222;,
  0.015167;0.563722;-0.212369;,
  0.012986;0.554241;-0.207228;,
  0.002169;0.567611;-0.206272;,
  0.060079;0.547678;-0.144327;,
  0.026579;0.575629;-0.186060;,
  0.067351;0.542565;-0.180615;,
  0.016817;0.570569;-0.153075;,
  0.076739;0.554364;-0.193683;,
  0.080191;0.577926;-0.154909;,
  0.035469;0.602986;-0.163512;,
  0.037742;0.586657;-0.198318;,
  0.113192;0.770383;0.024676;,
  0.114326;0.771997;-0.005166;,
  0.083360;0.776860;0.028694;,
  0.078193;0.773770;0.003770;,
  0.103819;0.688763;0.070937;,
  0.049213;0.790963;0.012451;,
  0.104216;0.755590;-0.025144;,
  0.084693;0.734568;-0.021312;,
  0.075874;0.754623;-0.017268;,
  0.097766;0.731100;-0.020826;,
  0.111083;0.730849;0.064685;,
  0.069960;0.723391;0.084415;,
  0.113683;0.734904;0.060510;,
  0.012280;0.719033;0.090106;,
  0.012176;0.773367;0.064519;,
  0.091486;0.771965;0.059986;,
  0.113683;0.734904;0.060510;,
  0.093871;0.713035;0.008215;,
  0.112736;0.725493;0.050291;,
  0.072128;0.712366;0.001037;,
  0.105161;0.685726;0.038757;,
  0.097388;0.682722;0.004368;,
  0.092244;0.721121;-0.019504;,
  0.110915;0.688422;0.054544;,
  0.016817;0.570569;-0.153075;,
  0.045912;0.820372;0.014171;,
  0.037221;0.825852;0.034646;,
  0.011996;0.799975;0.044640;,
  0.011420;0.829451;0.042994;,
  0.037742;0.586657;-0.198318;,
  0.016613;0.529370;-0.230013;,
  0.059329;0.521389;-0.210350;,
  0.006353;0.562705;-0.180850;,
  0.007415;0.583772;-0.195884;,
  0.006353;0.562705;-0.180850;,
  0.020601;0.560645;-0.191317;,
  0.029406;0.582281;-0.199067;,
  0.029406;0.582281;-0.199067;,
  0.005113;0.558080;-0.200222;,
  0.002169;0.567611;-0.206272;,
  0.015167;0.563722;-0.212369;,
  0.095162;0.020228;-0.022686;,
  0.064907;-0.001385;-0.067432;,
  0.063586;0.017194;-0.060195;,
  0.100721;-0.001397;-0.029922;,
  0.045608;0.031888;0.088978;,
  0.044025;-0.001415;0.051081;,
  0.049355;-0.001522;0.099609;,
  0.042654;0.023542;0.048549;,
  0.053513;0.082672;0.069545;,
  0.087148;0.034910;0.088447;,
  0.077684;0.087314;0.069088;,
  0.088920;-0.001438;0.054149;,
  0.084211;-0.001545;0.099342;,
  0.090071;0.033508;0.051677;,
  0.067223;0.063925;0.020628;,
  0.086561;0.068096;0.049313;,
  0.036094;0.014160;-0.049742;,
  0.029967;-0.001374;-0.056978;,
  0.100721;-0.001397;-0.029922;,
  0.029967;-0.001374;-0.056978;,
  0.022708;0.359856;-0.019175;,
  0.041702;0.263396;-0.025304;,
  0.028098;0.197608;-0.000905;,
  0.037684;0.142389;0.018950;,
  0.050120;0.059932;0.046016;,
  0.050120;0.059932;0.046016;,
  0.009994;0.438094;0.040820;,
  0.056704;0.822333;-0.004450;,
  0.039990;0.807852;-0.019782;,
  0.048921;0.814025;-0.022642;,
  0.037602;0.814190;-0.001990;,
  0.047909;0.846369;0.013522;,
  0.039096;0.860727;0.030805;,
  0.029552;0.953186;-0.049906;,
  0.011033;0.938745;-0.075028;,
  0.009845;0.957300;-0.051673;,
  0.046222;0.877456;-0.078813;,
  0.029551;0.874501;-0.085600;,
  0.041987;0.906850;-0.077896;,
  0.054754;0.832968;-0.030618;,
  0.061638;0.850159;-0.007335;,
  0.054687;0.835419;0.001344;,
  0.061773;0.888307;0.000943;,
  0.063054;0.892555;-0.023189;,
  0.054671;0.917783;-0.063252;,
  0.062257;0.926725;-0.037902;,
  0.059918;0.881717;-0.047992;,
  0.058492;0.895905;0.015568;,
  0.046785;0.908636;0.032861;,
  0.007248;0.911589;0.042020;,
  0.040615;0.950668;0.009461;,
  0.007363;0.954462;0.017696;,
  0.060544;0.860002;-0.041393;,
  0.046038;0.820077;-0.041989;,
  0.047091;0.849068;-0.063229;,
  0.032186;0.793114;-0.047824;,
  0.012283;0.790285;-0.035888;,
  0.013103;0.787087;-0.056770;,
  0.036985;0.927692;-0.074303;,
  0.049288;0.943665;-0.046269;,
  0.056522;0.943716;-0.007617;,
  0.043201;0.958143;-0.020894;,
  0.025682;0.964737;-0.016702;,
  0.008351;0.967170;-0.015629;,
  0.008041;0.871463;0.040154;,
  0.056522;0.943716;-0.007617;,
  0.043201;0.958143;-0.020894;,
  0.067892;0.852734;-0.008383;,
  0.072627;0.900065;-0.010015;,
  0.077518;0.883748;0.002766;,
  0.065880;0.880648;-0.010621;,
  0.077518;0.883748;0.002766;,
  0.067892;0.852734;-0.008383;,
  0.072627;0.900065;-0.010015;,
  0.063054;0.892555;-0.023189;,
  0.064034;0.867412;-0.023729;,
  0.061638;0.850159;-0.007335;,
  0.046614;0.870635;-0.068708;,
  0.064034;0.867412;-0.023729;,
  0.049213;0.790963;0.012451;,
  0.045912;0.820372;0.014171;,
  0.078193;0.773770;0.003770;,
  0.047909;0.846369;0.013522;,
  0.008894;0.768333;-0.016817;,
  0.008298;0.745202;-0.023370;,
  0.007549;0.543582;-0.029049;,
  0.008002;0.489270;0.109243;,
  0.009124;0.455053;0.107108;,
  0.004973;0.429418;0.091156;,
  0.009775;0.797816;-0.021444;,
  0.009994;0.438094;0.040820;,
  0.025682;0.964737;-0.016702;,
  0.008351;0.967170;-0.015629;,
  0.032737;0.822478;-0.060519;,
  0.025283;0.842751;-0.072978;,
  0.025569;0.833326;-0.070902;,
  0.011603;0.926623;-0.084657;,
  0.012315;0.902311;-0.092128;,
  0.027180;0.867999;-0.074573;,
  0.007408;0.598421;0.080506;,
  0.078193;0.773770;0.003770;,
  0.064907;-0.001385;-0.067432;,
  0.024825;0.812364;-0.065291;,
  0.032191;0.816131;-0.058744;,
  0.024455;0.817882;-0.062938;,
  0.013013;0.830962;-0.075992;,
  0.013310;0.837040;-0.087113;,
  0.024359;0.820561;-0.068550;,
  0.012810;0.817842;-0.063937;,
  0.013101;0.809903;-0.067994;,
  0.012880;0.871545;-0.092387;,
  0.012809;0.863334;-0.086387;,
  0.112736;0.725493;0.050291;,
  0.013096;0.819555;-0.072612;,
  0.091260;0.715671;0.026170;,
  0.093871;0.713035;0.008215;,
  0.092244;0.721121;-0.019504;,
  0.058492;0.895905;0.015568;,
  0.070417;0.208276;-0.027358;,
  0.046772;0.134958;-0.053387;,
  0.035691;0.209660;-0.059778;,
  0.067948;0.137692;-0.004937;,
  0.070639;0.266365;-0.064510;,
  0.036492;0.271888;-0.067186;,
  0.071014;0.365005;-0.042783;,
  0.022867;0.363880;-0.045424;,
  0.065982;0.459916;-0.020264;,
  0.018257;0.451357;-0.030715;,
  0.049525;0.492689;-0.012999;,
  0.048338;0.064256;-0.052733;,
  0.067223;0.063925;0.020628;,
  0.038200;0.158594;0.083511;,
  0.009634;0.079369;0.105759;,
  0.040339;0.090791;0.101567;,
  0.009584;0.151369;0.091873;,
  0.010461;0.216272;0.070342;,
  0.032248;0.228661;0.060616;,
  0.011790;0.274871;0.062586;,
  0.035439;0.264781;0.045283;,
  0.025663;0.341601;0.069673;,
  0.007493;0.353750;0.082947;,
  0.009154;0.427480;0.104437;,
  0.091260;0.715671;0.026170;,
  -0.058283;0.756852;-0.012018;,
  -0.024533;0.750068;-0.013163;,
  -0.068045;0.737099;-0.015343;,
  -0.018207;0.779032;0.003464;,
  -0.076161;0.724255;-0.013639;,
  -0.046584;0.685584;-0.037846;,
  -0.082431;0.688233;-0.005839;,
  -0.033364;0.719488;-0.030644;,
  -0.017308;0.798411;0.041344;,
  -0.066793;0.774412;0.066468;,
  -0.034355;0.778432;0.071937;,
  -0.061368;0.778998;0.034838;,
  -0.076786;0.538781;0.064565;,
  -0.036599;0.549061;0.082690;,
  -0.070071;0.550038;0.060196;,
  -0.035471;0.536060;0.089225;,
  -0.064219;0.549398;0.004354;,
  -0.076933;0.522381;0.024557;,
  -0.035963;0.544744;-0.025903;,
  -0.061459;0.499267;-0.004087;,
  -0.032477;0.490025;-0.013394;,
  0.006349;0.548084;0.083093;,
  0.006673;0.533152;0.089310;,
  -0.043402;0.646351;0.084998;,
  0.010548;0.684143;0.094843;,
  -0.046478;0.686787;0.091783;,
  0.008642;0.647075;0.088832;,
  -0.047014;0.456227;-0.020793;,
  -0.088900;0.352812;-0.016373;,
  -0.081900;0.448426;0.014840;,
  -0.050772;0.361299;-0.043385;,
  -0.048841;0.262642;-0.064964;,
  -0.078043;0.259800;-0.021923;,
  0.001469;0.454950;-0.000330;,
  -0.010428;0.340793;0.055951;,
  -0.003320;0.356549;-0.018026;,
  -0.002140;0.430640;0.095774;,
  -0.024733;0.261844;0.016441;,
  -0.021329;0.259938;-0.024726;,
  -0.089899;0.340574;0.047224;,
  -0.076801;0.422683;0.071108;,
  -0.065488;0.263590;0.015820;,
  -0.066313;-0.005510;0.055819;,
  -0.014366;-0.007993;0.086271;,
  -0.047497;-0.008007;0.097102;,
  -0.024723;-0.005319;0.038638;,
  -0.049522;0.204594;-0.027752;,
  -0.076807;0.139463;0.022805;,
  -0.081204;0.210510;0.000110;,
  -0.047324;0.134054;-0.005163;,
  -0.066383;0.064309;0.050345;,
  -0.049782;0.060732;0.020464;,
  -0.008113;0.194283;0.000239;,
  -0.015867;0.158553;0.057855;,
  -0.017988;0.139012;0.019805;,
  -0.010317;0.223400;0.047716;,
  -0.031951;0.078652;0.067492;,
  -0.031086;0.056209;0.038859;,
  -0.077904;0.155863;0.057669;,
  -0.082362;0.229326;0.045816;,
  -0.055721;0.083174;0.069139;,
  -0.082128;0.493484;0.030459;,
  0.001469;0.454950;-0.000330;,
  -0.083998;0.489602;0.084910;,
  -0.034088;0.490544;0.109201;,
  -0.076962;0.437329;0.079274;,
  -0.031714;0.441838;0.102504;,
  -0.040031;0.598957;0.077927;,
  -0.075135;0.644943;0.067273;,
  -0.086660;0.650063;0.050207;,
  -0.063704;0.601577;0.001374;,
  -0.071774;0.599286;0.052019;,
  -0.080396;0.653669;-0.003619;,
  -0.046235;0.651536;-0.039643;,
  -0.040500;0.597540;-0.027786;,
  -0.102807;0.724493;-0.028624;,
  -0.054290;0.721064;-0.005602;,
  -0.120550;0.677992;-0.037994;,
  -0.087213;0.620321;-0.015653;,
  -0.131401;0.631348;-0.032357;,
  -0.065816;0.662283;-0.019355;,
  -0.076546;0.702910;0.048129;,
  -0.089002;0.653752;0.041924;,
  -0.065816;0.662283;-0.019355;,
  -0.102744;0.593984;0.015412;,
  -0.087213;0.620321;-0.015653;,
  -0.086712;0.704886;0.052732;,
  -0.143809;0.669764;0.023389;,
  -0.125496;0.715077;0.032574;,
  -0.146794;0.604756;-0.001372;,
  -0.119679;0.723403;-0.003919;,
  -0.127432;0.646635;-0.043461;,
  -0.060402;0.633087;-0.083924;,
  -0.095066;0.640666;-0.093323;,
  -0.074264;0.635294;-0.024890;,
  -0.050189;0.630435;-0.126131;,
  -0.070515;0.632037;-0.136021;,
  -0.074264;0.635294;-0.024890;,
  -0.080308;0.579443;-0.084063;,
  -0.060402;0.633087;-0.083924;,
  -0.088463;0.574056;-0.019962;,
  -0.057318;0.593379;-0.125068;,
  -0.050189;0.630435;-0.126131;,
  -0.106914;0.585617;-0.090995;,
  -0.141322;0.585477;-0.038375;,
  -0.076786;0.595191;-0.135584;,
  -0.022730;0.630169;-0.235859;,
  -0.029458;0.591165;-0.194748;,
  -0.021450;0.587497;-0.214586;,
  -0.030993;0.634389;-0.215914;,
  -0.042522;0.649705;-0.189793;,
  -0.044458;0.647543;-0.206286;,
  -0.049350;0.656960;-0.195864;,
  -0.037075;0.645163;-0.198482;,
  -0.029744;0.598251;-0.156357;,
  -0.063135;0.630261;-0.195158;,
  -0.047760;0.643385;-0.166869;,
  -0.036021;0.585195;-0.190795;,
  -0.052201;0.576452;-0.198533;,
  -0.064285;0.582862;-0.155134;,
  -0.084114;0.629840;-0.165232;,
  -0.078612;0.619761;-0.201993;,
  -0.091632;0.773793;0.032769;,
  -0.095105;0.775480;0.003115;,
  -0.061368;0.778998;0.034838;,
  -0.058309;0.776041;0.009124;,
  -0.083627;0.691004;0.075324;,
  -0.028149;0.792271;0.015636;,
  -0.087916;0.758763;-0.017577;,
  -0.068045;0.737099;-0.015343;,
  -0.084177;0.735409;-0.016169;,
  -0.058283;0.756852;-0.012018;,
  -0.085752;0.734191;0.072335;,
  -0.088403;0.738269;0.068491;,
  -0.045494;0.725284;0.088904;,
  0.012280;0.719033;0.090106;,
  0.012176;0.773367;0.064519;,
  -0.066793;0.774412;0.066468;,
  -0.088403;0.738269;0.068491;,
  -0.075446;0.716125;0.014289;,
  -0.054290;0.721064;-0.005602;,
  -0.088991;0.729038;0.057911;,
  -0.086560;0.688019;0.043244;,
  -0.080494;0.684849;0.008532;,
  -0.076161;0.724255;-0.013639;,
  -0.091499;0.690842;0.059281;,
  -0.047760;0.643385;-0.166869;,
  -0.024363;0.820698;0.015719;,
  -0.014768;0.826093;0.035791;,
  0.011996;0.799975;0.044640;,
  0.011420;0.829451;0.042994;,
  -0.078612;0.619761;-0.201993;,
  -0.022730;0.630169;-0.235859;,
  -0.021450;0.587497;-0.214586;,
  -0.053307;0.640973;-0.175452;,
  -0.068305;0.651160;-0.193952;,
  -0.053307;0.640973;-0.175452;,
  -0.048782;0.632796;-0.190600;,
  -0.067166;0.633119;-0.206960;,
  -0.067166;0.633119;-0.206960;,
  -0.042522;0.649705;-0.189793;,
  -0.049350;0.656960;-0.195864;,
  -0.044458;0.647543;-0.206286;,
  -0.096271;0.020187;-0.013852;,
  -0.082160;0.000975;-0.066922;,
  -0.104202;-0.001025;-0.020020;,
  -0.078299;0.019146;-0.059558;,
  -0.013632;0.025933;0.076691;,
  -0.024723;-0.005319;0.038638;,
  -0.023811;0.019737;0.037056;,
  -0.014366;-0.007993;0.086271;,
  -0.031951;0.078652;0.067492;,
  -0.053133;0.028973;0.089552;,
  -0.055721;0.083174;0.069139;,
  -0.066313;-0.005510;0.055819;,
  -0.067605;0.029517;0.055599;,
  -0.047497;-0.008007;0.097102;,
  -0.049782;0.060732;0.020464;,
  -0.066383;0.064309;0.050345;,
  -0.048965;0.015567;-0.058557;,
  -0.045714;0.000438;-0.068136;,
  -0.104202;-0.001025;-0.020020;,
  -0.045714;0.000438;-0.068136;,
  -0.003320;0.356549;-0.018026;,
  -0.021329;0.259938;-0.024726;,
  -0.008113;0.194283;0.000239;,
  -0.017988;0.139012;0.019805;,
  -0.031086;0.056209;0.038859;,
  -0.031086;0.056209;0.038859;,
  -0.035439;0.820670;-0.007815;,
  -0.017140;0.806821;-0.021869;,
  -0.016835;0.814442;-0.000792;,
  -0.026055;0.812672;-0.025380;,
  -0.028849;0.844983;0.010719;,
  -0.021843;0.859627;0.028579;,
  -0.009777;0.952476;-0.051342;,
  0.009845;0.957300;-0.051673;,
  -0.021555;0.876233;-0.081288;,
  -0.018460;0.905759;-0.080104;,
  -0.004338;0.873889;-0.086838;,
  -0.031970;0.831403;-0.033785;,
  -0.041148;0.848304;-0.011089;,
  -0.034322;0.833812;-0.001907;,
  -0.043261;0.886412;-0.002893;,
  -0.042931;0.890642;-0.027060;,
  -0.032564;0.916209;-0.066438;,
  -0.037607;0.879957;-0.051554;,
  -0.042295;0.924838;-0.041720;,
  -0.041331;0.894103;0.011922;,
  -0.031383;0.907225;0.030006;,
  0.007248;0.911589;0.042020;,
  -0.025042;0.949483;0.007063;,
  0.007363;0.954462;0.017696;,
  -0.037929;0.858225;-0.044989;,
  -0.022535;0.847812;-0.065772;,
  -0.021989;0.818849;-0.044473;,
  -0.006786;0.792410;-0.049247;,
  -0.014488;0.926763;-0.076183;,
  -0.029370;0.942246;-0.049141;,
  -0.039401;0.941984;-0.011120;,
  -0.025676;0.956900;-0.023409;,
  0.008351;0.967170;-0.015629;,
  -0.008757;0.964116;-0.017960;,
  0.008041;0.871463;0.040154;,
  -0.039401;0.941984;-0.011120;,
  -0.025676;0.956900;-0.023409;,
  -0.047398;0.850653;-0.012593;,
  -0.053704;0.897785;-0.014629;,
  -0.046235;0.878624;-0.014716;,
  -0.058923;0.881285;-0.002217;,
  -0.058923;0.881285;-0.002217;,
  -0.047398;0.850653;-0.012593;,
  -0.053704;0.897785;-0.014629;,
  -0.042931;0.890642;-0.027060;,
  -0.042962;0.865481;-0.027636;,
  -0.041148;0.848304;-0.011089;,
  -0.022436;0.869389;-0.071230;,
  -0.042962;0.865481;-0.027636;,
  -0.028149;0.792271;0.015636;,
  -0.024363;0.820698;0.015719;,
  -0.058309;0.776041;0.009124;,
  -0.028849;0.844983;0.010719;,
  0.008002;0.489270;0.109243;,
  0.009124;0.455053;0.107108;,
  0.004973;0.429418;0.091156;,
  0.009994;0.438094;0.040820;,
  -0.008757;0.964116;-0.017960;,
  0.008351;0.967170;-0.015629;,
  -0.007467;0.821752;-0.061988;,
  0.000140;0.842297;-0.073896;,
  0.000043;0.832866;-0.071834;,
  -0.002544;0.867463;-0.075658;,
  0.007408;0.598421;0.080506;,
  -0.058309;0.776041;0.009124;,
  -0.082160;0.000975;-0.066922;,
  -0.006824;0.815427;-0.060169;,
  0.001131;0.811937;-0.066156;,
  0.001129;0.817461;-0.063790;,
  0.001538;0.820149;-0.069383;,
  -0.088991;0.729038;0.057911;,
  -0.070806;0.718870;0.031605;,
  -0.075446;0.716125;0.014289;,
  -0.076161;0.724255;-0.013639;,
  -0.041331;0.894103;0.011922;,
  -0.006338;0.206923;-0.059308;,
  0.015633;0.135576;-0.066594;,
  -0.012538;0.131961;-0.053776;,
  0.014347;0.211315;-0.062584;,
  -0.011589;0.268703;-0.066419;,
  0.015197;0.270367;-0.065175;,
  -0.002014;0.361150;-0.044467;,
  0.012674;0.358653;-0.044844;,
  0.000669;0.449192;-0.029809;,
  0.010304;0.443375;-0.030609;,
  0.008840;0.483365;-0.024875;,
  -0.032477;0.490025;-0.013394;,
  0.016751;0.071230;-0.073810;,
  -0.012433;0.061342;-0.053017;,
  -0.013361;0.084588;0.103411;,
  -0.077904;0.155863;0.057669;,
  -0.055707;0.083175;0.069139;,
  -0.016702;0.156861;0.082615;,
  -0.082362;0.229326;0.045816;,
  -0.018413;0.223144;0.063048;,
  -0.017796;0.262661;0.049784;,
  -0.065488;0.263590;0.015820;,
  -0.089899;0.340574;0.047224;,
  -0.009209;0.337042;0.073007;,
  0.009124;0.455053;0.107108;,
  -0.031714;0.441838;0.102504;,
  -0.070806;0.718870;0.031605;,
  -0.047014;0.456227;-0.020793;,
  -0.050772;0.361299;-0.043385;,
  -0.048841;0.262642;-0.064964;,
  -0.049522;0.204594;-0.027752;,
  -0.047324;0.134054;-0.005163;,
  -0.049782;0.060732;0.020464;,
  0.106974;0.344474;0.049173;,
  0.049091;0.444773;0.102716;,
  0.093765;0.427065;0.072407;,
  0.084324;0.267340;0.016828;,
  0.100361;0.233165;0.047384;,
  0.096048;0.159655;0.058991;,
  0.077684;0.087314;0.069088;,
  -0.076801;0.422684;0.071108;;
  916;
  3;0,1,2;,
  3;1,0,3;,
  3;4,5,6;,
  3;5,4,7;,
  3;8,9,10;,
  3;9,8,11;,
  3;12,13,14;,
  3;13,12,15;,
  3;16,12,17;,
  3;12,16,15;,
  3;18,19,20;,
  3;19,18,16;,
  3;6,21,22;,
  3;21,6,5;,
  3;14,23,24;,
  3;23,14,13;,
  3;25,26,27;,
  3;26,25,28;,
  3;29,30,31;,
  3;30,29,32;,
  3;30,33,31;,
  3;33,30,34;,
  3;35,36,37;,
  3;36,35,38;,
  3;38,39,36;,
  3;39,38,40;,
  3;37,41,42;,
  3;41,37,36;,
  3;36,43,41;,
  3;43,36,39;,
  3;42,30,32;,
  3;30,42,41;,
  3;41,34,30;,
  3;34,41,43;,
  3;44,45,46;,
  3;45,44,47;,
  3;48,49,50;,
  3;49,48,51;,
  3;50,52,53;,
  3;52,50,49;,
  3;54,55,56;,
  3;55,54,57;,
  3;57,58,55;,
  3;58,57,59;,
  3;56,60,61;,
  3;60,56,55;,
  3;55,62,60;,
  3;62,55,58;,
  3;61,49,51;,
  3;49,61,60;,
  3;60,52,49;,
  3;52,60,62;,
  3;32,19,63;,
  3;19,32,29;,
  3;64,65,66;,
  3;65,64,20;,
  3;14,67,12;,
  3;67,14,68;,
  3;68,69,67;,
  3;69,68,70;,
  3;70,42,69;,
  3;42,70,37;,
  3;48,34,51;,
  3;34,48,33;,
  3;51,43,61;,
  3;43,51,34;,
  3;43,56,61;,
  3;56,43,39;,
  3;39,54,56;,
  3;54,39,40;,
  3;12,63,17;,
  3;63,12,67;,
  3;67,32,63;,
  3;32,67,69;,
  3;69,42,32;,
  3;71,72,25;,
  3;73,74,75;,
  3;74,73,76;,
  3;74,77,75;,
  3;77,74,78;,
  3;79,78,80;,
  3;78,79,77;,
  3;81,82,83;,
  3;82,84,85;,
  3;84,82,86;,
  3;87,88,89;,
  3;88,90,89;,
  3;90,88,91;,
  3;92,93,94;,
  3;92,89,93;,
  3;92,87,89;,
  3;89,95,93;,
  3;95,89,90;,
  3;96,93,82;,
  3;93,86,82;,
  3;86,93,95;,
  3;97,98,99;,
  3;98,97,100;,
  3;100,101,98;,
  3;101,100,102;,
  3;103,104,105;,
  3;104,103,106;,
  3;106,107,104;,
  3;107,106,108;,
  3;105,109,110;,
  3;109,105,104;,
  3;104,111,109;,
  3;111,104,107;,
  3;110,100,97;,
  3;100,110,109;,
  3;109,102,100;,
  3;102,109,111;,
  3;112,113,114;,
  3;113,112,115;,
  3;116,117,118;,
  3;117,116,119;,
  3;120,121,122;,
  3;121,120,123;,
  3;120,124,125;,
  3;124,120,122;,
  3;126,124,127;,
  3;124,126,125;,
  3;95,97,86;,
  3;97,95,110;,
  3;86,99,84;,
  3;99,86,97;,
  3;90,103,105;,
  3;103,90,91;,
  3;105,95,90;,
  3;95,105,110;,
  3;128,96,129;,
  3;96,128,94;,
  3;129,130,128;,
  3;130,129,131;,
  3;72,28,25;,
  3;28,72,132;,
  3;10,133,8;,
  3;134,135,136;,
  3;135,134,137;,
  3;81,137,134;,
  3;138,11,139;,
  3;138,9,11;,
  3;138,140,9;,
  3;141,11,142;,
  3;11,141,139;,
  3;128,130,143;,
  3;94,144,92;,
  3;94,143,144;,
  3;94,128,143;,
  3;145,87,146;,
  3;87,145,147;,
  3;75,148,73;,
  3;148,75,149;,
  3;150,147,145;,
  3;7,149,75;,
  3;148,151,73;,
  3;102,152,101;,
  3;152,102,126;,
  3;102,125,126;,
  3;125,102,111;,
  3;111,120,125;,
  3;120,111,107;,
  3;120,108,123;,
  3;108,120,107;,
  3;8,153,154;,
  3;153,8,133;,
  3;154,155,8;,
  3;155,154,156;,
  3;122,114,113;,
  3;114,122,121;,
  3;121,112,114;,
  3;112,121,157;,
  3;158,124,159;,
  3;124,158,127;,
  3;159,122,113;,
  3;122,159,124;,
  3;126,160,152;,
  3;160,126,161;,
  3;162,121,123;,
  3;121,162,163;,
  3;121,164,157;,
  3;164,121,163;,
  3;165,126,127;,
  3;126,165,161;,
  3;161,166,160;,
  3;166,161,167;,
  3;162,118,163;,
  3;118,162,116;,
  3;163,117,164;,
  3;117,163,118;,
  3;165,167,161;,
  3;167,165,168;,
  3;169,170,171;,
  3;170,169,172;,
  3;173,174,175;,
  3;174,173,176;,
  3;177,178,179;,
  3;178,177,173;,
  3;180,178,181;,
  3;178,180,182;,
  3;183,169,171;,
  3;169,183,184;,
  3;174,185,186;,
  3;185,174,176;,
  3;46,187,44;,
  3;187,46,188;,
  3;180,169,182;,
  3;169,180,172;,
  3;20,29,65;,
  3;19,29,20;,
  3;29,31,189;,
  3;31,190,189;,
  3;190,31,33;,
  3;33,191,190;,
  3;191,33,48;,
  3;191,50,192;,
  3;50,191,48;,
  3;192,53,193;,
  3;53,192,50;,
  3;194,171,185;,
  3;171,194,183;,
  3;171,186,185;,
  3;186,171,170;,
  3;185,176,194;,
  3;194,173,177;,
  3;173,194,176;,
  3;178,175,181;,
  3;175,178,173;,
  3;179,182,184;,
  3;182,179,178;,
  3;182,169,184;,
  3;16,17,19;,
  3;17,63,19;,
  3;65,195,66;,
  3;196,197,198;,
  3;197,196,199;,
  3;200,154,153;,
  3;154,200,201;,
  3;202,203,204;,
  3;205,206,207;,
  3;196,208,209;,
  3;208,196,198;,
  3;210,209,211;,
  3;209,210,196;,
  3;212,213,214;,
  3;213,212,215;,
  3;212,214,211;,
  3;201,216,217;,
  3;216,201,200;,
  3;218,219,220;,
  3;219,218,217;,
  3;210,199,196;,
  3;213,205,207;,
  3;221,222,223;,
  3;198,197,224;,
  3;224,225,226;,
  3;225,224,197;,
  3;227,213,207;,
  3;228,229,214;,
  3;229,228,230;,
  3;220,231,232;,
  3;213,228,214;,
  3;156,201,233;,
  3;201,156,154;,
  3;233,217,218;,
  3;217,233,201;,
  3;219,217,234;,
  3;235,219,234;,
  3;236,237,238;,
  3;237,236,239;,
  3;209,240,211;,
  3;240,209,241;,
  3;211,242,212;,
  3;242,211,240;,
  3;243,239,244;,
  3;239,243,237;,
  3;244,236,245;,
  3;236,244,239;,
  3;246,221,223;,
  3;221,246,215;,
  3;221,212,247;,
  3;212,221,215;,
  3;199,248,2;,
  3;248,199,249;,
  3;133,10,250;,
  3;249,210,251;,
  3;210,249,199;,
  3;210,211,251;,
  3;252,1,253;,
