xof 0303txt 0032
template ColorRGBA {
 <35ff44e0-6c7c-11cf-8f52-0040333594a3>
 FLOAT red;
 FLOAT green;
 FLOAT blue;
 FLOAT alpha;
}

template ColorRGB {
 <d3e16e81-7835-11cf-8f52-0040333594a3>
 FLOAT red;
 FLOAT green;
 FLOAT blue;
}

template Material {
 <3d82ab4d-62da-11cf-ab39-0020af71e433>
 ColorRGBA faceColor;
 FLOAT power;
 ColorRGB specularColor;
 ColorRGB emissiveColor;
 [...]
}

template TextureFilename {
 <a42790e1-7810-11cf-8f52-0040333594a3>
 STRING filename;
}

template Frame {
 <3d82ab46-62da-11cf-ab39-0020af71e433>
 [...]
}

template Matrix4x4 {
 <f6f23f45-7686-11cf-8f52-0040333594a3>
 array FLOAT matrix[16];
}

template FrameTransformMatrix {
 <f6f23f41-7686-11cf-8f52-0040333594a3>
 Matrix4x4 frameMatrix;
}

template Vector {
 <3d82ab5e-62da-11cf-ab39-0020af71e433>
 FLOAT x;
 FLOAT y;
 FLOAT z;
}

template MeshFace {
 <3d82ab5f-62da-11cf-ab39-0020af71e433>
 DWORD nFaceVertexIndices;
 array DWORD faceVertexIndices[nFaceVertexIndices];
}

template Mesh {
 <3d82ab44-62da-11cf-ab39-0020af71e433>
 DWORD nVertices;
 array Vector vertices[nVertices];
 DWORD nFaces;
 array MeshFace faces[nFaces];
 [...]
}

template MeshNormals {
 <f6f23f43-7686-11cf-8f52-0040333594a3>
 DWORD nNormals;
 array Vector normals[nNormals];
 DWORD nFaceNormals;
 array MeshFace faceNormals[nFaceNormals];
}

template MeshMaterialList {
 <f6f23f42-7686-11cf-8f52-0040333594a3>
 DWORD nMaterials;
 DWORD nFaceIndexes;
 array DWORD faceIndexes[nFaceIndexes];
 [Material <3d82ab4d-62da-11cf-ab39-0020af71e433>]
}

template Coords2d {
 <f6f23f44-7686-11cf-8f52-0040333594a3>
 FLOAT u;
 FLOAT v;
}

template MeshTextureCoords {
 <f6f23f40-7686-11cf-8f52-0040333594a3>
 DWORD nTextureCoords;
 array Coords2d textureCoords[nTextureCoords];
}

template XSkinMeshHeader {
 <3cf169ce-ff7c-44ab-93c0-f78f62d172e2>
 WORD nMaxSkinWeightsPerVertex;
 WORD nMaxSkinWeightsPerFace;
 WORD nBones;
}

template SkinWeights {
 <6f0d123b-bad2-4167-a0d0-80224f25fabb>
 STRING transformNodeName;
 DWORD nWeights;
 array DWORD vertexIndices[nWeights];
 array FLOAT weights[nWeights];
 Matrix4x4 matrixOffset;
}

template AnimTicksPerSecond {
 <9e415a43-7ba6-4a73-8743-b73d47e88476>
 DWORD AnimTicksPerSecond;
}

template Animation {
 <3d82ab4f-62da-11cf-ab39-0020af71e433>
 [...]
}

template AnimationSet {
 <3d82ab50-62da-11cf-ab39-0020af71e433>
 [Animation <3d82ab4f-62da-11cf-ab39-0020af71e433>]
}

template FloatKeys {
 <10dd46a9-775b-11cf-8f52-0040333594a3>
 DWORD nValues;
 array FLOAT values[nValues];
}

template TimedFloatKeys {
 <f406b180-7b3b-11cf-8f52-0040333594a3>
 DWORD time;
 FloatKeys tfkeys;
}

template AnimationKey {
 <10dd46a8-775b-11cf-8f52-0040333594a3>
 DWORD keyType;
 DWORD nKeys;
 array TimedFloatKeys keys[nKeys];
}


Material Material__135 {
 1.000000;1.000000;1.000000;1.000000;;
 10.000000;
 0.000000;0.000000;0.000000;;
 0.000000;0.000000;0.000000;;

 TextureFilename {
  "FemaleBody02.png";
 }
}

Frame Dummy01 {
 

 FrameTransformMatrix {
  1.000000,0.000000,0.000000,0.000000,0.000000,-0.000000,-1.000000,0.000000,0.000000,1.000000,-0.000000,0.000000,0.000000,0.000000,0.000000,1.000000;;
 }

 Frame Bip01 {
  

  FrameTransformMatrix {
   -0.087155,0.982405,-0.165183,0.000000,-0.000001,0.165814,0.986157,0.000000,0.996195,0.085949,-0.014450,0.000000,-0.010000,-0.012284,0.490453,1.000000;;
  }

  Frame Bip01_Pelvis {
   

   FrameTransformMatrix {
    0.000000,1.000000,-0.000001,0.000000,-0.000001,0.000001,1.000000,0.000000,1.000000,0.000000,0.000001,0.000000,0.000000,0.000000,0.000000,1.000000;;
   }

   Frame Bip01_Spine {
    

    FrameTransformMatrix {
     0.984686,0.000002,-0.174337,0.000000,-0.000001,1.000000,0.000004,0.000000,0.174337,-0.000004,0.984686,0.000000,0.051619,0.000000,-0.000083,1.000000;;
    }

    Frame Bip01_Spine1 {
     

     FrameTransformMatrix {
      0.997819,0.052687,0.039774,0.000000,-0.044862,0.983198,-0.176942,0.000000,-0.048428,0.174771,0.983417,0.000000,0.106484,-0.000015,-0.000083,1.000000;;
     }

     Frame Bip01_Neck {
      

      FrameTransformMatrix {
       0.966067,-0.020835,0.257451,0.000000,0.025191,0.999590,-0.013632,0.000000,-0.257061,0.019655,0.966195,0.000000,0.130511,-0.000001,0.004626,1.000000;;
      }

      Frame Bip01_Head {
       

       FrameTransformMatrix {
        0.989321,-0.051753,-0.136255,0.000000,0.064251,0.993958,0.088989,0.000000,0.130826,-0.096793,0.986669,0.000000,0.033674,-0.000000,0.000000,1.000000;;
       }

       Frame Bip01_HeadNub {
        

        FrameTransformMatrix {
         1.000000,-0.000000,-0.000000,0.000000,-0.000000,1.000000,0.000000,0.000000,0.000000,-0.000000,1.000000,0.000000,0.169824,0.000000,-0.000000,1.000000;;
        }
       }
      }

      Frame Bip01_L_Clavicle {
       

       FrameTransformMatrix {
        -0.205975,0.976135,0.068811,0.000000,0.943873,0.216738,-0.249254,0.000000,-0.258220,0.013609,-0.965990,0.000000,-0.024734,0.015166,0.002017,1.000000;;
       }

       Frame Bip01_L_UpperArm {
        

        FrameTransformMatrix {
         0.385871,-0.777669,0.496320,0.000000,0.922466,0.332598,-0.196046,0.000000,-0.012616,0.533487,0.845714,0.000000,0.073469,0.000000,-0.000000,1.000000;;
        }

        Frame Bip01_L_Forearm {
         

         FrameTransformMatrix {
          0.943939,0.000000,-0.330119,0.000000,0.000000,1.000000,-0.000000,0.000000,0.330119,-0.000000,0.943939,0.000000,0.148340,0.000000,-0.000000,1.000000;;
         }

         Frame Bip01_L_Hand {
          

          FrameTransformMatrix {
           1.000000,-0.000000,0.000000,0.000000,0.000000,0.000796,1.000000,0.000000,0.000000,-1.000000,0.000796,0.000000,0.131860,-0.000000,0.000000,1.000000;;
          }

          Frame Bip01_L_Finger0 {
           

           FrameTransformMatrix {
            0.690342,-0.181727,0.700288,0.000000,0.558537,0.749101,-0.356210,0.000000,-0.459853,0.637043,0.618637,0.000000,0.057681,-0.023605,-0.000272,1.000000;;
           }

           Frame Bip01_L_Finger0Nub {
            

            FrameTransformMatrix {
             1.000000,0.000000,0.000000,0.000000,0.000000,1.000000,0.000000,0.000000,-0.000000,0.000000,1.000000,0.000000,0.029435,0.000000,0.000000,1.000000;;
            }
           }
          }

          Frame Bip01_L_Finger1 {
           

           FrameTransformMatrix {
            0.728079,-0.000546,0.685493,0.000000,0.000000,1.000000,0.000796,0.000000,-0.685493,-0.000580,0.728079,0.000000,0.084102,0.000000,0.000000,1.000000;;
           }

           Frame Bip01_L_Finger1Nub {
            

            FrameTransformMatrix {
             1.000000,0.000000,0.000000,0.000000,-0.000000,1.000000,0.000000,0.000000,-0.000000,0.000000,1.000000,0.000000,0.047988,-0.000000,0.000000,1.000000;;
            }
           }
          }
         }
        }
       }
      }

      Frame Bip01_R_Clavicle {
       

       FrameTransformMatrix {
        -0.028509,-0.999573,-0.006461,0.000000,-0.965665,0.025871,0.258498,0.000000,-0.258220,0.013609,-0.965990,0.000000,-0.024080,-0.016250,0.001399,1.000000;;
       }

       Frame Bip01_R_UpperArm {
        

        FrameTransformMatrix {
         0.221390,0.975047,0.016433,0.000000,-0.974986,0.221654,-0.016512,0.000000,-0.019742,-0.012366,0.999728,0.000000,0.073469,0.000000,-0.000000,1.000000;;
        }

        Frame Bip01_R_Forearm {
         

         FrameTransformMatrix {
          0.915660,-0.000000,-0.401954,0.000000,-0.000000,1.000000,-0.000000,0.000000,0.401954,-0.000000,0.915660,0.000000,0.148340,0.000000,-0.000000,1.000000;;
         }

         Frame Bip01_R_Hand {
          

          FrameTransformMatrix {
           0.975195,-0.000000,-0.221346,0.000000,-0.221346,0.000796,-0.975195,0.000000,0.000176,1.000000,0.000777,0.000000,0.131860,0.000000,0.000000,1.000000;;
          }

          Frame Bip01_R_Finger0 {
           

           FrameTransformMatrix {
            0.417774,-0.116941,0.900994,0.000000,-0.558537,0.749101,0.356210,0.000000,-0.716591,-0.652054,0.247639,0.000000,0.057681,0.023605,-0.000272,1.000000;;
           }

           Frame Bip01_R_Finger0Nub {
            

            FrameTransformMatrix {
             -1.000000,0.000000,0.000000,0.000000,0.000000,1.000000,-0.000000,0.000000,0.000000,0.000000,-1.000000,0.000000,0.029435,0.000000,-0.000000,1.000000;;
            }
           }
          }

          Frame Bip01_R_Finger1 {
           

           FrameTransformMatrix {
            0.352436,0.000745,0.935835,0.000000,-0.000000,1.000000,-0.000796,0.000000,-0.935836,0.000281,0.352436,0.000000,0.084102,-0.000000,0.000000,1.000000;;
           }

           Frame Bip01_R_Finger1Nub {
            

            FrameTransformMatrix {
             -1.000000,0.000000,0.000000,0.000000,0.000000,1.000000,-0.000000,0.000000,-0.000000,0.000000,-1.000000,0.000000,0.047988,0.000000,-0.000000,1.000000;;
            }
           }
          }
         }
        }
       }
      }
     }

     Frame Bip01_BackPack {
      

      FrameTransformMatrix {
       0.180560,0.080500,-0.980264,0.000000,0.047560,0.994764,0.090451,0.000000,0.982413,-0.062954,0.175786,0.000000,0.063697,0.000003,-0.088856,1.000000;;
      }

      Frame Bip01_BackPackNub {
       

       FrameTransformMatrix {
        0.000796,0.000003,1.000000,0.000000,0.000000,-1.000000,0.000003,0.000000,1.000000,-0.000000,-0.000796,0.000000,0.053240,0.000000,0.000000,1.000000;;
       }
      }
     }
    }

    Frame Bip01_L_Thigh {
     

     FrameTransformMatrix {
      -0.888504,0.030427,0.457858,0.000000,-0.032107,-0.999476,0.004114,0.000000,0.457744,-0.011045,0.889016,0.000000,-0.050843,0.055225,-0.008917,1.000000;;
     }

     Frame Bip01_L_Calf {
      

      FrameTransformMatrix {
       0.942235,-0.000000,-0.334952,0.000000,-0.000000,1.000000,-0.000000,0.000000,0.334952,-0.000000,0.942235,0.000000,0.237500,0.000000,-0.000000,1.000000;;
      }

      Frame Bip01_L_Foot {
       

       FrameTransformMatrix {
        0.924325,-0.026487,0.380687,0.000000,-0.068962,0.969570,0.234901,0.000000,-0.375325,-0.243378,0.894371,0.000000,0.206841,0.000000,0.000000,1.000000;;
       }

       Frame Bip01_L_Toe0 {
        

        FrameTransformMatrix {
         0.000000,0.000000,1.000000,0.000000,0.000000,1.000000,-0.000000,0.000000,-1.000000,0.000000,0.000000,0.000000,0.065373,0.000000,0.066450,1.000000;;
        }

        Frame Bip01_L_Toe0Nub {
         

         FrameTransformMatrix {
          -1.000000,0.000000,0.000000,0.000000,0.000000,1.000000,0.000000,0.000000,0.000000,0.000000,-1.000000,0.000000,0.006735,-0.000000,0.000000,1.000000;;
         }
        }
       }
      }
     }
    }

    Frame Bip01_R_Thigh {
     

     FrameTransformMatrix {
      -0.996965,0.030321,-0.071704,0.000000,-0.029454,-0.999480,-0.013113,0.000000,-0.072065,-0.010961,0.997340,0.000000,-0.050843,-0.055225,-0.008917,1.000000;;
     }

     Frame Bip01_R_Calf {
      

      FrameTransformMatrix {
       0.730239,0.000000,-0.683192,0.000000,0.000000,1.000000,0.000000,0.000000,0.683192,0.000000,0.730239,0.000000,0.237500,0.000000,0.000000,1.000000;;
      }

      Frame Bip01_R_Foot {
       

       FrameTransformMatrix {
        0.991957,0.087165,-0.091782,0.000000,-0.093276,0.993546,-0.064539,0.000000,0.085565,0.072581,0.993685,0.000000,0.206841,0.000000,0.000000,1.000000;;
       }

       Frame Bip01_R_Toe0 {
        

        FrameTransformMatrix {
         0.000000,0.000000,1.000000,0.000000,0.000000,1.000000,-0.000000,0.000000,-1.000000,0.000000,0.000000,0.000000,0.065373,0.000000,0.066450,1.000000;;
        }

        Frame Bip01_R_Toe0Nub {
         

         FrameTransformMatrix {
          1.000000,0.000000,0.000000,0.000000,0.000000,1.000000,-0.000000,0.000000,-0.000000,-0.000000,1.000000,0.000000,0.006735,-0.000000,0.000000,1.000000;;
         }
        }
       }
      }
     }
    }
   }

   Frame Bip01_DressFront {
    

    FrameTransformMatrix {
     -0.880185,-0.088339,0.466338,0.000000,0.121847,0.907542,0.401896,0.000000,-0.458725,0.410564,-0.788041,0.000000,-0.043935,0.001339,0.061057,1.000000;;
    }

    Frame Bip01_DressFront02 {
     

     FrameTransformMatrix {
      0.912593,0.000001,0.408870,0.000000,-0.000001,1.000000,-0.000000,0.000000,-0.408870,-0.000000,0.912593,0.000000,0.183378,-0.000000,-0.000120,1.000000;;
     }

     Frame Bip01_DressFrontNub {
      

      FrameTransformMatrix {
       0.000796,0.000003,1.000000,0.000000,0.000000,-1.000000,0.000003,0.000000,1.000000,0.000000,-0.000796,0.000000,0.165302,0.000000,0.000000,1.000000;;
      }
     }
    }
   }

   Frame Bip01_DressBack {
    

    FrameTransformMatrix {
     -0.886023,0.038029,0.462080,0.000000,0.191625,0.937561,0.290274,0.000000,-0.422190,0.345735,-0.837988,0.000000,-0.047673,-0.000048,-0.078302,1.000000;;
    }

    Frame Bip01_DressBack02 {
     

     FrameTransformMatrix {
      0.936852,0.174932,-0.302833,0.000000,-0.166408,0.984581,0.053940,0.000000,0.307600,-0.000139,0.951516,0.000000,0.176125,0.000000,-0.000103,1.000000;;
     }

     Frame Bip01_DressBackNub {
      

      FrameTransformMatrix {
       0.000796,0.000003,1.000000,0.000000,-0.000000,-1.000000,0.000003,0.000000,1.000000,0.000000,-0.000796,0.000000,0.136508,0.000000,0.000000,1.000000;;
      }
     }
    }
   }
  }

  Frame Bip01_Prop1 {
   

   FrameTransformMatrix {
    -0.233929,-0.108090,0.966227,0.000000,0.687222,0.684611,0.242967,0.000000,-0.687752,0.720849,-0.085868,0.000000,0.072994,-0.055506,-0.134034,1.000000;;
   }
  }

  Frame Bip01_Prop2 {
   

   FrameTransformMatrix {
    -0.163643,-0.967062,0.194966,0.000000,0.985576,-0.168906,-0.010564,0.000000,0.043147,0.190425,0.980753,0.000000,-0.140709,-0.103585,0.102365,1.000000;;
   }
  }
 }
}

Frame Translation_Data {
 

 FrameTransformMatrix {
  1.000000,0.000000,0.000000,0.000000,0.000000,-0.000000,-1.000000,0.000000,0.000000,1.000000,-0.000000,0.000000,0.000000,0.000000,0.000000,1.000000;;
 }
}

Frame Body001 {
 

 FrameTransformMatrix {
  1.000000,0.000000,0.000000,0.000000,0.000000,1.000000,0.000000,0.000000,0.000000,0.000000,1.000000,0.000000,0.000000,0.000000,0.000000,1.000000;;
 }

 Mesh Body001 {
  655;
  0.063891;0.767378;0.010037;,
  0.033253;0.767476;0.010815;,
  0.067719;0.784605;0.021947;,
  0.059451;0.725390;-0.009177;,
  0.045793;0.700901;-0.037604;,
  0.041467;0.728283;-0.019434;,
  0.063377;0.697426;-0.023833;,
  0.025054;0.803403;0.058659;,
  0.072123;0.782283;0.075103;,
  0.061052;0.794512;0.055221;,
  0.044742;0.777106;0.079896;,
  0.072762;0.561694;0.053683;,
  0.037254;0.590518;0.066360;,
  0.041907;0.569329;0.080469;,
  0.064895;0.588540;0.043129;,
  0.072911;0.576939;0.006987;,
  0.081653;0.547159;0.012373;,
  0.051306;0.562598;-0.017181;,
  0.071839;0.515511;-0.004686;,
  0.041145;0.506745;-0.013789;,
  0.022185;0.699990;-0.036872;,
  0.017726;0.719682;-0.021686;,
  -0.000000;0.575651;0.063796;,
  0.000000;0.550615;0.076859;,
  0.040262;0.649166;0.058948;,
  -0.000000;0.674558;0.063731;,
  -0.000000;0.649395;0.062891;,
  0.045899;0.686007;0.065836;,
  0.061306;0.462878;-0.013491;,
  0.106802;0.367365;0.020204;,
  0.074441;0.364474;-0.007316;,
  0.099544;0.465500;0.022543;,
  0.082337;0.272697;0.004686;,
  0.099741;0.275139;0.028018;,
  0.011977;0.461293;0.008594;,
  0.045783;0.366596;0.079116;,
  0.028999;0.454013;0.078832;,
  0.028887;0.361733;0.017113;,
  0.070502;0.274272;0.065187;,
  0.056896;0.269646;0.024903;,
  0.090818;0.439226;0.075191;,
  0.093314;0.372324;0.071473;,
  0.090892;0.279986;0.064719;,
  0.123470;0.000788;0.064100;,
  0.086384;0.000445;0.099494;,
  0.088678;0.000982;0.061221;,
  0.119111;0.000422;0.099150;,
  0.088307;0.233067;0.020247;,
  0.113484;0.148708;0.049650;,
  0.094224;0.151235;0.029091;,
  0.116851;0.211430;0.040929;,
  0.113046;0.071306;0.057498;,
  0.102662;0.067198;0.035530;,
  0.061245;0.199648;0.037898;,
  0.080352;0.154330;0.085690;,
  0.069950;0.231770;0.086121;,
  0.076404;0.143027;0.046437;,
  0.094492;0.074018;0.079345;,
  0.091978;0.055676;0.054671;,
  0.114900;0.158046;0.085218;,
  0.112692;0.231067;0.085601;,
  0.111499;0.080316;0.078955;,
  0.091743;0.510400;0.022340;,
  0.011977;0.461293;0.008594;,
  0.000000;0.465711;-0.012167;,
  0.077565;0.523492;0.071790;,
  0.042954;0.529461;0.096713;,
  0.085868;0.468851;0.070461;,
  0.043724;0.479080;0.091354;,
  0.034262;0.606064;0.058507;,
  0.057409;0.650831;0.051602;,
  0.062810;0.658567;0.036734;,
  0.059708;0.656525;0.000837;,
  0.069490;0.688741;0.039450;,
  0.060625;0.668146;-0.000159;,
  0.039838;0.657879;-0.024702;,
  0.040990;0.663346;-0.025251;,
  0.020495;0.667662;-0.026202;,
  0.015702;0.663519;-0.024265;,
  0.133518;0.783044;0.019976;,
  0.177423;0.745244;0.024258;,
  0.133704;0.751147;0.024302;,
  0.183556;0.785929;0.024315;,
  0.234278;0.741606;0.028990;,
  0.238767;0.776622;0.034891;,
  0.125481;0.752426;0.065770;,
  0.177423;0.745244;0.024258;,
  0.173132;0.750110;0.072143;,
  0.133704;0.751147;0.024302;,
  0.225135;0.748331;0.071348;,
  0.234278;0.741606;0.028990;,
  0.098119;0.759853;0.066379;,
  0.127724;0.767948;0.066537;,
  0.098322;0.749483;0.060026;,
  0.229703;0.776813;0.062932;,
  0.179066;0.786267;0.063690;,
  0.131711;0.790789;0.047052;,
  0.264392;0.777798;0.029565;,
  0.322934;0.737806;0.030187;,
  0.262597;0.735930;0.024890;,
  0.321434;0.763682;0.029521;,
  0.367125;0.739848;0.030066;,
  0.370257;0.753069;0.029840;,
  0.262597;0.735930;0.024890;,
  0.319352;0.743075;0.068181;,
  0.258047;0.741385;0.075366;,
  0.322934;0.737806;0.030187;,
  0.367034;0.742913;0.056857;,
  0.367125;0.739848;0.030066;,
  0.317979;0.764059;0.067298;,
  0.259876;0.777963;0.066085;,
  0.369425;0.754122;0.056028;,
  0.486406;0.710292;0.021830;,
  0.467975;0.709194;0.063940;,
  0.479433;0.702845;0.021133;,
  0.474653;0.715952;0.064315;,
  0.442315;0.704353;-0.000166;,
  0.450708;0.713705;0.004808;,
  0.449568;0.704945;0.005753;,
  0.443686;0.712186;-0.005335;,
  0.391222;0.730878;0.065113;,
  0.424385;0.722671;0.017529;,
  0.432001;0.719735;0.069071;,
  0.391350;0.724261;0.018090;,
  0.438331;0.727002;0.069310;,
  0.399617;0.749565;0.065459;,
  0.401709;0.747867;0.016145;,
  0.436179;0.734328;0.021508;,
  0.093630;0.800155;0.058225;,
  0.097004;0.801008;0.040285;,
  0.061052;0.794512;0.055221;,
  0.064333;0.795983;0.040992;,
  0.066255;0.694387;0.066063;,
  0.030156;0.802760;0.044397;,
  0.095439;0.790554;0.016634;,
  0.063891;0.767378;0.010037;,
  0.067719;0.784605;0.021947;,
  0.094274;0.769807;0.011841;,
  0.049132;0.734713;0.081833;,
  0.000000;0.774333;0.079955;,
  -0.000000;0.720379;0.078083;,
  0.072123;0.782283;0.075103;,
  0.081884;0.747639;0.074296;,
  0.075396;0.730802;0.028165;,
  0.089985;0.750742;0.017045;,
  0.081762;0.738596;0.067213;,
  0.064439;0.745316;0.004205;,
  0.068091;0.686958;-0.000046;,
  0.068668;0.694554;0.017768;,
  0.069964;0.689988;0.055343;,
  0.391350;0.724261;0.018090;,
  0.031324;0.832365;0.043872;,
  0.021748;0.834564;0.059335;,
  -0.000000;0.804975;0.062917;,
  -0.000000;0.836983;0.064181;,
  0.436179;0.734328;0.021508;,
  0.486406;0.710292;0.021830;,
  0.474653;0.715952;0.064315;,
  0.423600;0.710986;0.003419;,
  0.429523;0.724190;-0.002492;,
  0.423600;0.710986;0.003419;,
  0.434387;0.715875;0.013096;,
  0.433096;0.731210;0.016810;,
  0.433096;0.731210;0.016810;,
  0.442315;0.704353;-0.000166;,
  0.443686;0.712186;-0.005335;,
  0.450708;0.713705;0.004808;,
  0.129405;0.020112;0.006899;,
  0.100574;0.000324;-0.036702;,
  0.102062;0.016903;-0.029585;,
  0.135001;0.000361;-0.000347;,
  0.082918;0.032238;0.097770;,
  0.088678;0.000982;0.061221;,
  0.086384;0.000445;0.099494;,
  0.083038;0.024317;0.058680;,
  0.094492;0.074018;0.079345;,
  0.121744;0.035266;0.097175;,
  0.111499;0.080316;0.078955;,
  0.123470;0.000788;0.064100;,
  0.119111;0.000422;0.099150;,
  0.124016;0.034011;0.061709;,
  0.102662;0.067198;0.035530;,
  0.113046;0.071306;0.057498;,
  0.081073;0.013929;-0.019943;,
  0.079373;0.000342;-0.026974;,
  0.135001;0.000361;-0.000347;,
  0.079373;0.000342;-0.026974;,
  0.028887;0.361733;0.017113;,
  0.056896;0.269646;0.024903;,
  0.061245;0.199648;0.037898;,
  0.076404;0.143027;0.046437;,
  0.091978;0.055676;0.054671;,
  0.091978;0.055676;0.054671;,
  0.000000;0.453804;0.025727;,
  0.036641;0.843986;0.020747;,
  0.019111;0.828154;0.003959;,
  0.030765;0.835169;0.001170;,
  0.022227;0.824231;0.027212;,
  0.035644;0.856365;0.045919;,
  0.026686;0.861676;0.063839;,
  0.033591;0.960217;0.030065;,
  -0.000000;0.964092;-0.001000;,
  -0.000000;0.964094;-0.000995;,
  0.023384;0.953279;-0.004969;,
  0.033767;0.913198;-0.024810;,
  0.018466;0.912708;-0.033770;,
  0.028741;0.939265;-0.014937;,
  0.040881;0.864314;-0.000417;,
  0.047143;0.869397;0.026905;,
  0.035237;0.850427;0.030571;,
  0.051122;0.897800;0.046960;,
  0.050469;0.906160;0.025710;,
  0.040291;0.944556;0.000500;,
  0.045362;0.943037;0.027850;,
  0.048569;0.907082;-0.001125;,
  0.044984;0.938319;0.058700;,
  0.048026;0.897402;0.053566;,
  0.034379;0.893010;0.073805;,
  -0.000000;0.891617;0.086247;,
  0.032857;0.935328;0.073685;,
  -0.000000;0.935341;0.084043;,
  0.047805;0.885574;-0.002004;,
  0.031242;0.855961;-0.018962;,
  0.033369;0.878065;-0.025651;,
  0.016004;0.825950;-0.022567;,
  -0.000000;0.822112;-0.007378;,
  -0.000000;0.823275;-0.034391;,
  0.032717;0.955441;0.054120;,
  -0.000000;0.957270;0.065065;,
  0.032717;0.955441;0.054120;,
  -0.000000;0.861300;0.070893;,
  0.044984;0.938319;0.058700;,
  0.053163;0.896120;0.033580;,
  0.057755;0.893508;0.046723;,
  0.050604;0.874182;0.026503;,
  0.056418;0.906465;0.040216;,
  0.057755;0.893508;0.046723;,
  0.050604;0.874182;0.026503;,
  0.056418;0.906465;0.040216;,
  0.050469;0.906160;0.025710;,
  0.050592;0.889034;0.016956;,
  0.047143;0.869397;0.026905;,
  0.034555;0.900892;-0.020180;,
  0.050592;0.889034;0.016956;,
  0.030156;0.802760;0.044397;,
  0.019980;0.792660;0.032782;,
  0.031324;0.832365;0.043872;,
  0.064333;0.795983;0.040992;,
  0.035644;0.856365;0.045919;,
  0.048026;0.897402;0.053566;,
  0.000000;0.781350;0.012896;,
  -0.000000;0.560426;-0.023524;,
  0.000000;0.499123;-0.018839;,
  0.000000;0.519140;0.094455;,
  0.000000;0.484275;0.091015;,
  0.000000;0.474566;0.085868;,
  0.000000;0.453804;0.025727;,
  0.017684;0.853247;-0.032274;,
  0.010269;0.871452;-0.036040;,
  -0.000000;0.955782;-0.014072;,
  -0.000000;0.939980;-0.025883;,
  0.012272;0.897310;-0.032234;,
  -0.000000;0.618143;-0.025051;,
  0.037878;0.619064;-0.020149;,
  0.058787;0.618579;0.006191;,
  0.056629;0.610666;0.037848;,
  -0.000000;0.604257;0.060054;,
  0.064333;0.795983;0.040992;,
  0.129966;0.783470;0.058811;,
  0.100574;0.000324;-0.036702;,
  0.009371;0.846051;-0.037233;,
  0.017001;0.847434;-0.028672;,
  -0.000000;0.865207;-0.042238;,
  -0.000000;0.870736;-0.050769;,
  0.011257;0.851266;-0.038094;,
  -0.000000;0.847601;-0.038497;,
  -0.000000;0.844668;-0.040116;,
  0.009748;0.847926;-0.034303;,
  -0.000000;0.912218;-0.038904;,
  -0.000000;0.895972;-0.036800;,
  0.010481;0.853701;-0.037774;,
  0.078286;0.737461;0.075976;,
  0.081762;0.738596;0.067213;,
  0.081884;0.747639;0.074296;,
  -0.000000;0.844668;-0.040116;,
  -0.000000;0.847601;-0.038497;,
  -0.000000;0.851700;-0.043373;,
  -0.000000;0.851700;-0.043373;,
  -0.000000;0.854921;-0.042846;,
  -0.000000;0.865207;-0.042238;,
  0.067959;0.718886;0.038160;,
  0.075396;0.730802;0.028165;,
  0.066497;0.715199;0.000293;,
  0.064439;0.745316;0.004205;,
  0.022318;0.675831;-0.035019;,
  0.046071;0.672666;-0.035506;,
  0.061391;0.674700;-0.018206;,
  0.039111;0.741322;-0.011511;,
  0.064439;0.745316;0.004205;,
  0.089985;0.750742;0.017045;,
  -0.000000;0.735269;-0.015496;,
  0.000000;0.765041;0.001304;,
  0.011093;0.700644;-0.030915;,
  0.011159;0.676746;-0.028928;,
  -0.000000;0.968229;0.030995;,
  -0.000000;0.814763;0.006585;,
  -0.000000;0.957270;0.065065;,
  -0.000000;0.677662;-0.027152;,
  -0.000000;0.701299;-0.029274;,
  0.067959;0.718886;0.038160;,
  -0.063891;0.767378;0.010036;,
  -0.067719;0.784605;0.021947;,
  -0.033253;0.767476;0.010815;,
  -0.059451;0.725390;-0.009177;,
  -0.045793;0.700901;-0.037604;,
  -0.063377;0.697426;-0.023833;,
  -0.041467;0.728283;-0.019434;,
  -0.025054;0.803403;0.058659;,
  -0.072123;0.782283;0.075103;,
  -0.044742;0.777106;0.079896;,
  -0.061052;0.794512;0.055221;,
  -0.072762;0.561694;0.053683;,
  -0.037254;0.590518;0.066360;,
  -0.064895;0.588540;0.043129;,
  -0.041907;0.569329;0.080469;,
  -0.072911;0.576939;0.006987;,
  -0.081653;0.547159;0.012373;,
  -0.051306;0.562598;-0.017181;,
  -0.071839;0.515511;-0.004686;,
  -0.041145;0.506745;-0.013789;,
  -0.022185;0.699990;-0.036872;,
  -0.017726;0.719682;-0.021686;,
  -0.000000;0.575651;0.063796;,
  0.000000;0.550615;0.076859;,
  -0.040262;0.649166;0.058948;,
  -0.000000;0.674558;0.063731;,
  -0.045899;0.686007;0.065836;,
  -0.000000;0.649395;0.062891;,
  -0.061306;0.462879;-0.013491;,
  -0.106802;0.367365;0.020204;,
  -0.099544;0.465500;0.022543;,
  -0.074441;0.364474;-0.007316;,
  -0.082337;0.272697;0.004686;,
  -0.099741;0.275139;0.028018;,
  -0.011977;0.461293;0.008594;,
  -0.045783;0.366596;0.079116;,
  -0.028887;0.361733;0.017113;,
  -0.028999;0.454013;0.078832;,
  -0.070502;0.274272;0.065187;,
  -0.056896;0.269646;0.024903;,
  -0.090818;0.439226;0.075191;,
  -0.093314;0.372324;0.071473;,
  -0.090892;0.279986;0.064719;,
  -0.123470;0.000788;0.064100;,
  -0.086384;0.000445;0.099494;,
  -0.119111;0.000422;0.099150;,
  -0.088678;0.000982;0.061221;,
  -0.088307;0.233067;0.020247;,
  -0.113484;0.148708;0.049650;,
  -0.116851;0.211430;0.040929;,
  -0.094224;0.151235;0.029091;,
  -0.113046;0.071306;0.057498;,
  -0.102662;0.067198;0.035530;,
  -0.061245;0.199648;0.037898;,
  -0.080352;0.154330;0.085690;,
  -0.076404;0.143027;0.046437;,
  -0.069950;0.231770;0.086121;,
  -0.094492;0.074018;0.079345;,
  -0.091978;0.055676;0.054671;,
  -0.114900;0.158046;0.085218;,
  -0.112692;0.231067;0.085601;,
  -0.111499;0.080316;0.078955;,
  -0.091743;0.510400;0.022340;,
  -0.011977;0.461293;0.008594;,
  -0.077565;0.523492;0.071790;,
  -0.042954;0.529461;0.096713;,
  -0.085868;0.468851;0.070461;,
  -0.043724;0.479080;0.091354;,
  -0.034262;0.606064;0.058507;,
  -0.057409;0.650831;0.051602;,
  -0.062810;0.658567;0.036734;,
  -0.069490;0.688741;0.039450;,
  -0.059708;0.656525;0.000837;,
  -0.060625;0.668146;-0.000159;,
  -0.039838;0.657879;-0.024702;,
  -0.040990;0.663346;-0.025251;,
  -0.020495;0.667662;-0.026202;,
  -0.015702;0.663519;-0.024265;,
  -0.133518;0.783044;0.019976;,
  -0.133704;0.751147;0.024302;,
  -0.177423;0.745244;0.024258;,
  -0.183556;0.785929;0.024315;,
  -0.234278;0.741606;0.028990;,
  -0.238767;0.776622;0.034891;,
  -0.125481;0.752426;0.065770;,
  -0.177423;0.745244;0.024258;,
  -0.133704;0.751147;0.024302;,
  -0.173132;0.750110;0.072143;,
  -0.225135;0.748331;0.071348;,
  -0.234278;0.741606;0.028990;,
  -0.098119;0.759853;0.066379;,
  -0.098322;0.749483;0.060026;,
  -0.127724;0.767948;0.066537;,
  -0.229703;0.776813;0.062932;,
  -0.179066;0.786267;0.063690;,
  -0.131711;0.790789;0.047052;,
  -0.264392;0.777798;0.029565;,
  -0.322934;0.737806;0.030187;,
  -0.321434;0.763682;0.029521;,
  -0.262597;0.735930;0.024890;,
  -0.367125;0.739848;0.030066;,
  -0.370257;0.753069;0.029840;,
  -0.262597;0.735930;0.024890;,
  -0.319352;0.743075;0.068181;,
  -0.322934;0.737806;0.030187;,
  -0.258047;0.741385;0.075366;,
  -0.367034;0.742971;0.056857;,
  -0.367125;0.739848;0.030066;,
  -0.317979;0.764059;0.067298;,
  -0.259876;0.777963;0.066085;,
  -0.369425;0.754122;0.056028;,
  -0.486358;0.710292;0.021830;,
  -0.467921;0.709194;0.063940;,
  -0.474599;0.715953;0.064315;,
  -0.479385;0.702845;0.021133;,
  -0.442315;0.704353;-0.000166;,
  -0.450708;0.713705;0.004808;,
  -0.443686;0.712186;-0.005335;,
  -0.449568;0.704945;0.005753;,
  -0.391222;0.730877;0.065113;,
  -0.424385;0.722671;0.017529;,
  -0.391350;0.724261;0.018090;,
  -0.432001;0.719735;0.069071;,
  -0.438330;0.727002;0.069310;,
  -0.399617;0.749565;0.065459;,
  -0.401709;0.747867;0.016145;,
  -0.436179;0.734328;0.021508;,
  -0.093630;0.800155;0.058225;,
  -0.097004;0.801008;0.040285;,
  -0.061052;0.794512;0.055221;,
  -0.064333;0.795983;0.040992;,
  -0.066255;0.694387;0.066063;,
  -0.030156;0.802760;0.044397;,
  -0.095439;0.790554;0.016634;,
  -0.063891;0.767378;0.010036;,
  -0.094274;0.769807;0.011841;,
  -0.067719;0.784605;0.021947;,
  -0.049132;0.734713;0.081833;,
  0.000000;0.774333;0.079955;,
  -0.000000;0.720379;0.078083;,
  -0.072123;0.782283;0.075103;,
  -0.081884;0.747639;0.074296;,
  -0.075396;0.730802;0.028165;,
  -0.081762;0.738596;0.067213;,
  -0.089985;0.750742;0.017045;,
  -0.064439;0.745316;0.004205;,
  -0.068091;0.686958;-0.000046;,
  -0.068668;0.694554;0.017768;,
  -0.069964;0.689988;0.055343;,
  -0.391350;0.724261;0.018090;,
  -0.031324;0.832365;0.043872;,
  -0.021748;0.834564;0.059335;,
  -0.000000;0.804975;0.062917;,
  -0.000000;0.836983;0.064181;,
  -0.436179;0.734328;0.021508;,
  -0.486358;0.710292;0.021830;,
  -0.474599;0.715953;0.064315;,
  -0.423600;0.710986;0.003419;,
  -0.429523;0.724190;-0.002492;,
  -0.423600;0.710986;0.003419;,
  -0.434387;0.715875;0.013096;,
  -0.433096;0.731210;0.016810;,
  -0.433096;0.731210;0.016810;,
  -0.442315;0.704353;-0.000166;,
  -0.443686;0.712186;-0.005335;,
  -0.450708;0.713705;0.004808;,
  -0.129405;0.020112;0.006899;,
  -0.100574;0.000324;-0.036702;,
  -0.135001;0.000361;-0.000347;,
  -0.102062;0.016903;-0.029585;,
  -0.082918;0.032238;0.097770;,
  -0.088678;0.000982;0.061221;,
  -0.083038;0.024317;0.058680;,
  -0.086384;0.000445;0.099494;,
  -0.094492;0.074018;0.079345;,
  -0.121744;0.035266;0.097175;,
  -0.111499;0.080316;0.078955;,
  -0.123470;0.000788;0.064100;,
  -0.124016;0.034011;0.061709;,
  -0.119111;0.000422;0.099150;,
  -0.102662;0.067198;0.035530;,
  -0.113046;0.071306;0.057498;,
  -0.081073;0.013929;-0.019943;,
  -0.079373;0.000342;-0.026974;,
  -0.135001;0.000361;-0.000347;,
  -0.079373;0.000342;-0.026974;,
  -0.028887;0.361733;0.017113;,
  -0.056896;0.269646;0.024903;,
  -0.061245;0.199648;0.037898;,
  -0.076404;0.143027;0.046437;,
  -0.091978;0.055676;0.054671;,
  -0.091978;0.055676;0.054671;,
  -0.036641;0.843986;0.020747;,
  -0.019111;0.828154;0.003959;,
  -0.022227;0.824231;0.027212;,
  -0.030765;0.835169;0.001170;,
  -0.035644;0.856365;0.045919;,
  -0.026686;0.861676;0.063839;,
  -0.033591;0.960217;0.030065;,
  -0.023384;0.953279;-0.004969;,
  -0.033767;0.913198;-0.024810;,
  -0.028741;0.939265;-0.014937;,
  -0.018466;0.912708;-0.033770;,
  -0.040881;0.864314;-0.000417;,
  -0.047143;0.869397;0.026905;,
  -0.035237;0.850427;0.030571;,
  -0.051181;0.897800;0.046960;,
  -0.050469;0.906160;0.025710;,
  -0.040291;0.944556;0.000500;,
  -0.048569;0.907082;-0.001125;,
  -0.045362;0.943037;0.027850;,
  -0.044984;0.938319;0.058700;,
  -0.048026;0.897402;0.053566;,
  -0.034379;0.893010;0.073805;,
  -0.000000;0.891617;0.086247;,
  -0.032857;0.935328;0.073685;,
  -0.000000;0.935341;0.084043;,
  -0.047805;0.885574;-0.002004;,
  -0.033369;0.878065;-0.025651;,
  -0.031242;0.855961;-0.018962;,
  -0.016004;0.825950;-0.022567;,
  -0.032717;0.955441;0.054120;,
  -0.000000;0.957270;0.065065;,
  -0.032717;0.955441;0.054120;,
  -0.000000;0.861300;0.070893;,
  -0.044984;0.938319;0.058700;,
  -0.057562;0.893508;0.046723;,
  -0.053163;0.896120;0.033580;,
  -0.050787;0.874182;0.026503;,
  -0.056226;0.906465;0.040216;,
  -0.057562;0.893508;0.046723;,
  -0.050787;0.874182;0.026503;,
  -0.056226;0.906465;0.040216;,
  -0.050469;0.906160;0.025710;,
  -0.050592;0.889034;0.016956;,
  -0.047143;0.869397;0.026905;,
  -0.034555;0.900892;-0.020180;,
  -0.050592;0.889034;0.016956;,
  -0.030156;0.802760;0.044397;,
  -0.031324;0.832365;0.043872;,
  -0.019980;0.792660;0.032782;,
  -0.064333;0.795983;0.040992;,
  -0.035644;0.856365;0.045919;,
  -0.048026;0.897402;0.053566;,
  0.000000;0.519140;0.094455;,
  0.000000;0.484275;0.091015;,
  0.000000;0.474566;0.085868;,
  0.000000;0.453804;0.025727;,
  -0.017684;0.853247;-0.032274;,
  -0.010269;0.871452;-0.036040;,
  -0.010481;0.853701;-0.037774;,
  -0.012272;0.897310;-0.032234;,
  -0.037878;0.619064;-0.020149;,
  -0.058787;0.618579;0.006191;,
  -0.056629;0.610666;0.037848;,
  -0.000000;0.604257;0.060054;,
  -0.064333;0.795983;0.040992;,
  -0.129966;0.783470;0.058811;,
  -0.100574;0.000324;-0.036702;,
  -0.017001;0.847434;-0.028672;,
  -0.009371;0.846051;-0.037233;,
  -0.009748;0.847926;-0.034303;,
  -0.011257;0.851266;-0.038094;,
  -0.078286;0.737461;0.075976;,
  -0.081884;0.747639;0.074296;,
  -0.081762;0.738596;0.067213;,
  -0.067959;0.718886;0.038160;,
  -0.075396;0.730802;0.028165;,
  -0.066497;0.715199;0.000293;,
  -0.064439;0.745316;0.004205;,
  -0.022318;0.675831;-0.035019;,
  -0.046071;0.672666;-0.035506;,
  -0.061391;0.674700;-0.018206;,
  -0.039111;0.741322;-0.011511;,
  -0.064439;0.745316;0.004205;,
  -0.089985;0.750742;0.017045;,
  -0.011093;0.700644;-0.030915;,
  -0.011159;0.676746;-0.028928;,
  -0.000000;0.968229;0.030995;,
  -0.000000;0.957270;0.065065;,
  -0.067959;0.718886;0.038160;,
  0.088307;0.233067;0.020247;,
  0.050156;0.148375;0.007900;,
  0.035905;0.225824;0.000482;,
  0.094224;0.151235;0.029091;,
  0.082337;0.272697;0.004686;,
  0.037303;0.278917;-0.011611;,
  0.074441;0.364474;-0.007316;,
  0.019616;0.372225;-0.018551;,
  0.061306;0.462878;-0.013491;,
  0.011297;0.461860;-0.020417;,
  0.041145;0.506745;-0.013789;,
  0.054479;0.074567;0.010847;,
  0.102662;0.067198;0.035530;,
  0.065211;0.150165;0.098668;,
  0.000000;0.075976;0.108075;,
  0.074358;0.079533;0.100844;,
  0.000000;0.150544;0.105785;,
  0.000000;0.218395;0.102936;,
  0.054716;0.222043;0.100683;,
  0.051504;0.278836;0.086970;,
  -0.000000;0.281407;0.094499;,
  -0.000000;0.375373;0.087608;,
  0.042424;0.373727;0.084047;,
  0.000000;0.446644;0.084753;,
  -0.035026;0.225849;0.000358;,
  0.000000;0.148872;0.000865;,
  -0.046715;0.148404;0.007030;,
  0.000000;0.227975;-0.001258;,
  -0.038288;0.278848;-0.011347;,
  -0.000000;0.280666;-0.013864;,
  -0.021310;0.372151;-0.018243;,
  0.000000;0.372885;-0.021295;,
  -0.011725;0.462016;-0.020217;,
  0.000000;0.459958;-0.022867;,
  0.000000;0.499123;-0.018839;,
  -0.041145;0.506745;-0.013789;,
  0.000000;0.081258;-0.000200;,
  -0.051701;0.074851;0.009984;,
  -0.063270;0.074888;0.101106;,
  -0.114900;0.158046;0.085218;,
  -0.111499;0.080316;0.078955;,
  -0.059534;0.151060;0.097055;,
  -0.112692;0.231067;0.085601;,
  -0.058212;0.219935;0.101776;,
  -0.090892;0.279986;0.064719;,
  -0.050992;0.280329;0.092900;,
  -0.041838;0.373050;0.086682;,
  -0.093314;0.372324;0.071473;,
  0.000000;0.484275;0.091015;,
  -0.028999;0.454013;0.078832;,
  -0.061306;0.462879;-0.013491;,
  -0.074441;0.364474;-0.007316;,
  -0.082337;0.272697;0.004686;,
  -0.088307;0.233067;0.020247;,
  -0.094224;0.151235;0.029091;,
  -0.102662;0.067198;0.035530;,
  0.090818;0.439226;0.075191;,
  0.093314;0.372324;0.071473;,
  0.028999;0.454013;0.078832;,
  0.090892;0.279986;0.064719;,
  0.112692;0.231067;0.085601;,
  0.114900;0.158046;0.085218;,
  0.111499;0.080316;0.078955;,
  -0.090818;0.439226;0.075191;;
  984;
  3;0,1,2;,
  3;3,4,5;,
  3;4,3,6;,
  3;7,8,9;,
  3;8,7,10;,
  3;11,12,13;,
  3;12,11,14;,
  3;15,11,16;,
  3;11,15,14;,
  3;17,18,19;,
  3;18,17,15;,
  3;5,20,21;,
  3;20,5,4;,
  3;13,22,23;,
  3;22,13,12;,
  3;24,25,26;,
  3;25,24,27;,
  3;28,29,30;,
  3;29,28,31;,
  3;29,32,30;,
  3;32,29,33;,
  3;34,35,36;,
  3;35,34,37;,
  3;37,38,35;,
  3;38,37,39;,
  3;35,40,36;,
  3;40,35,41;,
  3;35,42,41;,
  3;42,35,38;,
  3;40,29,31;,
  3;29,40,41;,
  3;41,33,29;,
  3;33,41,42;,
  3;43,44,45;,
  3;44,43,46;,
  3;47,48,49;,
  3;48,47,50;,
  3;49,51,52;,
  3;51,49,48;,
  3;53,54,55;,
  3;54,53,56;,
  3;56,57,54;,
  3;57,56,58;,
  3;55,59,60;,
  3;59,55,54;,
  3;54,61,59;,
  3;61,54,57;,
  3;60,48,50;,
  3;48,60,59;,
  3;59,51,48;,
  3;51,59,61;,
  3;31,18,62;,
  3;18,31,28;,
  3;19,63,64;,
  3;13,65,11;,
  3;65,13,66;,
  3;66,67,65;,
  3;67,66,68;,
  3;68,36,67;,
  3;47,33,50;,
  3;33,47,32;,
  3;50,42,60;,
  3;42,50,33;,
  3;42,55,60;,
  3;55,42,38;,
  3;38,53,55;,
  3;53,38,39;,
  3;11,62,16;,
  3;62,11,65;,
  3;65,31,62;,
  3;31,65,67;,
  3;67,40,31;,
  3;69,70,24;,
  3;71,72,73;,
  3;74,75,76;,
  3;75,74,72;,
  3;75,77,76;,
  3;77,75,78;,
  3;79,80,81;,
  3;82,83,80;,
  3;83,82,84;,
  3;85,86,87;,
  3;86,85,88;,
  3;86,89,87;,
  3;89,86,90;,
  3;91,85,92;,
  3;85,91,93;,
  3;87,94,95;,
  3;94,87,89;,
  3;96,95,82;,
  3;95,84,82;,
  3;84,95,94;,
  3;97,98,99;,
  3;98,97,100;,
  3;100,101,98;,
  3;101,100,102;,
  3;103,104,105;,
  3;104,103,106;,
  3;106,107,104;,
  3;107,106,108;,
  3;105,109,110;,
  3;109,105,104;,
  3;104,111,109;,
  3;111,104,107;,
  3;110,100,97;,
  3;100,110,109;,
  3;109,102,100;,
  3;102,109,111;,
  3;112,113,114;,
  3;113,112,115;,
  3;116,117,118;,
  3;117,116,119;,
  3;120,121,122;,
  3;121,120,123;,
  3;120,124,125;,
  3;124,120,122;,
  3;126,124,127;,
  3;124,126,125;,
  3;94,97,84;,
  3;97,94,110;,
  3;84,99,83;,
  3;99,84,97;,
  3;89,103,105;,
  3;103,89,90;,
  3;105,94,89;,
  3;94,105,110;,
  3;128,96,129;,
  3;129,130,128;,
  3;130,129,131;,
  3;70,27,24;,
  3;27,70,132;,
  3;9,133,7;,
  3;134,135,136;,
  3;135,134,137;,
  3;79,137,134;,
  3;8,10,138;,
  3;138,139,140;,
  3;139,138,10;,
  3;128,130,141;,
  3;91,141,142;,
  3;93,143,144;,
  3;143,93,145;,
  3;146,144,143;,
  3;147,148,74;,
  3;73,149,71;,
  3;102,150,101;,
  3;150,102,126;,
  3;102,125,126;,
  3;125,102,111;,
  3;111,120,125;,
  3;120,111,107;,
  3;120,108,123;,
  3;108,120,107;,
  3;7,151,152;,
  3;151,7,133;,
  3;153,152,154;,
  3;152,153,7;,
  3;122,114,113;,
  3;114,122,121;,
  3;121,112,114;,
  3;112,121,155;,
  3;156,124,157;,
  3;124,156,127;,
  3;157,122,113;,
  3;122,157,124;,
  3;126,158,150;,
  3;158,126,159;,
  3;160,121,123;,
  3;121,160,161;,
  3;121,162,155;,
  3;162,121,161;,
  3;163,126,127;,
  3;126,163,159;,
  3;159,164,158;,
  3;164,159,165;,
  3;160,118,161;,
  3;118,160,116;,
  3;161,117,162;,
  3;117,161,118;,
  3;163,165,159;,
  3;165,163,166;,
  3;167,168,169;,
  3;168,167,170;,
  3;171,172,173;,
  3;172,171,174;,
  3;175,176,177;,
  3;176,175,171;,
  3;178,176,179;,
  3;176,178,180;,
  3;181,167,169;,
  3;167,181,182;,
  3;172,183,184;,
  3;183,172,174;,
  3;45,185,43;,
  3;185,45,186;,
  3;178,167,180;,
  3;167,178,170;,
  3;19,28,63;,
  3;18,28,19;,
  3;28,30,187;,
  3;30,188,187;,
  3;188,30,32;,
  3;32,189,188;,
  3;189,32,47;,
  3;189,49,190;,
  3;49,189,47;,
  3;190,52,191;,
  3;52,190,49;,
  3;181,183,192;,
  3;183,181,169;,
  3;169,184,183;,
  3;184,169,168;,
  3;183,174,192;,
  3;192,171,175;,
  3;171,192,174;,
  3;176,173,179;,
  3;173,176,171;,
  3;177,180,182;,
  3;180,177,176;,
  3;180,167,182;,
  3;15,16,18;,
  3;16,62,18;,
  3;63,193,64;,
  3;194,195,196;,
