xof 0303txt 0032
template ColorRGBA {
 <35ff44e0-6c7c-11cf-8f52-0040333594a3>
 FLOAT red;
 FLOAT green;
 FLOAT blue;
 FLOAT alpha;
}

template ColorRGB {
 <d3e16e81-7835-11cf-8f52-0040333594a3>
 FLOAT red;
 FLOAT green;
 FLOAT blue;
}

template Material {
 <3d82ab4d-62da-11cf-ab39-0020af71e433>
 ColorRGBA faceColor;
 FLOAT power;
 ColorRGB specularColor;
 ColorRGB emissiveColor;
 [...]
}

template TextureFilename {
 <a42790e1-7810-11cf-8f52-0040333594a3>
 STRING filename;
}

template Frame {
 <3d82ab46-62da-11cf-ab39-0020af71e433>
 [...]
}

template Matrix4x4 {
 <f6f23f45-7686-11cf-8f52-0040333594a3>
 array FLOAT matrix[16];
}

template FrameTransformMatrix {
 <f6f23f41-7686-11cf-8f52-0040333594a3>
 Matrix4x4 frameMatrix;
}

template Vector {
 <3d82ab5e-62da-11cf-ab39-0020af71e433>
 FLOAT x;
 FLOAT y;
 FLOAT z;
}

template MeshFace {
 <3d82ab5f-62da-11cf-ab39-0020af71e433>
 DWORD nFaceVertexIndices;
 array DWORD faceVertexIndices[nFaceVertexIndices];
}

template Mesh {
 <3d82ab44-62da-11cf-ab39-0020af71e433>
 DWORD nVertices;
 array Vector vertices[nVertices];
 DWORD nFaces;
 array MeshFace faces[nFaces];
 [...]
}

template MeshNormals {
 <f6f23f43-7686-11cf-8f52-0040333594a3>
 DWORD nNormals;
 array Vector normals[nNormals];
 DWORD nFaceNormals;
 array MeshFace faceNormals[nFaceNormals];
}

template MeshMaterialList {
 <f6f23f42-7686-11cf-8f52-0040333594a3>
 DWORD nMaterials;
 DWORD nFaceIndexes;
 array DWORD faceIndexes[nFaceIndexes];
 [Material <3d82ab4d-62da-11cf-ab39-0020af71e433>]
}

template Coords2d {
 <f6f23f44-7686-11cf-8f52-0040333594a3>
 FLOAT u;
 FLOAT v;
}

template MeshTextureCoords {
 <f6f23f40-7686-11cf-8f52-0040333594a3>
 DWORD nTextureCoords;
 array Coords2d textureCoords[nTextureCoords];
}

template XSkinMeshHeader {
 <3cf169ce-ff7c-44ab-93c0-f78f62d172e2>
 WORD nMaxSkinWeightsPerVertex;
 WORD nMaxSkinWeightsPerFace;
 WORD nBones;
}

template SkinWeights {
 <6f0d123b-bad2-4167-a0d0-80224f25fabb>
 STRING transformNodeName;
 DWORD nWeights;
 array DWORD vertexIndices[nWeights];
 array FLOAT weights[nWeights];
 Matrix4x4 matrixOffset;
}

template AnimTicksPerSecond {
 <9e415a43-7ba6-4a73-8743-b73d47e88476>
 DWORD AnimTicksPerSecond;
}

template Animation {
 <3d82ab4f-62da-11cf-ab39-0020af71e433>
 [...]
}

template AnimationSet {
 <3d82ab50-62da-11cf-ab39-0020af71e433>
 [Animation <3d82ab4f-62da-11cf-ab39-0020af71e433>]
}

template FloatKeys {
 <10dd46a9-775b-11cf-8f52-0040333594a3>
 DWORD nValues;
 array FLOAT values[nValues];
}

template TimedFloatKeys {
 <f406b180-7b3b-11cf-8f52-0040333594a3>
 DWORD time;
 FloatKeys tfkeys;
}

template AnimationKey {
 <10dd46a8-775b-11cf-8f52-0040333594a3>
 DWORD keyType;
 DWORD nKeys;
 array TimedFloatKeys keys[nKeys];
}


Material _09_-_Defaulteee {
 1.000000;1.000000;1.000000;1.000000;;
 9.999999;
 0.000000;0.000000;0.000000;;
 0.000000;0.000000;0.000000;;

 TextureFilename {
  "F_Hair_White.png";
 }
}

Frame Dummy01 {
 

 FrameTransformMatrix {
  1.000000,0.000000,0.000000,0.000000,0.000000,-0.000000,-1.000000,0.000000,0.000000,1.000000,-0.000000,0.000000,0.000000,0.000000,0.000000,1.000000;;
 }

 Frame Bip01 {
  

  FrameTransformMatrix {
   -0.087155,0.982405,-0.165183,0.000000,-0.000001,0.165814,0.986157,0.000000,0.996195,0.085949,-0.014450,0.000000,-0.010000,-0.012284,0.490453,1.000000;;
  }

  Frame Bip01_Pelvis {
   

   FrameTransformMatrix {
    0.000000,1.000000,-0.000001,0.000000,-0.000001,0.000001,1.000000,0.000000,1.000000,0.000000,0.000001,0.000000,0.000000,0.000000,0.000000,1.000000;;
   }

   Frame Bip01_Spine {
    

    FrameTransformMatrix {
     0.984686,0.000002,-0.174337,0.000000,-0.000001,1.000000,0.000004,0.000000,0.174337,-0.000004,0.984686,0.000000,0.051619,0.000000,-0.000083,1.000000;;
    }

    Frame Bip01_Spine1 {
     

     FrameTransformMatrix {
      0.997819,0.052687,0.039774,0.000000,-0.044862,0.983198,-0.176942,0.000000,-0.048428,0.174771,0.983417,0.000000,0.106484,-0.000015,-0.000083,1.000000;;
     }

     Frame Bip01_Neck {
      

      FrameTransformMatrix {
       0.966067,-0.020835,0.257451,0.000000,0.025191,0.999590,-0.013632,0.000000,-0.257061,0.019655,0.966195,0.000000,0.130511,-0.000001,0.004626,1.000000;;
      }

      Frame Bip01_Head {
       

       FrameTransformMatrix {
        0.989321,-0.051753,-0.136255,0.000000,0.064251,0.993958,0.088989,0.000000,0.130826,-0.096793,0.986669,0.000000,0.033674,-0.000000,-0.000000,1.000000;;
       }

       Frame Bip01_HeadNub {
        

        FrameTransformMatrix {
         1.000000,-0.000000,-0.000000,0.000000,-0.000000,1.000000,0.000000,0.000000,0.000000,-0.000000,1.000000,0.000000,0.169824,0.000000,0.000000,1.000000;;
        }
       }
      }

      Frame Bip01_L_Clavicle {
       

       FrameTransformMatrix {
        -0.205975,0.976135,0.068811,0.000000,0.943873,0.216738,-0.249254,0.000000,-0.258220,0.013609,-0.965990,0.000000,-0.024734,0.015166,0.002017,1.000000;;
       }

       Frame Bip01_L_UpperArm {
        

        FrameTransformMatrix {
         0.385871,-0.777669,0.496320,0.000000,0.922466,0.332598,-0.196046,0.000000,-0.012616,0.533487,0.845714,0.000000,0.087086,-0.000000,-0.000000,1.000000;;
        }

        Frame Bip01_L_Forearm {
         

         FrameTransformMatrix {
          0.943939,0.000000,-0.330119,0.000000,0.000000,1.000000,-0.000000,0.000000,0.330119,-0.000000,0.943939,0.000000,0.137062,0.000000,0.000000,1.000000;;
         }

         Frame Bip01_L_Hand {
          

          FrameTransformMatrix {
           1.000000,-0.000000,0.000000,0.000000,0.000000,0.000796,1.000000,0.000000,0.000000,-1.000000,0.000796,0.000000,0.137062,0.000000,0.000000,1.000000;;
          }

          Frame Bip01_L_Finger0 {
           

           FrameTransformMatrix {
            0.690342,-0.181727,0.700288,0.000000,0.558537,0.749101,-0.356210,0.000000,-0.459853,0.637043,0.618637,0.000000,0.057681,-0.023605,-0.000272,1.000000;;
           }

           Frame Bip01_L_Finger0Nub {
            

            FrameTransformMatrix {
             1.000000,0.000000,0.000000,0.000000,0.000000,1.000000,0.000000,0.000000,-0.000000,0.000000,1.000000,0.000000,0.029435,-0.000000,-0.000000,1.000000;;
            }
           }
          }

          Frame Bip01_L_Finger1 {
           

           FrameTransformMatrix {
            0.728079,-0.000546,0.685493,0.000000,0.000000,1.000000,0.000796,0.000000,-0.685493,-0.000580,0.728079,0.000000,0.084102,0.000000,0.000000,1.000000;;
           }

           Frame Bip01_L_Finger1Nub {
            

            FrameTransformMatrix {
             1.000000,0.000000,0.000000,0.000000,-0.000000,1.000000,-0.000000,0.000000,-0.000000,0.000000,1.000000,0.000000,0.047988,0.000000,-0.000000,1.000000;;
            }
           }
          }
         }
        }
       }
      }

      Frame Bip01_R_Clavicle {
       

       FrameTransformMatrix {
        -0.028509,-0.999573,-0.006461,0.000000,-0.965665,0.025871,0.258498,0.000000,-0.258220,0.013609,-0.965990,0.000000,-0.024080,-0.016250,0.001399,1.000000;;
       }

       Frame Bip01_R_UpperArm {
        

        FrameTransformMatrix {
         0.221390,0.975047,0.016433,0.000000,-0.974986,0.221654,-0.016512,0.000000,-0.019742,-0.012366,0.999729,0.000000,0.087086,0.000000,0.000000,1.000000;;
        }

        Frame Bip01_R_Forearm {
         

         FrameTransformMatrix {
          0.915660,-0.000000,-0.401954,0.000000,-0.000000,1.000000,-0.000000,0.000000,0.401954,-0.000000,0.915660,0.000000,0.137062,0.000000,0.000000,1.000000;;
         }

         Frame Bip01_R_Hand {
          

          FrameTransformMatrix {
           0.975195,-0.000000,-0.221346,0.000000,-0.221346,0.000796,-0.975195,0.000000,0.000176,1.000000,0.000777,0.000000,0.137062,-0.000000,0.000000,1.000000;;
          }

          Frame Bip01_R_Finger0 {
           

           FrameTransformMatrix {
            0.417774,-0.116941,0.900994,0.000000,-0.558537,0.749101,0.356210,0.000000,-0.716591,-0.652054,0.247639,0.000000,0.057681,0.023605,-0.000272,1.000000;;
           }

           Frame Bip01_R_Finger0Nub {
            

            FrameTransformMatrix {
             -1.000000,-0.000000,0.000000,0.000000,-0.000000,1.000000,0.000000,0.000000,-0.000000,0.000000,-1.000000,0.000000,0.029435,-0.000000,0.000000,1.000000;;
            }
           }
          }

          Frame Bip01_R_Finger1 {
           

           FrameTransformMatrix {
            0.352436,0.000745,0.935835,0.000000,0.000000,1.000000,-0.000796,0.000000,-0.935836,0.000281,0.352436,0.000000,0.084102,0.000000,0.000000,1.000000;;
           }

           Frame Bip01_R_Finger1Nub {
            

            FrameTransformMatrix {
             -1.000000,0.000000,0.000000,0.000000,0.000000,1.000000,-0.000000,0.000000,0.000000,-0.000000,-1.000000,0.000000,0.047988,0.000000,0.000000,1.000000;;
            }
           }
          }
         }
        }
       }
      }
     }

     Frame Bip01_BackPack {
      

      FrameTransformMatrix {
       0.180560,0.080500,-0.980264,0.000000,0.047560,0.994764,0.090451,0.000000,0.982413,-0.062954,0.175786,0.000000,0.063697,0.000003,-0.088856,1.000000;;
      }

      Frame Bip01_BackPackNub {
       

       FrameTransformMatrix {
        0.000796,0.000003,1.000000,0.000000,0.000000,-1.000000,0.000003,0.000000,1.000000,-0.000000,-0.000796,0.000000,0.053240,0.000000,0.000000,1.000000;;
       }
      }
     }
    }

    Frame Bip01_L_Thigh {
     

     FrameTransformMatrix {
      -0.888504,0.030427,0.457858,0.000000,-0.032107,-0.999476,0.004114,0.000000,0.457744,-0.011045,0.889016,0.000000,-0.050843,0.055225,-0.008917,1.000000;;
     }

     Frame Bip01_L_Calf {
      

      FrameTransformMatrix {
       0.942235,-0.000000,-0.334952,0.000000,-0.000000,1.000000,-0.000000,0.000000,0.334952,-0.000000,0.942235,0.000000,0.237500,0.000000,-0.000000,1.000000;;
      }

      Frame Bip01_L_Foot {
       

       FrameTransformMatrix {
        0.924325,-0.026487,0.380687,0.000000,-0.068962,0.969570,0.234901,0.000000,-0.375325,-0.243378,0.894371,0.000000,0.206841,0.000000,0.000000,1.000000;;
       }

       Frame Bip01_L_Toe0 {
        

        FrameTransformMatrix {
         0.000000,0.000000,1.000000,0.000000,0.000000,1.000000,-0.000000,0.000000,-1.000000,0.000000,0.000000,0.000000,0.065373,0.000000,0.066450,1.000000;;
        }

        Frame Bip01_L_Toe0Nub {
         

         FrameTransformMatrix {
          -1.000000,0.000000,0.000000,0.000000,0.000000,1.000000,0.000000,0.000000,0.000000,0.000000,-1.000000,0.000000,0.006735,-0.000000,-0.000000,1.000000;;
         }
        }
       }
      }
     }
    }

    Frame Bip01_R_Thigh {
     

     FrameTransformMatrix {
      -0.996965,0.030321,-0.071704,0.000000,-0.029454,-0.999480,-0.013113,0.000000,-0.072065,-0.010961,0.997340,0.000000,-0.050843,-0.055225,-0.008917,1.000000;;
     }

     Frame Bip01_R_Calf {
      

      FrameTransformMatrix {
       0.730239,0.000000,-0.683192,0.000000,0.000000,1.000000,0.000000,0.000000,0.683192,0.000000,0.730239,0.000000,0.237500,0.000000,0.000000,1.000000;;
      }

      Frame Bip01_R_Foot {
       

       FrameTransformMatrix {
        0.991957,0.087165,-0.091782,0.000000,-0.093276,0.993546,-0.064539,0.000000,0.085565,0.072581,0.993685,0.000000,0.206841,0.000000,0.000000,1.000000;;
       }

       Frame Bip01_R_Toe0 {
        

        FrameTransformMatrix {
         0.000000,0.000000,1.000000,0.000000,0.000000,1.000000,-0.000000,0.000000,-1.000000,0.000000,0.000000,0.000000,0.065373,0.000000,0.066450,1.000000;;
        }

        Frame Bip01_R_Toe0Nub {
         

         FrameTransformMatrix {
          1.000000,0.000000,0.000000,0.000000,0.000000,1.000000,-0.000000,0.000000,-0.000000,-0.000000,1.000000,0.000000,0.006735,-0.000000,-0.000000,1.000000;;
         }
        }
       }
      }
     }
    }
   }

   Frame Bip01_DressFront {
    

    FrameTransformMatrix {
     -0.880185,-0.088339,0.466338,0.000000,0.121847,0.907542,0.401896,0.000000,-0.458725,0.410564,-0.788041,0.000000,-0.043935,0.001339,0.061057,1.000000;;
    }

    Frame Bip01_DressFront02 {
     

     FrameTransformMatrix {
      0.912593,0.000001,0.408870,0.000000,-0.000001,1.000000,-0.000000,0.000000,-0.408870,-0.000000,0.912593,0.000000,0.183378,-0.000000,-0.000120,1.000000;;
     }

     Frame Bip01_DressFrontNub {
      

      FrameTransformMatrix {
       0.000796,0.000003,1.000000,0.000000,0.000000,-1.000000,0.000003,0.000000,1.000000,0.000000,-0.000796,0.000000,0.165302,0.000000,0.000000,1.000000;;
      }
     }
    }
   }

   Frame Bip01_DressBack {
    

    FrameTransformMatrix {
     -0.886023,0.038029,0.462080,0.000000,0.191625,0.937561,0.290274,0.000000,-0.422190,0.345735,-0.837988,0.000000,-0.047673,-0.000048,-0.078302,1.000000;;
    }

    Frame Bip01_DressBack02 {
     

     FrameTransformMatrix {
      0.936852,0.174932,-0.302833,0.000000,-0.166408,0.984581,0.053939,0.000000,0.307600,-0.000139,0.951516,0.000000,0.176125,0.000000,-0.000103,1.000000;;
     }

     Frame Bip01_DressBackNub {
      

      FrameTransformMatrix {
       0.000796,0.000003,1.000000,0.000000,0.000000,-1.000000,0.000003,0.000000,1.000000,0.000000,-0.000796,0.000000,0.136508,0.000000,0.000000,1.000000;;
      }
     }
    }
   }
  }

  Frame Bip01_Prop1 {
   

   FrameTransformMatrix {
    -0.233929,-0.108090,0.966227,0.000000,0.687222,0.684611,0.242967,0.000000,-0.687752,0.720849,-0.085868,0.000000,0.076452,-0.048658,-0.145664,1.000000;;
   }
  }

  Frame Bip01_Prop2 {
   

   FrameTransformMatrix {
    -0.163643,-0.967062,0.194966,0.000000,0.985576,-0.168906,-0.010564,0.000000,0.043147,0.190425,0.980753,0.000000,-0.138405,-0.102098,0.114818,1.000000;;
   }
  }
 }
}

Frame Translation_Data {
 

 FrameTransformMatrix {
  -0.000000,0.000000,-1.000000,0.000000,-1.000000,-0.000000,0.000000,0.000000,-0.000000,1.000000,0.000000,0.000000,0.000000,-0.000000,0.000000,1.000000;;
 }
}

Frame Bob_Hair_ShortCurly {
 

 FrameTransformMatrix {
  1.000000,0.000000,0.000000,0.000000,0.000000,1.000000,0.000000,0.000000,0.000000,0.000000,1.000000,0.000000,0.000000,-0.001215,0.003680,1.000000;;
 }

 Mesh Bob_Hair_ShortCurly {
  74;
  0.028258;0.999115;0.023424;,
  -0.000000;0.993112;-0.013926;,
  -0.000000;1.004246;0.020732;,
  0.073311;0.923803;0.031976;,
  0.066177;0.959612;-0.002251;,
  0.074239;0.964195;0.028639;,
  0.064035;0.922864;0.006951;,
  0.040483;0.868022;0.079602;,
  0.066315;0.914650;0.075057;,
  0.046836;0.918093;0.100853;,
  0.053845;0.874842;0.064307;,
  -0.000000;0.918093;0.114650;,
  0.044763;0.974582;0.090843;,
  -0.000000;0.975777;0.103592;,
  0.036984;0.980962;-0.018812;,
  0.042922;0.957893;-0.031609;,
  0.056516;0.987558;0.026117;,
  0.065398;0.973378;0.067411;,
  0.049489;0.991563;0.054918;,
  0.024744;0.999212;0.063581;,
  -0.000000;1.001500;0.066667;,
  -0.000000;0.864348;0.093463;,
  -0.000000;0.979188;-0.035755;,
  -0.000000;0.954366;-0.050052;,
  0.073319;0.914720;0.051598;,
  -0.028258;0.999115;0.023424;,
  -0.073311;0.923803;0.031976;,
  -0.066177;0.959612;-0.002251;,
  -0.064035;0.922864;0.006951;,
  -0.074239;0.964195;0.028639;,
  -0.040483;0.868022;0.079602;,
  -0.066315;0.914650;0.075057;,
  -0.053845;0.874842;0.064307;,
  -0.046836;0.918093;0.100853;,
  -0.044763;0.974582;0.090843;,
  -0.036984;0.980962;-0.018812;,
  -0.042922;0.957893;-0.031609;,
  -0.056516;0.987558;0.026117;,
  -0.065398;0.973378;0.067411;,
  -0.049489;0.991563;0.054918;,
  -0.024745;0.999212;0.063581;,
  -0.073319;0.914720;0.051598;,
  0.030495;0.862692;0.067407;,
  0.040559;0.868762;0.054979;,
  -0.000000;0.859422;0.078668;,
  -0.030495;0.862692;0.067407;,
  -0.040559;0.868762;0.054979;,
  -0.052560;0.905227;0.047291;,
  -0.053036;0.911773;0.025835;,
  -0.048803;0.909556;0.005908;,
  -0.044094;0.943800;-0.002963;,
  -0.030249;0.941791;-0.020314;,
  -0.000000;0.938201;-0.035590;,
  0.030249;0.941791;-0.020314;,
  0.043911;0.943800;-0.002963;,
  0.048803;0.909556;0.005908;,
  0.053036;0.911773;0.025835;,
  0.052560;0.905227;0.047291;,
  -0.053036;0.911773;0.025835;,
  0.048803;0.909556;0.005908;,
  0.053036;0.911773;0.025835;,
  -0.048803;0.909556;0.005908;,
  0.043911;0.943800;-0.002963;,
  -0.044094;0.943800;-0.002963;,
  -0.030249;0.941791;-0.020314;,
  0.030249;0.941791;-0.020314;,
  -0.000000;0.938201;-0.035590;,
  -0.052560;0.905227;0.047291;,
  0.052560;0.905227;0.047291;,
  -0.040559;0.868762;0.054979;,
  0.040559;0.868762;0.054979;,
  -0.030495;0.862692;0.067407;,
  0.030495;0.862692;0.067407;,
  -0.000000;0.859422;0.078668;;
  112;
  3;0,1,2;,
  3;3,4,5;,
  3;4,3,6;,
  3;7,8,9;,
  3;8,7,10;,
  3;11,12,13;,
  3;12,11,9;,
  3;14,4,15;,
  3;16,17,5;,
  3;17,16,18;,
  3;13,19,20;,
  3;4,16,5;,
  3;21,9,11;,
  3;9,21,7;,
  3;18,12,17;,
  3;19,2,20;,
  3;2,19,0;,
  3;22,1,14;,
  3;22,15,23;,
  3;15,22,14;,
  3;10,24,8;,
  3;14,0,16;,
  3;0,18,16;,
  3;18,0,19;,
  3;19,12,18;,
  3;16,4,14;,
  3;0,14,1;,
  3;19,13,12;,
  3;25,2,1;,
  3;26,27,28;,
  3;27,26,29;,
  3;30,31,32;,
  3;31,30,33;,
  3;11,34,33;,
  3;34,11,13;,
  3;35,36,27;,
  3;37,38,39;,
  3;38,37,29;,
  3;13,20,40;,
  3;27,29,37;,
  3;21,33,30;,
  3;33,21,11;,
  3;39,38,34;,
  3;40,2,25;,
  3;2,40,20;,
  3;22,35,1;,
  3;22,36,35;,
  3;36,22,23;,
  3;32,31,41;,
  3;35,37,25;,
  3;25,39,40;,
  3;39,25,37;,
  3;40,39,34;,
  3;37,35,27;,
  3;25,1,35;,
  3;40,34,13;,
  3;10,42,43;,
  3;42,10,7;,
  3;42,21,44;,
  3;21,42,7;,
  3;21,45,44;,
  3;45,21,30;,
  3;45,32,46;,
  3;32,45,30;,
  3;46,41,47;,
  3;41,46,32;,
  3;47,26,48;,
  3;26,47,41;,
  3;48,28,49;,
  3;28,48,26;,
  3;49,27,50;,
  3;27,49,28;,
  3;50,36,51;,
  3;36,50,27;,
  3;51,23,52;,
  3;23,51,36;,
  3;52,15,53;,
  3;15,52,23;,
  3;15,54,53;,
  3;54,15,4;,
  3;4,55,54;,
  3;55,4,6;,
  3;55,3,56;,
  3;3,55,6;,
  3;56,24,57;,
  3;24,56,3;,
  3;57,10,43;,
  3;10,57,24;,
  3;5,24,3;,
  3;17,24,5;,
  3;17,8,24;,
  3;38,41,31;,
  3;41,29,26;,
  3;38,29,41;,
  3;38,33,34;,
  3;33,38,31;,
  3;17,9,8;,
  3;9,17,12;,
  3;58,59,60;,
  3;59,58,61;,
  3;61,62,59;,
  3;62,61,63;,
  3;62,64,65;,
  3;64,62,63;,
  3;66,65,64;,
  3;67,60,68;,
  3;60,67,58;,
  3;69,68,70;,
  3;68,69,67;,
  3;71,70,72;,
  3;70,71,69;,
  3;71,72,73;;

  MeshNormals {
   74;
   0.271778;0.951045;-0.147142;,
   -0.000000;0.906551;-0.422097;,
   -0.000000;0.989625;-0.143676;,
   0.912171;-0.392161;-0.118969;,
   0.823636;0.107916;-0.556757;,
   0.952234;0.294846;-0.079477;,
   0.672100;-0.446655;-0.590577;,
   0.491845;-0.709887;0.504132;,
   0.884450;-0.145817;0.443268;,
   0.551270;-0.103363;0.827899;,
   0.767838;-0.634203;-0.090620;,
   0.000000;-0.102726;0.994710;,
   0.489476;0.485059;0.724659;,
   0.000000;0.514585;0.857439;,
   0.446873;0.705029;-0.550672;,
   0.616687;-0.118707;-0.778207;,
   0.613428;0.775800;-0.147785;,
   0.832008;0.421911;0.360213;,
   0.526316;0.832098;0.174941;,
   0.246367;0.923400;0.294341;,
   0.000000;0.943328;0.331862;,
   0.000000;-0.713896;0.700252;,
   0.000000;0.669118;-0.743157;,
   -0.000000;-0.131473;-0.991320;,
   0.929598;-0.364482;-0.054777;,
   -0.271779;0.951045;-0.147142;,
   -0.912171;-0.392161;-0.118969;,
   -0.823784;0.108128;-0.556496;,
   -0.672485;-0.446667;-0.590130;,
   -0.952234;0.294846;-0.079477;,
   -0.491844;-0.709887;0.504132;,
   -0.884450;-0.145816;0.443268;,
   -0.767838;-0.634203;-0.090620;,
   -0.551270;-0.103363;0.827899;,
   -0.489477;0.485059;0.724659;,
   -0.446873;0.705029;-0.550672;,
   -0.616375;-0.117979;-0.778564;,
   -0.613428;0.775800;-0.147785;,
   -0.832008;0.421911;0.360213;,
   -0.526316;0.832098;0.174940;,
   -0.246367;0.923400;0.294340;,
   -0.929598;-0.364482;-0.054778;,
   0.322171;-0.935446;0.145422;,
   0.523293;-0.779615;-0.344042;,
   0.000000;-0.956775;0.290830;,
   -0.322171;-0.935446;0.145422;,
   -0.523293;-0.779615;-0.344042;,
   -0.522028;-0.605200;-0.601016;,
   -0.557454;-0.806019;-0.198945;,
   -0.506815;-0.643632;-0.573477;,
   -0.436839;-0.541129;-0.718576;,
   -0.457934;-0.705968;-0.540283;,
   0.000000;-0.713429;-0.700728;,
   0.457943;-0.706970;-0.538964;,
   0.436483;-0.542819;-0.717517;,
   0.505810;-0.642940;-0.575139;,
   0.557454;-0.806019;-0.198945;,
   0.522028;-0.605200;-0.601016;,
   -0.000000;-0.994398;-0.105700;,
   0.000000;-0.872599;-0.488437;,
   -0.000000;-0.994398;-0.105700;,
   0.000000;-0.871861;-0.489754;,
   0.000000;-0.651198;-0.758908;,
   0.000000;-0.650024;-0.759913;,
   0.000000;-0.990825;0.135148;,
   0.000000;-0.990819;0.135196;,
   0.000000;-0.973477;0.228784;,
   -0.000000;-0.724317;-0.689467;,
   -0.000000;-0.724317;-0.689467;,
   -0.000000;-0.480183;-0.877168;,
   -0.000000;-0.480183;-0.877168;,
   -0.000000;-0.909023;-0.416745;,
   -0.000000;-0.909023;-0.416745;,
   0.000000;-0.960340;-0.278832;;
   112;
   3;0,1,2;,
   3;3,4,5;,
   3;4,3,6;,
   3;7,8,9;,
   3;8,7,10;,
   3;11,12,13;,
   3;12,11,9;,
   3;14,4,15;,
   3;16,17,5;,
   3;17,16,18;,
   3;13,19,20;,
   3;4,16,5;,
   3;21,9,11;,
   3;9,21,7;,
   3;18,12,17;,
   3;19,2,20;,
   3;2,19,0;,
   3;22,1,14;,
   3;22,15,23;,
   3;15,22,14;,
   3;10,24,8;,
   3;14,0,16;,
   3;0,18,16;,
   3;18,0,19;,
   3;19,12,18;,
   3;16,4,14;,
   3;0,14,1;,
   3;19,13,12;,
   3;25,2,1;,
   3;26,27,28;,
   3;27,26,29;,
   3;30,31,32;,
   3;31,30,33;,
   3;11,34,33;,
   3;34,11,13;,
   3;35,36,27;,
   3;37,38,39;,
   3;38,37,29;,
   3;13,20,40;,
   3;27,29,37;,
   3;21,33,30;,
   3;33,21,11;,
   3;39,38,34;,
   3;40,2,25;,
   3;2,40,20;,
   3;22,35,1;,
   3;22,36,35;,
   3;36,22,23;,
   3;32,31,41;,
   3;35,37,25;,
   3;25,39,40;,
   3;39,25,37;,
   3;40,39,34;,
   3;37,35,27;,
   3;25,1,35;,
   3;40,34,13;,
   3;10,42,43;,
   3;42,10,7;,
   3;42,21,44;,
   3;21,42,7;,
   3;21,45,44;,
   3;45,21,30;,
   3;45,32,46;,
   3;32,45,30;,
   3;46,41,47;,
   3;41,46,32;,
   3;47,26,48;,
   3;26,47,41;,
   3;48,28,49;,
   3;28,48,26;,
   3;49,27,50;,
   3;27,49,28;,
   3;50,36,51;,
   3;36,50,27;,
   3;51,23,52;,
   3;23,51,36;,
   3;52,15,53;,
   3;15,52,23;,
   3;15,54,53;,
   3;54,15,4;,
   3;4,55,54;,
   3;55,4,6;,
   3;55,3,56;,
   3;3,55,6;,
   3;56,24,57;,
   3;24,56,3;,
   3;57,10,43;,
   3;10,57,24;,
   3;5,24,3;,
   3;17,24,5;,
   3;17,8,24;,
   3;38,41,31;,
   3;41,29,26;,
   3;38,29,41;,
   3;38,33,34;,
   3;33,38,31;,
   3;17,9,8;,
   3;9,17,12;,
   3;58,59,60;,
   3;59,58,61;,
   3;61,62,59;,
   3;62,61,63;,
   3;62,64,65;,
   3;64,62,63;,
   3;66,65,64;,
   3;67,60,68;,
   3;60,67,58;,
   3;69,68,70;,
   3;68,69,67;,
   3;71,70,72;,
   3;70,71,69;,
   3;71,72,73;;
  }

  MeshMaterialList {
   1;
   112;
   0,
   0,
   0,
   0,
   0,
   0,
   0,
   0,
   0,
   0,
   0,
   0,
   0,
   0,
   0,
   0,
   0,
   0,
   0,
   0,
   0,
   0,
   0,
   0,
   0,
   0,
   0,
   0,
   0,
   0,
   0,
   0,
   0,
   0,
   0,
   0,
   0,
   0,
   0,
   0,
   0,
   0,
   0,
   0,
   0,
   0,
   0,
   0,
   0,
   0,
   0,
   0,
   0,
   0,
   0,
   0,
   0,
   0,
   0,
   0,
   0,
   0,
   0,
   0,
   0,
   0,
   0,
   0,
   0,
   0,
   0,
   0,
   0,
   0,
   0,
   0,
   0,
   0,
   0,
   0,
   0,
   0,
   0,
   0,
   0,
   0,
   0,
   0,
   0,
   0,
   0,
   0,
   0,
   0,
   0,
   0,
   0,
   0,
   0,
   0,
   0,
   0,
   0,
   0,
   0,
   0,
   0,
   0,
   0,
   0,
   0,
   0;
   { _09_-_Defaulteee }
  }

  MeshTextureCoords c1 {
   74;
   0.584285;0.670055;,
   0.499999;0.803660;,
   0.499980;0.693989;,
   0.850886;0.487078;,
   0.771250;0.713461;,
   0.753414;0.592105;,
   0.887897;0.605491;,
   0.694959;0.103192;,
   0.760358;0.318936;,
   0.659311;0.273253;,
   0.785424;0.172948;,
   0.499982;0.234907;,
   0.614942;0.444846;,
   0.499969;0.397436;,
   0.641255;0.801740;,
   0.682554;0.853436;,
   0.671209;0.637322;,
   0.668624;0.501576;,
   0.621857;0.568450;,
   0.550950;0.554132;,
   0.499966;0.541723;,
   0.499988;0.059612;,
   0.500009;0.862362;,
   0.500032;0.932488;,
   0.826388;0.375086;,
   0.415670;0.670065;,
   0.149081;0.487066;,
   0.228660;0.713539;,
   0.112061;0.605466;,
   0.246521;0.592139;,
   0.305017;0.103187;,
   0.239610;0.318933;,
   0.214553;0.172939;,
   0.340654;0.273252;,
   0.384995;0.444855;,
   0.358744;0.801748;,
   0.317503;0.853442;,
   0.328720;0.637353;,
   0.331314;0.501594;,
   0.378077;0.568467;,
   0.448983;0.554138;,
   0.173581;0.375077;,
   0.701641;0.056379;,
   0.814053;0.129621;,
   0.499989;0.019241;,
   0.298338;0.056373;,
   0.185925;0.129611;,
   0.111999;0.331020;,
   0.066069;0.479226;,
   0.043232;0.612645;,
   0.171572;0.773752;,
   0.285302;0.909336;,
   0.500046;0.981616;,
   0.714815;0.909290;,
   0.828611;0.774233;,
   0.956721;0.612743;,
   0.933900;0.479263;,
   0.887975;0.331038;,
   0.066069;0.479226;,
   0.956721;0.612743;,
   0.933900;0.479263;,
   0.043232;0.612645;,
   0.828611;0.774233;,
   0.171572;0.773752;,
   0.285302;0.909336;,
   0.714815;0.909290;,
   0.500046;0.981616;,
   0.111999;0.331020;,
   0.887975;0.331038;,
   0.185925;0.129611;,
   0.814053;0.129621;,
   0.298338;0.056373;,
   0.701641;0.056379;,
   0.499989;0.019241;;
  }

  XSkinMeshHeader {
   1;
   1;
   1;
  }

  SkinWeights {
   "Bip01_Head";
   74;
   0,
   1,
   2,
   3,
   4,
   5,
   6,
   7,
   8,
   9,
   10,
   11,
   12,
   13,
   14,
   15,
   16,
   17,
   18,
   19,
   20,
   21,
   22,
   23,
   24,
   25,
   26,
   27,
   28,
   29,
   30,
   31,
   32,
   33,
   34,
   35,
   36,
   37,
   38,
   39,
   40,
   41,
   42,
   43,
   44,
   45,
   46,
   47,
   48,
   49,
   50,
   51,
   52,
   53,
   54,
   55,
   56,
   57,
   58,
   59,
   60,
   61,
   62,
   63,
   64,
   65,
   66,
   67,
   68,
   69,
   70,
   71,
   72,
   73;
   1.000000,
   1.000000,
   1.000000,
   1.000000,
   1.000000,
   1.000000,
   1.000000,
   1.000000,
   1.000000,
   1.000000,
   1.000000,
   1.000000,
   1.000000,
   1.000000,
   1.000000,
   1.000000,
   1.000000,
   1.000000,
   1.000000,
   1.000000,
   1.000000,
   1.000000,
   1.000000,
   1.000000,
   1.000000,
   1.000000,
   1.000000,
   1.000000,
   1.000000,
   1.000000,
   1.000000,
   1.000000,
   1.000000,
   1.000000,
   1.000000,
   1.000000,
   1.000000,
   1.000000,
   1.000000,
   1.000000,
   1.000000,
   1.000000,
   1.000000,
   1.000000,
   1.000000,
   1.000000,
   1.000000,
   1.000000,
   1.000000,
   1.000000,
   1.000000,
   1.000000,
   1.000000,
   1.000000,
   1.000000,
   1.000000,
   1.000000,
   1.000000,
   1.000000,
   1.000000,
   1.000000,
   1.000000,
   1.000000,
   1.000000,
   1.000000,
   1.000000,
   1.000000,
   1.000000,
   1.000000,
   1.000000,
   1.000000,
   1.000000,
   1.000000,
   1.000000;
   0.000000,1.000000,-0.000001,0.000000,1.000000,-0.000000,0.000001,0.000000,0.000001,-0.000001,-1.000000,0.000000,-0.825859,0.000000,0.026966,1.000000;;
  }
 }
}

AnimTicksPerSecond  {
 4800;
}

AnimationSet Bob_Walk {
 

 Animation {
  
  { Dummy01 }

  AnimationKey S {
   1;
   2;
   0;3;1.000000,1.000000,1.000000;;,
   3200;3;1.000000,1.000000,1.000000;;;
  }

  AnimationKey R {
   0;
   2;
   0;4;0.707107,0.707107,0.000000,0.000000;;,
   3200;4;0.707107,0.707107,0.000000,0.000000;;;
  }

  AnimationKey T {
   2;
   2;
   0;3;0.000000,0.000000,0.000000;;,
   3200;3;0.000000,0.000000,0.000000;;;
  }
 }

 Animation {
  
  { Bip01 }

  AnimationKey S {
   1;
   2;
   0;3;1.000000,1.000000,1.000000;;,
   3200;3;1.000000,1.000000,1.000000;;;
  }

  AnimationKey R {
   0;
   21;
   0;4;0.515802,-0.436315,-0.562899,-0.476154;;,
   160;4;0.517441,-0.437578,-0.561533,-0.474828;;,
   320;4;0.521626,-0.440871,-0.557927,-0.471441;;,
   480;4;0.527247,-0.445573,-0.552691,-0.466912;;,
   640;4;0.533452,-0.451064,-0.546445,-0.461918;;,
   800;4;0.539863,-0.456672,-0.539862,-0.456671;;,
   960;4;0.546445,-0.461919,-0.533451,-0.451064;;,
   1120;4;0.552691,-0.466914,-0.527246,-0.445574;;,
   1280;4;0.557926,-0.471443,-0.521624,-0.440872;;,
   1440;4;0.561532,-0.474830,-0.517438,-0.437580;;,
   1600;4;0.562897,-0.476157,-0.515800,-0.436316;;,
   1760;4;0.561532,-0.474830,-0.517438,-0.437580;;,
   1920;4;0.557926,-0.471443,-0.521624,-0.440872;;,
   2080;4;0.552691,-0.466914,-0.527246,-0.445574;;,
   2240;4;0.546445,-0.461919,-0.533451,-0.451064;;,
   2400;4;0.539863,-0.456672,-0.539862,-0.456671;;,
   2560;4;0.533452,-0.451064,-0.546445,-0.461918;;,
   2720;4;0.527247,-0.445573,-0.552691,-0.466912;;,
   2880;4;0.521626,-0.440871,-0.557927,-0.471441;;,
   3040;4;0.517441,-0.437578,-0.561533,-0.474828;;,
   3200;4;0.515802,-0.436315,-0.562899,-0.476154;;;
  }

  AnimationKey T {
   2;
   21;
   0;3;-0.010000,-0.012284,0.490453;;,
   160;3;-0.010708,-0.012284,0.491858;;,
   320;3;-0.010749,-0.012284,0.495223;;,
   480;3;-0.010016,-0.012284,0.499328;;,
   640;3;-0.008388,-0.012284,0.502988;;,
   800;3;-0.005725,-0.012284,0.504988;;,
   960;3;-0.002280,-0.012284,0.504002;;,
   1120;3;0.001356,-0.012284,0.500588;;,
   1280;3;0.004842,-0.012284,0.496226;;,
   1440;3;0.007841,-0.012284,0.492357;;,
   1600;3;0.010000,-0.012284,0.490453;;,
   1760;3;0.011004,-0.012284,0.491604;;,
   1920;3;0.010933,-0.012284,0.494934;;,
   2080;3;0.009946,-0.012284,0.499131;;,
   2240;3;0.008187,-0.012284,0.502917;;,
   2400;3;0.005782,-0.012284,0.504988;;,
   2560;3;0.002869,-0.012284,0.503948;;,
   2720;3;-0.000359,-0.012284,0.500406;;,
   2880;3;-0.003707,-0.012284,0.495943;;,
   3040;3;-0.006986,-0.012284,0.492100;;,
   3200;3;-0.010000,-0.012284,0.490453;;;
  }
 }

 Animation {
  
  { Bip01_Pelvis }

  AnimationKey S {
   1;
   2;
   0;3;1.000000,1.000000,1.000000;;,
   3200;3;1.000000,1.000000,1.000000;;;
  }

  AnimationKey R {
   0;
   21;
   0;4;0.500001,-0.499999,-0.500000,-0.500000;;,
   160;4;0.502878,-0.497105,-0.502877,-0.497106;;,
   320;4;0.506123,-0.493801,-0.506123,-0.493802;;,
   480;4;0.509152,-0.490677,-0.509152,-0.490678;;,
   640;4;0.511400,-0.488334,-0.511399,-0.488335;;,
   800;4;0.512285,-0.487405,-0.512285,-0.487406;;,
   960;4;0.511605,-0.488119,-0.511605,-0.488120;;,
   1120;4;0.509768,-0.490038,-0.509767,-0.490039;;,
   1280;4;0.507050,-0.492849,-0.507049,-0.492850;;,
   1440;4;0.503710,-0.496263,-0.503709,-0.496263;;,
   1600;4;0.500001,-0.499999,-0.500000,-0.500000;;,
   1760;4;0.496198,-0.503773,-0.496197,-0.503774;;,
   1920;4;0.492628,-0.507265,-0.492627,-0.507266;;,
   2080;4;0.489628,-0.510161,-0.489627,-0.510162;;,
   2240;4;0.487550,-0.512148,-0.487549,-0.512149;;,
   2400;4;0.486768,-0.512891,-0.486767,-0.512892;;,
   2560;4;0.487745,-0.511962,-0.487744,-0.511963;;,
   2720;4;0.490207,-0.509605,-0.490207,-0.509605;;,
   2880;4;0.493490,-0.506426,-0.493489,-0.506427;;,
   3040;4;0.496961,-0.503020,-0.496961,-0.503021;;,
   3200;4;0.500001,-0.499999,-0.500000,-0.500000;;;
  }

  AnimationKey T {
   2;
   2;
   0;3;0.000000,0.000000,0.000000;;,
   3200;3;0.000000,0.000000,0.000000;;;
  }
 }

 Animation {
  
  { Bip01_Spine }

  AnimationKey S {
   1;
   2;
   0;3;1.000000,1.000000,1.000000;;,
   3200;3;1.000000,1.000000,1.000000;;;
  }

  AnimationKey R {
   0;
   21;
   0;4;0.996164,-0.000002,-0.087504,-0.000001;;,
   160;4;0.996148,0.000503,-0.087503,-0.005750;;,
   320;4;0.996089,0.001076,-0.087498,-0.012274;;,
   480;4;0.995994,0.001615,-0.087489,-0.018403;;,
   640;4;0.995899,0.002016,-0.087481,-0.022976;;,
   800;4;0.995856,0.002175,-0.087477,-0.024784;;,
   960;4;0.995889,0.002053,-0.087480,-0.023395;;,
   1120;4;0.995970,0.001724,-0.087487,-0.019653;;,
   1280;4;0.996064,0.001241,-0.087495,-0.014146;;,
   1440;4;0.996137,0.000650,-0.087502,-0.007418;;,
   1600;4;0.996164,-0.000002,-0.087504,-0.000001;;,
   1760;4;0.996136,-0.000665,-0.087502,0.007547;;,
   1920;4;0.996058,-0.001283,-0.087495,0.014582;;,
   2080;4;0.995954,-0.001799,-0.087486,0.020455;;,
   2240;4;0.995863,-0.002155,-0.087478,0.024505;;,
   2400;4;0.995824,-0.002288,-0.087474,0.026024;;,
   2560;4;0.995872,-0.002121,-0.087479,0.024125;;,
   2720;4;0.995977,-0.001699,-0.087488,0.019324;;,
   2880;4;0.996081,-0.001134,-0.087497,0.012888;;,
   3040;4;0.996146,-0.000532,-0.087503,0.006036;;,
   3200;4;0.996164,-0.000002,-0.087504,-0.000001;;;
  }

  AnimationKey T {
   2;
   21;
   0;3;0.051619,0.000000,-0.000083;;,
   160;3;0.051615,0.000596,-0.000083;;,
   320;3;0.051603,0.001272,-0.000083;;,
   480;3;0.051583,0.001907,-0.000083;;,
   640;3;0.051564,0.002380,-0.000083;;,
   800;3;0.051555,0.002568,-0.000083;;,
   960;3;0.051562,0.002424,-0.000083;;,
   1120;3;0.051578,0.002036,-0.000083;;,
   1280;3;0.051598,0.001466,-0.000083;;,
   1440;3;0.051613,0.000769,-0.000083;;,
   1600;3;0.051619,0.000000,-0.000083;;,
   1760;3;0.051613,-0.000782,-0.000083;;,
   1920;3;0.051596,-0.001511,-0.000083;;,
   2080;3;0.051575,-0.002119,-0.000083;;,
   2240;3;0.051556,-0.002539,-0.000083;;,
   2400;3;0.051548,-0.002696,-0.000083;;,
   2560;3;0.051558,-0.002499,-0.000083;;,
   2720;3;0.051580,-0.002002,-0.000083;;,
   2880;3;0.051601,-0.001335,-0.000083;;,
   3040;3;0.051615,-0.000626,-0.000083;;,
   3200;3;0.051619,0.000000,-0.000083;;;
  }
 }

 Animation {
  
  { Bip01_Spine1 }

  AnimationKey S {
   1;
   2;
   0;3;1.000000,1.000000,1.000000;;,
   3200;3;1.000000,1.000000,1.000000;;;
  }

  AnimationKey R {
   0;
   21;
   0;4;0.995544,0.088322,0.022149,-0.024497;;,
   160;4;0.996188,0.080990,0.022461,-0.023342;;,
   320;4;0.997602,0.062049,0.023185,-0.020083;;,
   480;4;0.998959,0.035809,0.023963,-0.014989;;,
   640;4;0.999646,0.006414,0.024470,-0.008307;;,
   800;4;0.999458,-0.021962,0.024504,-0.000285;;,
   960;4;0.998626,-0.045736,0.024053,0.008679;;,
   1120;4;0.997506,-0.064272,0.023267,0.017588;;,
   1280;4;0.996410,-0.077620,0.022385,0.025342;;,
   1440;4;0.995604,-0.085742,0.021679,0.030849;;,
   1600;4;0.995301,-0.088500,0.021398,0.032959;;,
   1760;4;0.995983,-0.081152,0.021844,0.030922;;,
   1920;4;0.997476,-0.062171,0.022843,0.025573;;,
   2080;4;0.998910,-0.035879,0.023856,0.017983;;,
   2240;4;0.999638,-0.006435,0.024464,0.009198;;,
   2400;4;0.999458,0.021962,0.024504,0.000284;;,
   2560;4;0.998634,0.045715,0.024093,-0.007788;;,
   2720;4;0.997554,0.064204,0.023459,-0.014597;;,
   2880;4;0.996534,0.077500,0.022812,-0.019859;;,
   3040;4;0.995809,0.085581,0.022331,-0.023273;;,
   3200;4;0.995544,0.088322,0.022149,-0.024497;;;
  }

  AnimationKey T {
   2;
   21;
   0;3;0.106484,-0.000015,-0.000083;;,
   160;3;0.106484,-0.000014,-0.000084;;,
   320;3;0.106484,-0.000010,-0.000084;;,
   480;3;0.106484,-0.000006,-0.000084;;,
   640;3;0.106484,-0.000001,-0.000085;;,
   800;3;0.106484,0.000004,-0.000085;;,
   960;3;0.106484,0.000008,-0.000084;;,
   1120;3;0.106484,0.000011,-0.000084;;,
   1280;3;0.106484,0.000013,-0.000084;;,
   1440;3;0.106484,0.000014,-0.000083;;,
   1600;3;0.106484,0.000015,-0.000083;;,
   1760;3;0.106484,0.000014,-0.000084;;,
   1920;3;0.106484,0.000010,-0.000084;;,
   2080;3;0.106484,0.000006,-0.000084;;,
   2240;3;0.106484,0.000001,-0.000085;;,
   2400;3;0.106484,-0.000004,-0.000085;;,
   2560;3;0.106484,-0.000008,-0.000084;;,
   2720;3;0.106484,-0.000011,-0.000084;;,
   2880;3;0.106484,-0.000013,-0.000084;;,
   3040;3;0.106484,-0.000014,-0.000083;;,
   3200;3;0.106484,-0.000015,-0.000083;;;
  }
 }

 Animation {
  
  { Bip01_Neck }

  AnimationKey S {
   1;
   2;
   0;3;1.000000,1.000000,1.000000;;,
   3200;3;1.000000,1.000000,1.000000;;;
  }

  AnimationKey R {
   0;
   21;
   0;4;0.991445,0.008393,0.129738,0.011606;;,
   160;4;0.991464,0.007504,0.129794,0.009788;;,
   320;4;0.991492,0.005405,0.129938,0.005493;;,
   480;4;0.991492,0.002912,0.130133,0.000384;;,
   640;4;0.991464,0.000816,0.130317,-0.003913;;,
   800;4;0.991445,-0.000071,0.130400,-0.005732;;,
   960;4;0.991452,-0.001175,0.130310,-0.006349;;,
   1120;4;0.991463,-0.003783,0.130101,-0.007806;;,
   1280;4;0.991463,-0.006884,0.129858,-0.009535;;,
   1440;4;0.991452,-0.009493,0.129659,-0.010988;;,
   1600;4;0.991445,-0.010598,0.129577,-0.011603;;,
   1760;4;0.991467,-0.009477,0.129647,-0.009786;;,
   1920;4;0.991498,-0.006832,0.129827,-0.005492;;,
   2080;4;0.991498,-0.003689,0.130070,-0.000385;;,
   2240;4;0.991467,-0.001047,0.130298,0.003912;;,
   2400;4;0.991445,0.000071,0.130400,0.005731;;,
   2560;4;0.991450,0.000944,0.130327,0.006348;;,
   2720;4;0.991458,0.003005,0.130158,0.007805;;,
   2880;4;0.991458,0.005457,0.129963,0.009536;;,
   3040;4;0.991450,0.007520,0.129804,0.010990;;,
   3200;4;0.991445,0.008393,0.129738,0.011606;;;
  }

  AnimationKey T {
   2;
   6;
   0;3;0.130511,-0.000001,0.004626;;,
   1280;3;0.130511,-0.000000,0.004626;;,
   1440;3;0.130511,0.000001,0.004626;;,
   2720;3;0.130511,0.000001,0.004626;;,
   2880;3;0.130511,-0.000000,0.004626;;,
   3200;3;0.130511,-0.000000,0.004626;;;
  }
 }

 Animation {
  
  { Bip01_Head }

  AnimationKey S {
   1;
   2;
   0;3;1.000000,1.000000,1.000000;;,
   3200;3;1.000000,1.000000,1.000000;;;
  }

  AnimationKey R {
   0;
   21;
   0;4;0.996236,-0.046621,-0.067022,0.029110;;,
   160;4;0.996729,-0.041722,-0.062915,0.028860;;,
   320;4;0.997785,-0.029274,-0.053251,0.027049;;,
   480;4;0.998800,-0.012491,-0.041840,0.022163;;,
   640;4;0.999373,0.005563,-0.032339,0.013297;;,
   800;4;0.999358,0.021966,-0.028322,0.000368;;,
   960;4;0.998820,0.033781,-0.032221,-0.013356;;,
   1120;4;0.997995,0.041034,-0.041642,-0.024260;;,
   1280;4;0.997071,0.045035,-0.052966,-0.031861;;,
   1440;4;0.996287,0.046794,-0.062550,-0.036196;;,
   1600;4;0.995953,0.047182,-0.066624,-0.037580;;,
   1760;4;0.996482,0.042193,-0.062578,-0.036444;;,
   1920;4;0.997624,0.029560,-0.053046,-0.032538;;,
   2080;4;0.998731,0.012612,-0.041759,-0.025156;;,
   2240;4;0.999361,-0.005536,-0.032326,-0.014188;;,
   2400;4;0.999358,-0.021965,-0.028322,-0.000368;;,
   2560;4;0.998832,-0.033754,-0.032266,0.012466;;,
   2720;4;0.998061,-0.040913,-0.041803,0.021270;;,
   2880;4;0.997229,-0.044749,-0.053250,0.026376;;,
   3040;4;0.996532,-0.046323,-0.062920,0.028614;;,
   3200;4;0.996236,-0.046621,-0.067022,0.029111;;;
  }

  AnimationKey T {
   2;
   2;
   0;3;0.033674,-0.000000,-0.000000;;,
   3200;3;0.033674,-0.000000,-0.000000;;;
  }
 }

 Animation {
  
  { Bip01_HeadNub }

  AnimationKey S {
   1;
   2;
   0;3;1.000000,1.000000,1.000000;;,
   3200;3;1.000000,1.000000,1.000000;;;
  }

  AnimationKey R {
   0;
   2;
   0;4;1.000000,-0.000000,-0.000000,0.000000;;,
   3200;4;1.000000,0.000000,0.000000,0.000000;;;
  }

  AnimationKey T {
   2;
   2;
   0;3;0.169824,0.000000,0.000000;;,
   3200;3;0.169824,0.000000,-0.000000;;;
  }
 }

 Animation {
  
  { Bip01_L_Clavicle }

  AnimationKey S {
   1;
   2;
   0;3;1.000000,1.000000,1.000000;;,
   3200;3;1.000000,1.000000,1.000000;;;
  }

  AnimationKey R {
