xof 0303txt 0032
template ColorRGBA {
 <35ff44e0-6c7c-11cf-8f52-0040333594a3>
 FLOAT red;
 FLOAT green;
 FLOAT blue;
 FLOAT alpha;
}

template ColorRGB {
 <d3e16e81-7835-11cf-8f52-0040333594a3>
 FLOAT red;
 FLOAT green;
 FLOAT blue;
}

template Material {
 <3d82ab4d-62da-11cf-ab39-0020af71e433>
 ColorRGBA faceColor;
 FLOAT power;
 ColorRGB specularColor;
 ColorRGB emissiveColor;
 [...]
}

template TextureFilename {
 <a42790e1-7810-11cf-8f52-0040333594a3>
 STRING filename;
}

template Frame {
 <3d82ab46-62da-11cf-ab39-0020af71e433>
 [...]
}

template Matrix4x4 {
 <f6f23f45-7686-11cf-8f52-0040333594a3>
 array FLOAT matrix[16];
}

template FrameTransformMatrix {
 <f6f23f41-7686-11cf-8f52-0040333594a3>
 Matrix4x4 frameMatrix;
}

template Vector {
 <3d82ab5e-62da-11cf-ab39-0020af71e433>
 FLOAT x;
 FLOAT y;
 FLOAT z;
}

template MeshFace {
 <3d82ab5f-62da-11cf-ab39-0020af71e433>
 DWORD nFaceVertexIndices;
 array DWORD faceVertexIndices[nFaceVertexIndices];
}

template Mesh {
 <3d82ab44-62da-11cf-ab39-0020af71e433>
 DWORD nVertices;
 array Vector vertices[nVertices];
 DWORD nFaces;
 array MeshFace faces[nFaces];
 [...]
}

template MeshNormals {
 <f6f23f43-7686-11cf-8f52-0040333594a3>
 DWORD nNormals;
 array Vector normals[nNormals];
 DWORD nFaceNormals;
 array MeshFace faceNormals[nFaceNormals];
}

template MeshMaterialList {
 <f6f23f42-7686-11cf-8f52-0040333594a3>
 DWORD nMaterials;
 DWORD nFaceIndexes;
 array DWORD faceIndexes[nFaceIndexes];
 [Material <3d82ab4d-62da-11cf-ab39-0020af71e433>]
}

template Coords2d {
 <f6f23f44-7686-11cf-8f52-0040333594a3>
 FLOAT u;
 FLOAT v;
}

template MeshTextureCoords {
 <f6f23f40-7686-11cf-8f52-0040333594a3>
 DWORD nTextureCoords;
 array Coords2d textureCoords[nTextureCoords];
}

template XSkinMeshHeader {
 <3cf169ce-ff7c-44ab-93c0-f78f62d172e2>
 WORD nMaxSkinWeightsPerVertex;
 WORD nMaxSkinWeightsPerFace;
 WORD nBones;
}

template SkinWeights {
 <6f0d123b-bad2-4167-a0d0-80224f25fabb>
 STRING transformNodeName;
 DWORD nWeights;
 array DWORD vertexIndices[nWeights];
 array FLOAT weights[nWeights];
 Matrix4x4 matrixOffset;
}

template AnimTicksPerSecond {
 <9e415a43-7ba6-4a73-8743-b73d47e88476>
 DWORD AnimTicksPerSecond;
}

template Animation {
 <3d82ab4f-62da-11cf-ab39-0020af71e433>
 [...]
}

template AnimationSet {
 <3d82ab50-62da-11cf-ab39-0020af71e433>
 [Animation <3d82ab4f-62da-11cf-ab39-0020af71e433>]
}

template FloatKeys {
 <10dd46a9-775b-11cf-8f52-0040333594a3>
 DWORD nValues;
 array FLOAT values[nValues];
}

template TimedFloatKeys {
 <f406b180-7b3b-11cf-8f52-0040333594a3>
 DWORD time;
 FloatKeys tfkeys;
}

template AnimationKey {
 <10dd46a8-775b-11cf-8f52-0040333594a3>
 DWORD keyType;
 DWORD nKeys;
 array TimedFloatKeys keys[nKeys];
}


Material _09_-_Defaultaaa {
 1.000000;1.000000;1.000000;1.000000;;
 9.999999;
 0.000000;0.000000;0.000000;;
 0.000000;0.000000;0.000000;;

 TextureFilename {
  "F_Hair_White.png";
 }
}

Frame Dummy01 {
 

 FrameTransformMatrix {
  1.000000,0.000000,0.000000,0.000000,0.000000,-0.000000,-1.000000,0.000000,0.000000,1.000000,-0.000000,0.000000,0.000000,0.000000,0.000000,1.000000;;
 }

 Frame Bip01 {
  

  FrameTransformMatrix {
   -0.087155,0.982405,-0.165183,0.000000,-0.000001,0.165814,0.986157,0.000000,0.996195,0.085949,-0.014450,0.000000,-0.010000,-0.012284,0.490453,1.000000;;
  }

  Frame Bip01_Pelvis {
   

   FrameTransformMatrix {
    0.000000,1.000000,-0.000001,0.000000,-0.000001,0.000001,1.000000,0.000000,1.000000,0.000000,0.000001,0.000000,0.000000,0.000000,0.000000,1.000000;;
   }

   Frame Bip01_Spine {
    

    FrameTransformMatrix {
     0.984686,0.000002,-0.174337,0.000000,-0.000001,1.000000,0.000004,0.000000,0.174337,-0.000004,0.984686,0.000000,0.051619,0.000000,-0.000083,1.000000;;
    }

    Frame Bip01_Spine1 {
     

     FrameTransformMatrix {
      0.997819,0.052687,0.039774,0.000000,-0.044862,0.983198,-0.176942,0.000000,-0.048428,0.174771,0.983417,0.000000,0.106484,-0.000015,-0.000083,1.000000;;
     }

     Frame Bip01_Neck {
      

      FrameTransformMatrix {
       0.966067,-0.020835,0.257451,0.000000,0.025191,0.999590,-0.013632,0.000000,-0.257061,0.019655,0.966195,0.000000,0.130511,-0.000001,0.004626,1.000000;;
      }

      Frame Bip01_Head {
       

       FrameTransformMatrix {
        0.989321,-0.051753,-0.136255,0.000000,0.064251,0.993958,0.088989,0.000000,0.130826,-0.096793,0.986669,0.000000,0.033674,-0.000000,-0.000000,1.000000;;
       }

       Frame Bip01_HeadNub {
        

        FrameTransformMatrix {
         1.000000,-0.000000,-0.000000,0.000000,-0.000000,1.000000,0.000000,0.000000,0.000000,-0.000000,1.000000,0.000000,0.169824,0.000000,0.000000,1.000000;;
        }
       }
      }

      Frame Bip01_L_Clavicle {
       

       FrameTransformMatrix {
        -0.205975,0.976135,0.068811,0.000000,0.943873,0.216738,-0.249254,0.000000,-0.258220,0.013609,-0.965990,0.000000,-0.024734,0.015166,0.002017,1.000000;;
       }

       Frame Bip01_L_UpperArm {
        

        FrameTransformMatrix {
         0.385871,-0.777669,0.496320,0.000000,0.922466,0.332598,-0.196046,0.000000,-0.012616,0.533487,0.845714,0.000000,0.087086,-0.000000,-0.000000,1.000000;;
        }

        Frame Bip01_L_Forearm {
         

         FrameTransformMatrix {
          0.943939,0.000000,-0.330119,0.000000,0.000000,1.000000,-0.000000,0.000000,0.330119,-0.000000,0.943939,0.000000,0.137062,0.000000,0.000000,1.000000;;
         }

         Frame Bip01_L_Hand {
          

          FrameTransformMatrix {
           1.000000,-0.000000,0.000000,0.000000,0.000000,0.000796,1.000000,0.000000,0.000000,-1.000000,0.000796,0.000000,0.137062,0.000000,0.000000,1.000000;;
          }

          Frame Bip01_L_Finger0 {
           

           FrameTransformMatrix {
            0.690342,-0.181727,0.700288,0.000000,0.558537,0.749101,-0.356210,0.000000,-0.459853,0.637043,0.618637,0.000000,0.057681,-0.023605,-0.000272,1.000000;;
           }

           Frame Bip01_L_Finger0Nub {
            

            FrameTransformMatrix {
             1.000000,0.000000,0.000000,0.000000,0.000000,1.000000,0.000000,0.000000,-0.000000,0.000000,1.000000,0.000000,0.029435,-0.000000,-0.000000,1.000000;;
            }
           }
          }

          Frame Bip01_L_Finger1 {
           

           FrameTransformMatrix {
            0.728079,-0.000546,0.685493,0.000000,0.000000,1.000000,0.000796,0.000000,-0.685493,-0.000580,0.728079,0.000000,0.084102,0.000000,0.000000,1.000000;;
           }

           Frame Bip01_L_Finger1Nub {
            

            FrameTransformMatrix {
             1.000000,0.000000,0.000000,0.000000,-0.000000,1.000000,-0.000000,0.000000,-0.000000,0.000000,1.000000,0.000000,0.047988,0.000000,-0.000000,1.000000;;
            }
           }
          }
         }
        }
       }
      }

      Frame Bip01_R_Clavicle {
       

       FrameTransformMatrix {
        -0.028509,-0.999573,-0.006461,0.000000,-0.965665,0.025871,0.258498,0.000000,-0.258220,0.013609,-0.965990,0.000000,-0.024080,-0.016250,0.001399,1.000000;;
       }

       Frame Bip01_R_UpperArm {
        

        FrameTransformMatrix {
         0.221390,0.975047,0.016433,0.000000,-0.974986,0.221654,-0.016512,0.000000,-0.019742,-0.012366,0.999729,0.000000,0.087086,0.000000,0.000000,1.000000;;
        }

        Frame Bip01_R_Forearm {
         

         FrameTransformMatrix {
          0.915660,-0.000000,-0.401954,0.000000,-0.000000,1.000000,-0.000000,0.000000,0.401954,-0.000000,0.915660,0.000000,0.137062,0.000000,0.000000,1.000000;;
         }

         Frame Bip01_R_Hand {
          

          FrameTransformMatrix {
           0.975195,-0.000000,-0.221346,0.000000,-0.221346,0.000796,-0.975195,0.000000,0.000176,1.000000,0.000777,0.000000,0.137062,-0.000000,0.000000,1.000000;;
          }

          Frame Bip01_R_Finger0 {
           

           FrameTransformMatrix {
            0.417774,-0.116941,0.900994,0.000000,-0.558537,0.749101,0.356210,0.000000,-0.716591,-0.652054,0.247639,0.000000,0.057681,0.023605,-0.000272,1.000000;;
           }

           Frame Bip01_R_Finger0Nub {
            

            FrameTransformMatrix {
             -1.000000,-0.000000,0.000000,0.000000,-0.000000,1.000000,0.000000,0.000000,-0.000000,0.000000,-1.000000,0.000000,0.029435,-0.000000,0.000000,1.000000;;
            }
           }
          }

          Frame Bip01_R_Finger1 {
           

           FrameTransformMatrix {
            0.352436,0.000745,0.935835,0.000000,0.000000,1.000000,-0.000796,0.000000,-0.935836,0.000281,0.352436,0.000000,0.084102,0.000000,0.000000,1.000000;;
           }

           Frame Bip01_R_Finger1Nub {
            

            FrameTransformMatrix {
             -1.000000,0.000000,0.000000,0.000000,0.000000,1.000000,-0.000000,0.000000,0.000000,-0.000000,-1.000000,0.000000,0.047988,0.000000,0.000000,1.000000;;
            }
           }
          }
         }
        }
       }
      }
     }

     Frame Bip01_BackPack {
      

      FrameTransformMatrix {
       0.180560,0.080500,-0.980264,0.000000,0.047560,0.994764,0.090451,0.000000,0.982413,-0.062954,0.175786,0.000000,0.063697,0.000003,-0.088856,1.000000;;
      }

      Frame Bip01_BackPackNub {
       

       FrameTransformMatrix {
        0.000796,0.000003,1.000000,0.000000,0.000000,-1.000000,0.000003,0.000000,1.000000,-0.000000,-0.000796,0.000000,0.053240,0.000000,0.000000,1.000000;;
       }
      }
     }
    }

    Frame Bip01_L_Thigh {
     

     FrameTransformMatrix {
      -0.888504,0.030427,0.457858,0.000000,-0.032107,-0.999476,0.004114,0.000000,0.457744,-0.011045,0.889016,0.000000,-0.050843,0.055225,-0.008917,1.000000;;
     }

     Frame Bip01_L_Calf {
      

      FrameTransformMatrix {
       0.942235,-0.000000,-0.334952,0.000000,-0.000000,1.000000,-0.000000,0.000000,0.334952,-0.000000,0.942235,0.000000,0.237500,0.000000,-0.000000,1.000000;;
      }

      Frame Bip01_L_Foot {
       

       FrameTransformMatrix {
        0.924325,-0.026487,0.380687,0.000000,-0.068962,0.969570,0.234901,0.000000,-0.375325,-0.243378,0.894371,0.000000,0.206841,0.000000,0.000000,1.000000;;
       }

       Frame Bip01_L_Toe0 {
        

        FrameTransformMatrix {
         0.000000,0.000000,1.000000,0.000000,0.000000,1.000000,-0.000000,0.000000,-1.000000,0.000000,0.000000,0.000000,0.065373,0.000000,0.066450,1.000000;;
        }

        Frame Bip01_L_Toe0Nub {
         

         FrameTransformMatrix {
          -1.000000,0.000000,0.000000,0.000000,0.000000,1.000000,0.000000,0.000000,0.000000,0.000000,-1.000000,0.000000,0.006735,-0.000000,-0.000000,1.000000;;
         }
        }
       }
      }
     }
    }

    Frame Bip01_R_Thigh {
     

     FrameTransformMatrix {
      -0.996965,0.030321,-0.071704,0.000000,-0.029454,-0.999480,-0.013113,0.000000,-0.072065,-0.010961,0.997340,0.000000,-0.050843,-0.055225,-0.008917,1.000000;;
     }

     Frame Bip01_R_Calf {
      

      FrameTransformMatrix {
       0.730239,0.000000,-0.683192,0.000000,0.000000,1.000000,0.000000,0.000000,0.683192,0.000000,0.730239,0.000000,0.237500,0.000000,0.000000,1.000000;;
      }

      Frame Bip01_R_Foot {
       

       FrameTransformMatrix {
        0.991957,0.087165,-0.091782,0.000000,-0.093276,0.993546,-0.064539,0.000000,0.085565,0.072581,0.993685,0.000000,0.206841,0.000000,0.000000,1.000000;;
       }

       Frame Bip01_R_Toe0 {
        

        FrameTransformMatrix {
         0.000000,0.000000,1.000000,0.000000,0.000000,1.000000,-0.000000,0.000000,-1.000000,0.000000,0.000000,0.000000,0.065373,0.000000,0.066450,1.000000;;
        }

        Frame Bip01_R_Toe0Nub {
         

         FrameTransformMatrix {
          1.000000,0.000000,0.000000,0.000000,0.000000,1.000000,-0.000000,0.000000,-0.000000,-0.000000,1.000000,0.000000,0.006735,-0.000000,-0.000000,1.000000;;
         }
        }
       }
      }
     }
    }
   }

   Frame Bip01_DressFront {
    

    FrameTransformMatrix {
     -0.880185,-0.088339,0.466338,0.000000,0.121847,0.907542,0.401896,0.000000,-0.458725,0.410564,-0.788041,0.000000,-0.043935,0.001339,0.061057,1.000000;;
    }

    Frame Bip01_DressFront02 {
     

     FrameTransformMatrix {
      0.912593,0.000001,0.408870,0.000000,-0.000001,1.000000,-0.000000,0.000000,-0.408870,-0.000000,0.912593,0.000000,0.183378,-0.000000,-0.000120,1.000000;;
     }

     Frame Bip01_DressFrontNub {
      

      FrameTransformMatrix {
       0.000796,0.000003,1.000000,0.000000,0.000000,-1.000000,0.000003,0.000000,1.000000,0.000000,-0.000796,0.000000,0.165302,0.000000,0.000000,1.000000;;
      }
     }
    }
   }

   Frame Bip01_DressBack {
    

    FrameTransformMatrix {
     -0.886023,0.038029,0.462080,0.000000,0.191625,0.937561,0.290274,0.000000,-0.422190,0.345735,-0.837988,0.000000,-0.047673,-0.000048,-0.078302,1.000000;;
    }

    Frame Bip01_DressBack02 {
     

     FrameTransformMatrix {
      0.936852,0.174932,-0.302833,0.000000,-0.166408,0.984581,0.053939,0.000000,0.307600,-0.000139,0.951516,0.000000,0.176125,0.000000,-0.000103,1.000000;;
     }

     Frame Bip01_DressBackNub {
      

      FrameTransformMatrix {
       0.000796,0.000003,1.000000,0.000000,0.000000,-1.000000,0.000003,0.000000,1.000000,0.000000,-0.000796,0.000000,0.136508,0.000000,0.000000,1.000000;;
      }
     }
    }
   }
  }

  Frame Bip01_Prop1 {
   

   FrameTransformMatrix {
    -0.233929,-0.108090,0.966227,0.000000,0.687222,0.684611,0.242967,0.000000,-0.687752,0.720849,-0.085868,0.000000,0.076452,-0.048658,-0.145664,1.000000;;
   }
  }

  Frame Bip01_Prop2 {
   

   FrameTransformMatrix {
    -0.163643,-0.967062,0.194966,0.000000,0.985576,-0.168906,-0.010564,0.000000,0.043147,0.190425,0.980753,0.000000,-0.138405,-0.102098,0.114818,1.000000;;
   }
  }
 }
}

Frame Translation_Data {
 

 FrameTransformMatrix {
  -0.000000,0.000000,-1.000000,0.000000,-1.000000,-0.000000,0.000000,0.000000,-0.000000,1.000000,0.000000,0.000000,0.000000,-0.000000,0.000000,1.000000;;
 }
}

Frame Bob_Hair_PartingCentreLong {
 

 FrameTransformMatrix {
  1.000000,0.000000,0.000000,0.000000,0.000000,1.000000,0.000000,0.000000,0.000000,0.000000,1.000000,0.000000,-0.000000,0.000000,0.000000,1.000000;;
 }

 Mesh Bob_Hair_PartingCentreLong {
  123;
  0.000000;0.962892;-0.030081;,
  0.012899;0.982138;-0.011296;,
  0.016308;0.968638;-0.046416;,
  0.000000;0.975976;0.000498;,
  0.012899;0.987322;0.026027;,
  0.000000;0.981681;0.027321;,
  -0.000000;0.984034;0.068932;,
  0.041907;0.950272;-0.026843;,
  0.044987;0.965495;-0.005257;,
  0.041989;0.974670;0.032995;,
  0.027003;0.970414;0.085048;,
  0.058461;0.922145;-0.017385;,
  0.060398;0.942436;0.003666;,
  0.062249;0.946474;0.042474;,
  0.050034;0.936218;0.086978;,
  0.062234;0.885079;-0.012244;,
  0.068274;0.888989;0.009621;,
  0.066870;0.892355;0.045594;,
  0.052690;0.892374;0.088693;,
  0.027061;0.935165;0.098963;,
  -0.000000;0.968734;0.093762;,
  0.031228;0.892372;0.100990;,
  -0.000000;0.892360;0.109311;,
  -0.000000;0.934184;0.106007;,
  0.052730;0.877525;-0.032587;,
  0.047439;0.891420;-0.010179;,
  0.051429;0.911519;-0.033105;,
  0.016308;0.968638;-0.046416;,
  0.000000;0.954065;-0.020323;,
  0.000000;0.962892;-0.030081;,
  0.008853;0.953706;-0.016721;,
  0.039490;0.944664;-0.037043;,
  0.029656;0.942101;-0.015810;,
  0.059568;0.844450;-0.011450;,
  0.050400;0.847139;-0.006151;,
  0.048492;0.836634;-0.040246;,
  0.051429;0.911519;-0.033105;,
  0.052730;0.877525;-0.032587;,
  0.039490;0.944664;-0.037043;,
  0.049293;0.891010;0.013257;,
  0.052363;0.853189;0.014050;,
  0.064194;0.848689;0.010414;,
  0.053769;0.863573;0.044647;,
  0.063553;0.853643;0.046387;,
  0.042320;0.863258;0.078929;,
  0.054123;0.860205;0.088416;,
  0.027276;0.865305;0.087085;,
  0.032078;0.862032;0.103390;,
  -0.000000;0.863615;0.114411;,
  -0.000000;0.865298;0.095063;,
  0.000000;0.962892;-0.030081;,
  -0.012899;0.982138;-0.011296;,
  0.000000;0.975976;0.000498;,
  -0.016308;0.968638;-0.046416;,
  -0.012899;0.987322;0.026027;,
  0.000000;0.981681;0.027321;,
  -0.041907;0.950272;-0.026843;,
  -0.044987;0.965495;-0.005257;,
  -0.041989;0.974670;0.032995;,
  -0.027003;0.970414;0.085048;,
  -0.058461;0.922145;-0.017385;,
  -0.060398;0.942436;0.003666;,
  -0.062249;0.946474;0.042474;,
  -0.050034;0.936218;0.086978;,
  -0.064962;0.885079;-0.012244;,
  -0.070054;0.888989;0.009621;,
  -0.066870;0.892355;0.045594;,
  -0.052690;0.892374;0.088693;,
  -0.027061;0.935165;0.098963;,
  -0.031228;0.892372;0.100990;,
  -0.052730;0.877525;-0.032587;,
  -0.051429;0.911519;-0.033105;,
  -0.047439;0.891420;-0.010179;,
  -0.016308;0.968638;-0.046416;,
  0.000000;0.954065;-0.020323;,
  -0.008853;0.953706;-0.016721;,
  0.000000;0.962892;-0.030081;,
  -0.039490;0.944664;-0.037043;,
  -0.029656;0.942101;-0.015810;,
  -0.050401;0.847139;-0.006151;,
  -0.059568;0.844450;-0.011450;,
  -0.048492;0.836634;-0.040246;,
  -0.051429;0.911519;-0.033105;,
  -0.052730;0.877525;-0.032587;,
  -0.039490;0.944664;-0.037043;,
  -0.049317;0.891010;0.013257;,
  -0.052386;0.853189;0.014050;,
  -0.064217;0.848689;0.010414;,
  -0.053769;0.863573;0.044647;,
  -0.063554;0.853643;0.046387;,
  -0.042320;0.863258;0.078929;,
  -0.054123;0.860205;0.088416;,
  -0.027276;0.865305;0.087085;,
  -0.032078;0.862032;0.103390;,
  0.052363;0.853189;0.014050;,
  0.053769;0.863573;0.044647;,
  0.048062;0.895317;0.043854;,
  0.042320;0.863258;0.078929;,
  0.039786;0.895002;0.078136;,
  0.027276;0.865305;0.087085;,
  0.023411;0.894995;0.087361;,
  -0.000000;0.865298;0.095063;,
  -0.000000;0.894987;0.095340;,
  -0.027276;0.865305;0.087085;,
  -0.023411;0.894995;0.087361;,
  -0.042320;0.863258;0.078929;,
  -0.039786;0.895002;0.078136;,
  -0.053769;0.863573;0.044647;,
  -0.048062;0.895317;0.043854;,
  -0.052386;0.853189;0.014050;,
  -0.059568;0.844450;-0.011450;,
  -0.048492;0.836634;-0.040246;,
  -0.064217;0.848689;0.010414;,
  -0.063554;0.853643;0.046387;,
  -0.054123;0.860205;0.088416;,
  -0.032078;0.862032;0.103390;,
  -0.000000;0.863615;0.114411;,
  0.032078;0.862032;0.103390;,
  0.054123;0.860205;0.088416;,
  0.063553;0.853643;0.046387;,
  0.064194;0.848689;0.010414;,
  0.059568;0.844450;-0.011450;,
  0.048492;0.836634;-0.040246;;
  158;
  3;0,1,2;,
  3;1,0,3;,
  3;3,4,1;,
  3;4,3,5;,
  3;5,6,4;,
  3;7,1,8;,
  3;1,7,2;,
  3;8,4,9;,
  3;4,8,1;,
  3;9,6,10;,
  3;6,9,4;,
  3;11,8,12;,
  3;8,11,7;,
  3;12,9,13;,
  3;9,12,8;,
  3;13,10,14;,
  3;10,13,9;,
  3;15,12,16;,
  3;12,15,11;,
  3;16,13,17;,
  3;13,16,12;,
  3;17,14,18;,
  3;14,17,13;,
  3;19,10,20;,
  3;10,19,14;,
  3;21,14,19;,
  3;14,21,18;,
  3;22,19,23;,
  3;19,22,21;,
  3;19,20,23;,
  3;10,6,20;,
  3;24,25,26;,
  3;27,28,29;,
  3;28,27,30;,
  3;31,30,27;,
  3;30,31,32;,
  3;26,32,31;,
  3;32,26,25;,
  3;33,34,35;,
  3;36,15,37;,
  3;15,36,11;,
  3;38,11,36;,
  3;11,38,7;,
  3;7,38,2;,
  3;32,25,39;,
  3;33,40,34;,
  3;40,33,41;,
  3;41,42,40;,
  3;42,41,43;,
  3;43,44,42;,
  3;44,43,45;,
  3;45,46,44;,
  3;46,45,47;,
  3;46,48,49;,
  3;48,46,47;,
  3;50,51,52;,
  3;51,50,53;,
  3;52,54,55;,
  3;54,52,51;,
  3;55,54,6;,
  3;56,51,53;,
  3;51,56,57;,
  3;57,54,51;,
  3;54,57,58;,
  3;58,6,54;,
  3;6,58,59;,
  3;60,57,56;,
  3;57,60,61;,
  3;61,58,57;,
  3;58,61,62;,
  3;62,59,58;,
  3;59,62,63;,
  3;64,61,60;,
  3;61,64,65;,
  3;65,62,61;,
  3;62,65,66;,
  3;66,63,62;,
  3;63,66,67;,
  3;68,59,63;,
  3;59,68,20;,
  3;69,63,67;,
  3;63,69,68;,
  3;22,68,69;,
  3;68,22,23;,
  3;68,23,20;,
  3;59,20,6;,
  3;70,71,72;,
  3;73,74,75;,
  3;74,73,76;,
  3;77,75,78;,
  3;75,77,73;,
  3;71,78,72;,
  3;78,71,77;,
  3;79,80,81;,
  3;82,64,60;,
  3;64,82,83;,
  3;84,60,56;,
  3;60,84,82;,
  3;56,53,84;,
  3;78,85,72;,
  3;80,86,87;,
  3;86,80,79;,
  3;87,88,89;,
  3;88,87,86;,
  3;89,90,91;,
  3;90,89,88;,
  3;91,92,93;,
  3;92,91,90;,
  3;92,48,93;,
  3;48,92,49;,
  3;24,34,25;,
  3;34,24,35;,
  3;25,94,39;,
  3;94,25,34;,
  3;39,95,96;,
  3;95,39,94;,
  3;96,97,98;,
  3;97,96,95;,
  3;98,99,100;,
  3;99,98,97;,
  3;100,101,102;,
  3;101,100,99;,
  3;102,103,104;,
  3;103,102,101;,
  3;104,105,106;,
  3;105,104,103;,
  3;106,107,108;,
  3;107,106,105;,
  3;108,109,85;,
  3;109,108,107;,
  3;85,79,72;,
  3;79,85,109;,
  3;72,81,70;,
  3;81,72,79;,
  3;83,110,64;,
  3;110,83,111;,
  3;64,112,65;,
  3;112,64,110;,
  3;65,113,66;,
  3;113,65,112;,
  3;66,114,67;,
  3;114,66,113;,
  3;67,115,69;,
  3;115,67,114;,
  3;69,116,22;,
  3;116,69,115;,
  3;22,117,21;,
  3;117,22,116;,
  3;21,118,18;,
  3;118,21,117;,
  3;18,119,17;,
  3;119,18,118;,
  3;17,120,16;,
  3;120,17,119;,
  3;16,121,15;,
  3;121,16,120;,
  3;15,122,37;,
  3;122,15,121;;

  MeshNormals {
   123;
   -0.603401;0.726119;-0.329635;,
   -0.042953;0.951838;-0.303579;,
   0.288222;0.885042;-0.365553;,
   -0.540413;0.818727;-0.194011;,
   0.028660;0.997999;-0.056370;,
   -0.407843;0.905213;-0.119392;,
   0.000000;0.961338;0.275370;,
   0.758898;0.505880;-0.410072;,
   0.679185;0.664400;-0.311898;,
   0.619260;0.784058;0.042079;,
   0.454332;0.682758;0.572210;,
   0.916548;0.178634;-0.357812;,
   0.918497;0.334699;-0.210570;,
   0.918130;0.374679;0.129050;,
   0.745076;0.265207;0.611986;,
   0.944067;0.006464;-0.329692;,
   0.993275;0.011365;-0.115217;,
   0.985047;0.003386;0.172254;,
   0.781054;0.036209;0.623413;,
   0.343398;0.208506;0.915753;,
   -0.000000;0.599582;0.800314;,
   0.387510;0.067939;0.919359;,
   0.011011;0.115450;0.993252;,
   -0.000000;0.201315;0.979527;,
   -0.990782;-0.020668;-0.133880;,
   -0.979758;-0.176090;-0.095219;,
   -0.885329;-0.265299;-0.381850;,
   -0.409222;-0.754417;-0.513217;,
   -0.008052;-0.870898;-0.491398;,
   -0.379862;-0.686039;-0.620528;,
   -0.216409;-0.870276;-0.442477;,
   -0.685271;-0.581981;-0.437837;,
   -0.705885;-0.617796;-0.346490;,
   -0.134815;-0.947929;0.288540;,
   -0.744252;-0.633504;0.211571;,
   -0.981509;-0.160475;0.104346;,
   0.877229;0.108406;-0.467673;,
   0.905902;0.000743;-0.423486;,
   0.789431;0.417119;-0.450345;,
   -0.985829;-0.158007;0.056356;,
   -0.242743;-0.924121;0.295087;,
   -0.330183;-0.910489;0.248978;,
   -0.666683;-0.743084;-0.057974;,
   -0.667435;-0.743888;-0.034075;,
   -0.282783;-0.958585;-0.033897;,
   -0.243066;-0.969727;-0.023418;,
   -0.132303;-0.982202;-0.133322;,
   -0.137630;-0.978148;-0.155836;,
   0.000000;-0.993201;-0.116409;,
   0.000000;-0.996241;-0.086623;,
   0.603401;0.726119;-0.329635;,
   0.042953;0.951838;-0.303579;,
   0.540413;0.818727;-0.194011;,
   -0.288222;0.885042;-0.365553;,
   -0.028660;0.997999;-0.056370;,
   0.407843;0.905213;-0.119392;,
   -0.758898;0.505880;-0.410072;,
   -0.679185;0.664400;-0.311898;,
   -0.619260;0.784058;0.042079;,
   -0.454332;0.682758;0.572210;,
   -0.899734;0.210166;-0.382504;,
   -0.912316;0.349417;-0.213512;,
   -0.915588;0.379460;0.133075;,
   -0.745076;0.265207;0.611986;,
   -0.936429;-0.015509;-0.350515;,
   -0.996194;0.006843;-0.086893;,
   -0.982431;0.017333;0.185822;,
   -0.777373;0.060302;0.626142;,
   -0.343398;0.208506;0.915753;,
   -0.388032;0.087416;0.917491;,
   0.954007;0.095179;-0.284276;,
   0.885329;-0.265299;-0.381851;,
   0.984766;-0.151088;-0.086077;,
   0.409222;-0.754417;-0.513217;,
   0.008052;-0.870898;-0.491398;,
   0.216409;-0.870276;-0.442477;,
   0.379862;-0.686039;-0.620528;,
   0.685271;-0.581982;-0.437837;,
   0.705910;-0.617813;-0.346407;,
   0.717397;-0.651327;0.247216;,
   0.134792;-0.947912;0.288607;,
   0.969080;-0.244226;0.035180;,
   -0.856767;0.131414;-0.498679;,
   -0.883188;-0.045968;-0.466761;,
   -0.789431;0.417119;-0.450345;,
   0.990219;-0.133945;0.039065;,
   0.242736;-0.924129;0.295069;,
   0.330156;-0.910487;0.249021;,
   0.666650;-0.743095;-0.058192;,
   0.667402;-0.743908;-0.034285;,
   0.282779;-0.958586;-0.033900;,
   0.243065;-0.969727;-0.023420;,
   0.132303;-0.982202;-0.133322;,
   0.137630;-0.978148;-0.155836;,
   -0.993483;-0.069554;0.090296;,
   -0.980836;-0.149051;-0.125476;,
   -0.975842;-0.155803;-0.153162;,
   -0.791977;-0.103507;-0.601714;,
   -0.790537;-0.076381;-0.607633;,
   -0.396523;-0.045232;-0.916910;,
   -0.391200;-0.030594;-0.919797;,
   -0.009711;-0.001339;-0.999952;,
   -0.010656;-0.002046;-0.999941;,
   0.402706;-0.034803;-0.914667;,
   0.400178;-0.045214;-0.915321;,
   0.780608;-0.076000;-0.620383;,
   0.775162;-0.101135;-0.623615;,
   0.985002;-0.158334;-0.068571;,
   0.982342;-0.152637;-0.108196;,
   0.991366;-0.098504;0.086549;,
   -0.947480;-0.093444;-0.305860;,
   -0.935689;-0.031151;-0.351448;,
   -0.986399;-0.140082;-0.085994;,
   -0.984990;-0.098401;0.141816;,
   -0.828276;0.001216;0.560320;,
   -0.437539;0.064089;0.896913;,
   0.019963;0.154165;0.987843;,
   0.436679;0.101876;0.893830;,
   0.839229;0.050210;0.541455;,
   0.987814;-0.059394;0.143862;,
   0.991481;-0.098384;-0.085354;,
   0.955180;-0.078251;-0.285495;,
   0.928753;-0.051234;-0.367143;;
   158;
   3;0,1,2;,
   3;1,0,3;,
   3;3,4,1;,
   3;4,3,5;,
   3;5,6,4;,
   3;7,1,8;,
   3;1,7,2;,
   3;8,4,9;,
   3;4,8,1;,
   3;9,6,10;,
   3;6,9,4;,
   3;11,8,12;,
   3;8,11,7;,
   3;12,9,13;,
   3;9,12,8;,
   3;13,10,14;,
   3;10,13,9;,
   3;15,12,16;,
   3;12,15,11;,
   3;16,13,17;,
   3;13,16,12;,
   3;17,14,18;,
   3;14,17,13;,
   3;19,10,20;,
   3;10,19,14;,
   3;21,14,19;,
   3;14,21,18;,
   3;22,19,23;,
   3;19,22,21;,
   3;19,20,23;,
   3;10,6,20;,
   3;24,25,26;,
   3;27,28,29;,
   3;28,27,30;,
   3;31,30,27;,
   3;30,31,32;,
   3;26,32,31;,
   3;32,26,25;,
   3;33,34,35;,
   3;36,15,37;,
   3;15,36,11;,
   3;38,11,36;,
   3;11,38,7;,
   3;7,38,2;,
   3;32,25,39;,
   3;33,40,34;,
   3;40,33,41;,
   3;41,42,40;,
   3;42,41,43;,
   3;43,44,42;,
   3;44,43,45;,
   3;45,46,44;,
   3;46,45,47;,
   3;46,48,49;,
   3;48,46,47;,
   3;50,51,52;,
   3;51,50,53;,
   3;52,54,55;,
   3;54,52,51;,
   3;55,54,6;,
   3;56,51,53;,
   3;51,56,57;,
   3;57,54,51;,
   3;54,57,58;,
   3;58,6,54;,
   3;6,58,59;,
   3;60,57,56;,
   3;57,60,61;,
   3;61,58,57;,
   3;58,61,62;,
   3;62,59,58;,
   3;59,62,63;,
   3;64,61,60;,
   3;61,64,65;,
   3;65,62,61;,
   3;62,65,66;,
   3;66,63,62;,
   3;63,66,67;,
   3;68,59,63;,
   3;59,68,20;,
   3;69,63,67;,
   3;63,69,68;,
   3;22,68,69;,
   3;68,22,23;,
   3;68,23,20;,
   3;59,20,6;,
   3;70,71,72;,
   3;73,74,75;,
   3;74,73,76;,
   3;77,75,78;,
   3;75,77,73;,
   3;71,78,72;,
   3;78,71,77;,
   3;79,80,81;,
   3;82,64,60;,
   3;64,82,83;,
   3;84,60,56;,
   3;60,84,82;,
   3;56,53,84;,
   3;78,85,72;,
   3;80,86,87;,
   3;86,80,79;,
   3;87,88,89;,
   3;88,87,86;,
   3;89,90,91;,
   3;90,89,88;,
   3;91,92,93;,
   3;92,91,90;,
   3;92,48,93;,
   3;48,92,49;,
   3;24,34,25;,
   3;34,24,35;,
   3;25,94,39;,
   3;94,25,34;,
   3;39,95,96;,
   3;95,39,94;,
   3;96,97,98;,
   3;97,96,95;,
   3;98,99,100;,
   3;99,98,97;,
   3;100,101,102;,
   3;101,100,99;,
   3;102,103,104;,
   3;103,102,101;,
   3;104,105,106;,
   3;105,104,103;,
   3;106,107,108;,
   3;107,106,105;,
   3;108,109,85;,
   3;109,108,107;,
   3;85,79,72;,
   3;79,85,109;,
   3;72,81,70;,
   3;81,72,79;,
   3;83,110,64;,
   3;110,83,111;,
   3;64,112,65;,
   3;112,64,110;,
   3;65,113,66;,
   3;113,65,112;,
   3;66,114,67;,
   3;114,66,113;,
   3;67,115,69;,
   3;115,67,114;,
   3;69,116,22;,
   3;116,69,115;,
   3;22,117,21;,
   3;117,22,116;,
   3;21,118,18;,
   3;118,21,117;,
   3;18,119,17;,
   3;119,18,118;,
   3;17,120,16;,
   3;120,17,119;,
   3;16,121,15;,
   3;121,16,120;,
   3;15,122,37;,
   3;122,15,121;;
  }

  MeshMaterialList {
   1;
   158;
   0,
   0,
   0,
   0,
   0,
   0,
   0,
   0,
   0,
   0,
   0,
   0,
   0,
   0,
   0,
   0,
   0,
   0,
   0,
   0,
   0,
   0,
   0,
   0,
   0,
   0,
   0,
   0,
   0,
   0,
   0,
   0,
   0,
   0,
   0,
   0,
   0,
   0,
   0,
   0,
   0,
   0,
   0,
   0,
   0,
   0,
   0,
   0,
   0,
   0,
   0,
   0,
   0,
   0,
   0,
   0,
   0,
   0,
   0,
   0,
   0,
   0,
   0,
   0,
   0,
   0,
   0,
   0,
   0,
   0,
   0,
   0,
   0,
   0,
   0,
   0,
   0,
   0,
   0,
   0,
   0,
   0,
   0,
   0,
   0,
   0,
   0,
   0,
   0,
   0,
   0,
   0,
   0,
   0,
   0,
   0,
   0,
   0,
   0,
   0,
   0,
   0,
   0,
   0,
   0,
   0,
   0,
   0,
   0,
   0,
   0,
   0,
   0,
   0,
   0,
   0,
   0,
   0,
   0,
   0,
   0,
   0,
   0,
   0,
   0,
   0,
   0,
   0,
   0,
   0,
   0,
   0,
   0,
   0,
   0,
   0,
   0,
   0,
   0,
   0,
   0,
   0,
   0,
   0,
   0,
   0,
   0,
   0,
   0,
   0,
   0,
   0,
   0,
   0,
   0,
   0,
   0,
   0;
   { _09_-_Defaultaaa }
  }

  MeshTextureCoords c1 {
   123;
   0.050840;0.049895;,
   0.128975;0.065172;,
   0.056952;0.082461;,
   0.129376;0.037781;,
   0.202001;0.060199;,
   0.199129;0.034747;,
   0.383406;0.052462;,
   0.088338;0.137229;,
   0.139644;0.120638;,
   0.214517;0.108613;,
   0.336420;0.104830;,
   0.107647;0.185545;,
   0.153886;0.172757;,
   0.229039;0.153931;,
   0.301087;0.164378;,
   0.108710;0.239253;,
   0.155289;0.238852;,
   0.226808;0.237139;,
   0.294908;0.235132;,
   0.348981;0.170974;,
   0.379811;0.116436;,
   0.340022;0.236144;,
   0.385867;0.237190;,
   0.382720;0.174433;,
   0.055229;0.244022;,
   0.092180;0.258725;,
   0.054479;0.194545;,
   0.056952;0.082461;,
   0.100074;0.042301;,
   0.050840;0.049895;,
   0.100088;0.072106;,
   0.063754;0.142766;,
   0.088338;0.137229;,
   0.106833;0.285267;,
   0.099725;0.312409;,
   0.057651;0.279315;,
   0.054479;0.194545;,
   0.055229;0.244022;,
   0.063754;0.142766;,
   0.153016;0.254799;,
   0.156495;0.316992;,
   0.157113;0.286244;,
   0.228386;0.316293;,
   0.225732;0.290898;,
   0.298224;0.316561;,
   0.296536;0.282149;,
   0.343958;0.315437;,
   0.341419;0.281924;,
   0.383465;0.281653;,
   0.386300;0.318305;,
   0.755416;0.039387;,
   0.678531;0.058241;,
   0.676038;0.030905;,
   0.751784;0.072209;,
   0.605138;0.056625;,
   0.606028;0.031105;,
   0.723226;0.128472;,
   0.672165;0.114145;,
   0.596440;0.105403;,
   0.437275;0.104305;,
   0.707552;0.177687;,
   0.661956;0.166967;,
   0.586031;0.151536;,
   0.482400;0.162005;,
   0.710275;0.231436;,
   0.665064;0.233145;,
   0.593314;0.234831;,
   0.489693;0.231480;,
   0.428555;0.167605;,
   0.439786;0.231588;,
   0.752121;0.233727;,
   0.757840;0.184585;,
   0.720350;0.247356;,
   0.751784;0.072209;,
   0.705200;0.034021;,
   0.703870;0.063073;,
   0.755416;0.039387;,
   0.746789;0.132951;,
   0.708620;0.124374;,
   0.709388;0.309787;,
   0.711760;0.287539;,
   0.756634;0.287851;,
   0.757840;0.184585;,
   0.752121;0.233727;,
   0.746789;0.132951;,
   0.668458;0.248968;,
   0.665249;0.313206;,
   0.663333;0.288043;,
   0.595870;0.317950;,
   0.596175;0.285905;,
   0.502605;0.318525;,
   0.495884;0.284481;,
   0.451273;0.317288;,
   0.448879;0.285070;,
   0.156495;0.316992;,
   0.228386;0.316293;,
   0.226808;0.237139;,
   0.298224;0.316561;,
   0.294908;0.235132;,
   0.343958;0.315437;,
   0.340022;0.236144;,
   0.386300;0.318305;,
   0.385867;0.237190;,
   0.451273;0.317288;,
   0.439786;0.231588;,
   0.502605;0.318525;,
   0.489693;0.231480;,
   0.595870;0.317950;,
   0.593314;0.234831;,
   0.665249;0.313206;,
   0.711760;0.287539;,
   0.756634;0.287851;,
   0.663333;0.288043;,
   0.596175;0.285905;,
   0.495884;0.284481;,
   0.448879;0.285070;,
   0.383465;0.281653;,
   0.341419;0.281924;,
   0.296536;0.282149;,
   0.225732;0.290898;,
   0.157113;0.286244;,
   0.106833;0.285267;,
   0.057651;0.279315;;
  }

  XSkinMeshHeader {
   1;
   1;
   1;
  }

  SkinWeights {
   "Bip01_Head";
   123;
   0,
   1,
   2,
   3,
   4,
   5,
   6,
   7,
   8,
   9,
   10,
   11,
   12,
   13,
   14,
   15,
   16,
   17,
   18,
   19,
   20,
   21,
   22,
   23,
   24,
   25,
   26,
   27,
   28,
   29,
   30,
   31,
   32,
   33,
   34,
   35,
   36,
   37,
   38,
   39,
   40,
   41,
   42,
   43,
   44,
   45,
   46,
   47,
   48,
   49,
   50,
   51,
   52,
   53,
   54,
   55,
   56,
   57,
   58,
   59,
   60,
   61,
   62,
   63,
   64,
   65,
   66,
   67,
   68,
   69,
   70,
   71,
   72,
   73,
   74,
   75,
   76,
   77,
   78,
   79,
   80,
   81,
   82,
   83,
   84,
   85,
   86,
   87,
   88,
   89,
   90,
   91,
   92,
   93,
   94,
   95,
   96,
   97,
   98,
   99,
   100,
   101,
   102,
   103,
   104,
   105,
   106,
   107,
   108,
   109,
   110,
   111,
   112,
   113,
   114,
   115,
   116,
   117,
   118,
   119,
   120,
   121,
   122;
   1.000000,
   1.000000,
   1.000000,
   1.000000,
   1.000000,
   1.000000,
   1.000000,
   1.000000,
   1.000000,
   1.000000,
   1.000000,
   1.000000,
   1.000000,
   1.000000,
   1.000000,
   1.000000,
   1.000000,
   1.000000,
   1.000000,
   1.000000,
   1.000000,
   1.000000,
   1.000000,
   1.000000,
   1.000000,
   1.000000,
   1.000000,
   1.000000,
   1.000000,
   1.000000,
   1.000000,
   1.000000,
   1.000000,
   1.000000,
   1.000000,
   1.000000,
   1.000000,
   1.000000,
   1.000000,
   1.000000,
   1.000000,
   1.000000,
   1.000000,
   1.000000,
   1.000000,
   1.000000,
   1.000000,
   1.000000,
   1.000000,
   1.000000,
   1.000000,
   1.000000,
   1.000000,
   1.000000,
   1.000000,
   1.000000,
   1.000000,
   1.000000,
   1.000000,
   1.000000,
   1.000000,
   1.000000,
   1.000000,
   1.000000,
   1.000000,
   1.000000,
   1.000000,
   1.000000,
   1.000000,
   1.000000,
   1.000000,
   1.000000,
   1.000000,
   1.000000,
   1.000000,
   1.000000,
   1.000000,
   1.000000,
   1.000000,
   1.000000,
   1.000000,
   1.000000,
   1.000000,
   1.000000,
   1.000000,
   1.000000,
   1.000000,
   1.000000,
   1.000000,
   1.000000,
   1.000000,
   1.000000,
   1.000000,
   1.000000,
   1.000000,
   1.000000,
   1.000000,
   1.000000,
   1.000000,
   1.000000,
   1.000000,
   1.000000,
   1.000000,
   1.000000,
   1.000000,
   1.000000,
   1.000000,
   1.000000,
   1.000000,
   1.000000,
   1.000000,
   1.000000,
   1.000000,
   1.000000,
   1.000000,
   1.000000,
   1.000000,
   1.000000,
   1.000000,
   1.000000,
   1.000000,
   1.000000,
   1.000000;
   0.000000,1.000000,-0.000001,0.000000,1.000000,-0.000000,0.000001,0.000000,0.000001,-0.000001,-1.000000,0.000000,-0.824644,0.000000,0.030645,1.000000;;
  }
 }
}

AnimTicksPerSecond  {
 4800;
}

AnimationSet Bob_Walk {
 

 Animation {
  
  { Dummy01 }

  AnimationKey S {
   1;
   2;
   0;3;1.000000,1.000000,1.000000;;,
   3200;3;1.000000,1.000000,1.000000;;;
  }

  AnimationKey R {
   0;
   2;
   0;4;0.707107,0.707107,0.000000,0.000000;;,
   3200;4;0.707107,0.707107,0.000000,0.000000;;;
  }

  AnimationKey T {
   2;
   2;
   0;3;0.000000,0.000000,0.000000;;,
   3200;3;0.000000,0.000000,0.000000;;;
  }
 }

 Animation {
  
  { Bip01 }

  AnimationKey S {
   1;
   2;
   0;3;1.000000,1.000000,1.000000;;,
   3200;3;1.000000,1.000000,1.000000;;;
  }

  AnimationKey R {
   0;
   21;
   0;4;0.515802,-0.436315,-0.562899,-0.476154;;,
   160;4;0.517441,-0.437578,-0.561533,-0.474828;;,
   320;4;0.521626,-0.440871,-0.557927,-0.471441;;,
   480;4;0.527247,-0.445573,-0.552691,-0.466912;;,
   640;4;0.533452,-0.451064,-0.546445,-0.461918;;,
   800;4;0.539863,-0.456672,-0.539862,-0.456671;;,
   960;4;0.546445,-0.461919,-0.533451,-0.451064;;,
   1120;4;0.552691,-0.466914,-0.527246,-0.445574;;,
   1280;4;0.557926,-0.471443,-0.521624,-0.440872;;,
   1440;4;0.561532,-0.474830,-0.517438,-0.437580;;,
   1600;4;0.562897,-0.476157,-0.515800,-0.436316;;,
   1760;4;0.561532,-0.474830,-0.517438,-0.437580;;,
   1920;4;0.557926,-0.471443,-0.521624,-0.440872;;,
   2080;4;0.552691,-0.466914,-0.527246,-0.445574;;,
   2240;4;0.546445,-0.461919,-0.533451,-0.451064;;,
   2400;4;0.539863,-0.456672,-0.539862,-0.456671;;,
   2560;4;0.533452,-0.451064,-0.546445,-0.461918;;,
   2720;4;0.527247,-0.445573,-0.552691,-0.466912;;,
   2880;4;0.521626,-0.440871,-0.557927,-0.471441;;,
   3040;4;0.517441,-0.437578,-0.561533,-0.474828;;,
   3200;4;0.515802,-0.436315,-0.562899,-0.476154;;;
  }

  AnimationKey T {
   2;
   21;
   0;3;-0.010000,-0.012284,0.490453;;,
   160;3;-0.010708,-0.012284,0.491858;;,
   320;3;-0.010749,-0.012284,0.495223;;,
   480;3;-0.010016,-0.012284,0.499328;;,
   640;3;-0.008388,-0.012284,0.502988;;,
   800;3;-0.005725,-0.012284,0.504988;;,
   960;3;-0.002280,-0.012284,0.504002;;,
   1120;3;0.001356,-0.012284,0.500588;;,
   1280;3;0.004842,-0.012284,0.496226;;,
   1440;3;0.007841,-0.012284,0.492357;;,
   1600;3;0.010000,-0.012284,0.490453;;,
   1760;3;0.011004,-0.012284,0.491604;;,
   1920;3;0.010933,-0.012284,0.494934;;,
   2080;3;0.009946,-0.012284,0.499131;;,
   2240;3;0.008187,-0.012284,0.502917;;,
   2400;3;0.005782,-0.012284,0.504988;;,
   2560;3;0.002869,-0.012284,0.503948;;,
   2720;3;-0.000359,-0.012284,0.500406;;,
   2880;3;-0.003707,-0.012284,0.495943;;,
   3040;3;-0.006986,-0.012284,0.492100;;,
   3200;3;-0.010000,-0.012284,0.490453;;;
  }
 }

 Animation {
  
  { Bip01_Pelvis }

  AnimationKey S {
   1;
   2;
   0;3;1.000000,1.000000,1.000000;;,
   3200;3;1.000000,1.000000,1.000000;;;
  }

  AnimationKey R {
   0;
   21;
   0;4;0.500001,-0.499999,-0.500000,-0.500000;;,
   160;4;0.502878,-0.497105,-0.502877,-0.497106;;,
   320;4;0.506123,-0.493801,-0.506123,-0.493802;;,
   480;4;0.509152,-0.490677,-0.509152,-0.490678;;,
   640;4;0.511400,-0.488334,-0.511399,-0.488335;;,
   800;4;0.512285,-0.487405,-0.512285,-0.487406;;,
   960;4;0.511605,-0.488119,-0.511605,-0.488120;;,
   1120;4;0.509768,-0.490038,-0.509767,-0.490039;;,
   1280;4;0.507050,-0.492849,-0.507049,-0.492850;;,
   1440;4;0.503710,-0.496263,-0.503709,-0.496263;;,
   1600;4;0.500001,-0.499999,-0.500000,-0.500000;;,
   1760;4;0.496198,-0.503773,-0.496197,-0.503774;;,
   1920;4;0.492628,-0.507265,-0.492627,-0.507266;;,
   2080;4;0.489628,-0.510161,-0.489627,-0.510162;;,
   2240;4;0.487550,-0.512148,-0.487549,-0.512149;;,
   2400;4;0.486768,-0.512891,-0.486767,-0.512892;;,
   2560;4;0.487745,-0.511962,-0.487744,-0.511963;;,
   2720;4;0.490207,-0.509605,-0.490207,-0.509605;;,
   2880;4;0.493490,-0.506426,-0.493489,-0.506427;;,
   3040;4;0.496961,-0.503020,-0.496961,-0.503021;;,
   3200;4;0.500001,-0.499999,-0.500000,-0.500000;;;
  }

  AnimationKey T {
   2;
   2;
   0;3;0.000000,0.000000,0.000000;;,
   3200;3;0.000000,0.000000,0.000000;;;
  }
 }

 Animation {
  
  { Bip01_Spine }

  AnimationKey S {
   1;
   2;
   0;3;1.000000,1.000000,1.000000;;,
   3200;3;1.000000,1.000000,1.000000;;;
  }

  AnimationKey R {
   0;
   21;
   0;4;0.996164,-0.000002,-0.087504,-0.000001;;,
   160;4;0.996148,0.000503,-0.087503,-0.005750;;,
   320;4;0.996089,0.001076,-0.087498,-0.012274;;,
