xof 0303txt 0032
template ColorRGBA {
 <35ff44e0-6c7c-11cf-8f52-0040333594a3>
 FLOAT red;
 FLOAT green;
 FLOAT blue;
 FLOAT alpha;
}

template ColorRGB {
 <d3e16e81-7835-11cf-8f52-0040333594a3>
 FLOAT red;
 FLOAT green;
 FLOAT blue;
}

template Material {
 <3d82ab4d-62da-11cf-ab39-0020af71e433>
 ColorRGBA faceColor;
 FLOAT power;
 ColorRGB specularColor;
 ColorRGB emissiveColor;
 [...]
}

template TextureFilename {
 <a42790e1-7810-11cf-8f52-0040333594a3>
 STRING filename;
}

template Frame {
 <3d82ab46-62da-11cf-ab39-0020af71e433>
 [...]
}

template Matrix4x4 {
 <f6f23f45-7686-11cf-8f52-0040333594a3>
 array FLOAT matrix[16];
}

template FrameTransformMatrix {
 <f6f23f41-7686-11cf-8f52-0040333594a3>
 Matrix4x4 frameMatrix;
}

template Vector {
 <3d82ab5e-62da-11cf-ab39-0020af71e433>
 FLOAT x;
 FLOAT y;
 FLOAT z;
}

template MeshFace {
 <3d82ab5f-62da-11cf-ab39-0020af71e433>
 DWORD nFaceVertexIndices;
 array DWORD faceVertexIndices[nFaceVertexIndices];
}

template Mesh {
 <3d82ab44-62da-11cf-ab39-0020af71e433>
 DWORD nVertices;
 array Vector vertices[nVertices];
 DWORD nFaces;
 array MeshFace faces[nFaces];
 [...]
}

template MeshNormals {
 <f6f23f43-7686-11cf-8f52-0040333594a3>
 DWORD nNormals;
 array Vector normals[nNormals];
 DWORD nFaceNormals;
 array MeshFace faceNormals[nFaceNormals];
}

template MeshMaterialList {
 <f6f23f42-7686-11cf-8f52-0040333594a3>
 DWORD nMaterials;
 DWORD nFaceIndexes;
 array DWORD faceIndexes[nFaceIndexes];
 [Material <3d82ab4d-62da-11cf-ab39-0020af71e433>]
}

template Coords2d {
 <f6f23f44-7686-11cf-8f52-0040333594a3>
 FLOAT u;
 FLOAT v;
}

template MeshTextureCoords {
 <f6f23f40-7686-11cf-8f52-0040333594a3>
 DWORD nTextureCoords;
 array Coords2d textureCoords[nTextureCoords];
}

template XSkinMeshHeader {
 <3cf169ce-ff7c-44ab-93c0-f78f62d172e2>
 WORD nMaxSkinWeightsPerVertex;
 WORD nMaxSkinWeightsPerFace;
 WORD nBones;
}

template SkinWeights {
 <6f0d123b-bad2-4167-a0d0-80224f25fabb>
 STRING transformNodeName;
 DWORD nWeights;
 array DWORD vertexIndices[nWeights];
 array FLOAT weights[nWeights];
 Matrix4x4 matrixOffset;
}

template AnimTicksPerSecond {
 <9e415a43-7ba6-4a73-8743-b73d47e88476>
 DWORD AnimTicksPerSecond;
}

template Animation {
 <3d82ab4f-62da-11cf-ab39-0020af71e433>
 [...]
}

template AnimationSet {
 <3d82ab50-62da-11cf-ab39-0020af71e433>
 [Animation <3d82ab4f-62da-11cf-ab39-0020af71e433>]
}

template FloatKeys {
 <10dd46a9-775b-11cf-8f52-0040333594a3>
 DWORD nValues;
 array FLOAT values[nValues];
}

template TimedFloatKeys {
 <f406b180-7b3b-11cf-8f52-0040333594a3>
 DWORD time;
 FloatKeys tfkeys;
}

template AnimationKey {
 <10dd46a8-775b-11cf-8f52-0040333594a3>
 DWORD keyType;
 DWORD nKeys;
 array TimedFloatKeys keys[nKeys];
}


Material _13_-_Defaultsss {
 1.000000;1.000000;1.000000;1.000000;;
 9.999999;
 0.000000;0.000000;0.000000;;
 0.000000;0.000000;0.000000;;

 TextureFilename {
  "curly02.png";
 }
}

Frame Dummy01 {
 

 FrameTransformMatrix {
  1.000000,0.000000,0.000000,0.000000,0.000000,-0.000000,-1.000000,0.000000,0.000000,1.000000,-0.000000,0.000000,0.000000,0.000000,0.000000,1.000000;;
 }

 Frame Bip01 {
  

  FrameTransformMatrix {
   -0.087155,0.982405,-0.165183,0.000000,-0.000001,0.165814,0.986157,0.000000,0.996195,0.085949,-0.014450,0.000000,-0.010000,-0.012284,0.490453,1.000000;;
  }

  Frame Bip01_Pelvis {
   

   FrameTransformMatrix {
    0.000000,1.000000,-0.000001,0.000000,-0.000001,0.000001,1.000000,0.000000,1.000000,0.000000,0.000001,0.000000,0.000000,0.000000,0.000000,1.000000;;
   }

   Frame Bip01_Spine {
    

    FrameTransformMatrix {
     0.984686,0.000002,-0.174337,0.000000,-0.000001,1.000000,0.000004,0.000000,0.174337,-0.000004,0.984686,0.000000,0.051619,0.000000,-0.000083,1.000000;;
    }

    Frame Bip01_Spine1 {
     

     FrameTransformMatrix {
      0.997819,0.052687,0.039774,0.000000,-0.044862,0.983198,-0.176942,0.000000,-0.048428,0.174771,0.983417,0.000000,0.106484,-0.000015,-0.000083,1.000000;;
     }

     Frame Bip01_Neck {
      

      FrameTransformMatrix {
       0.966067,-0.020835,0.257451,0.000000,0.025191,0.999590,-0.013632,0.000000,-0.257061,0.019655,0.966195,0.000000,0.130511,-0.000001,0.004626,1.000000;;
      }

      Frame Bip01_Head {
       

       FrameTransformMatrix {
        0.989321,-0.051753,-0.136255,0.000000,0.064251,0.993958,0.088989,0.000000,0.130826,-0.096793,0.986669,0.000000,0.033674,-0.000000,-0.000000,1.000000;;
       }

       Frame Bip01_HeadNub {
        

        FrameTransformMatrix {
         1.000000,-0.000000,-0.000000,0.000000,-0.000000,1.000000,0.000000,0.000000,0.000000,-0.000000,1.000000,0.000000,0.169824,0.000000,0.000000,1.000000;;
        }
       }
      }

      Frame Bip01_L_Clavicle {
       

       FrameTransformMatrix {
        -0.205975,0.976135,0.068811,0.000000,0.943873,0.216738,-0.249254,0.000000,-0.258220,0.013609,-0.965990,0.000000,-0.024734,0.015166,0.002017,1.000000;;
       }

       Frame Bip01_L_UpperArm {
        

        FrameTransformMatrix {
         0.385871,-0.777669,0.496320,0.000000,0.922466,0.332598,-0.196046,0.000000,-0.012616,0.533487,0.845714,0.000000,0.087086,-0.000000,-0.000000,1.000000;;
        }

        Frame Bip01_L_Forearm {
         

         FrameTransformMatrix {
          0.943939,0.000000,-0.330119,0.000000,0.000000,1.000000,-0.000000,0.000000,0.330119,-0.000000,0.943939,0.000000,0.137062,0.000000,0.000000,1.000000;;
         }

         Frame Bip01_L_Hand {
          

          FrameTransformMatrix {
           1.000000,-0.000000,0.000000,0.000000,0.000000,0.000796,1.000000,0.000000,0.000000,-1.000000,0.000796,0.000000,0.137062,0.000000,0.000000,1.000000;;
          }

          Frame Bip01_L_Finger0 {
           

           FrameTransformMatrix {
            0.690342,-0.181727,0.700288,0.000000,0.558537,0.749101,-0.356210,0.000000,-0.459853,0.637043,0.618637,0.000000,0.057681,-0.023605,-0.000272,1.000000;;
           }

           Frame Bip01_L_Finger0Nub {
            

            FrameTransformMatrix {
             1.000000,0.000000,0.000000,0.000000,0.000000,1.000000,0.000000,0.000000,-0.000000,0.000000,1.000000,0.000000,0.029435,-0.000000,-0.000000,1.000000;;
            }
           }
          }

          Frame Bip01_L_Finger1 {
           

           FrameTransformMatrix {
            0.728079,-0.000546,0.685493,0.000000,0.000000,1.000000,0.000796,0.000000,-0.685493,-0.000580,0.728079,0.000000,0.084102,0.000000,0.000000,1.000000;;
           }

           Frame Bip01_L_Finger1Nub {
            

            FrameTransformMatrix {
             1.000000,0.000000,0.000000,0.000000,-0.000000,1.000000,-0.000000,0.000000,-0.000000,0.000000,1.000000,0.000000,0.047988,0.000000,-0.000000,1.000000;;
            }
           }
          }
         }
        }
       }
      }

      Frame Bip01_R_Clavicle {
       

       FrameTransformMatrix {
        -0.028509,-0.999573,-0.006461,0.000000,-0.965665,0.025871,0.258498,0.000000,-0.258220,0.013609,-0.965990,0.000000,-0.024080,-0.016250,0.001399,1.000000;;
       }

       Frame Bip01_R_UpperArm {
        

        FrameTransformMatrix {
         0.221390,0.975047,0.016433,0.000000,-0.974986,0.221654,-0.016512,0.000000,-0.019742,-0.012366,0.999729,0.000000,0.087086,0.000000,0.000000,1.000000;;
        }

        Frame Bip01_R_Forearm {
         

         FrameTransformMatrix {
          0.915660,-0.000000,-0.401954,0.000000,-0.000000,1.000000,-0.000000,0.000000,0.401954,-0.000000,0.915660,0.000000,0.137062,0.000000,0.000000,1.000000;;
         }

         Frame Bip01_R_Hand {
          

          FrameTransformMatrix {
           0.975195,-0.000000,-0.221346,0.000000,-0.221346,0.000796,-0.975195,0.000000,0.000176,1.000000,0.000777,0.000000,0.137062,-0.000000,0.000000,1.000000;;
          }

          Frame Bip01_R_Finger0 {
           

           FrameTransformMatrix {
            0.417774,-0.116941,0.900994,0.000000,-0.558537,0.749101,0.356210,0.000000,-0.716591,-0.652054,0.247639,0.000000,0.057681,0.023605,-0.000272,1.000000;;
           }

           Frame Bip01_R_Finger0Nub {
            

            FrameTransformMatrix {
             -1.000000,-0.000000,0.000000,0.000000,-0.000000,1.000000,0.000000,0.000000,-0.000000,0.000000,-1.000000,0.000000,0.029435,-0.000000,0.000000,1.000000;;
            }
           }
          }

          Frame Bip01_R_Finger1 {
           

           FrameTransformMatrix {
            0.352436,0.000745,0.935835,0.000000,0.000000,1.000000,-0.000796,0.000000,-0.935836,0.000281,0.352436,0.000000,0.084102,0.000000,0.000000,1.000000;;
           }

           Frame Bip01_R_Finger1Nub {
            

            FrameTransformMatrix {
             -1.000000,0.000000,0.000000,0.000000,0.000000,1.000000,-0.000000,0.000000,0.000000,-0.000000,-1.000000,0.000000,0.047988,0.000000,0.000000,1.000000;;
            }
           }
          }
         }
        }
       }
      }
     }

     Frame Bip01_BackPack {
      

      FrameTransformMatrix {
       0.180560,0.080500,-0.980264,0.000000,0.047560,0.994764,0.090451,0.000000,0.982413,-0.062954,0.175786,0.000000,0.063697,0.000003,-0.088856,1.000000;;
      }

      Frame Bip01_BackPackNub {
       

       FrameTransformMatrix {
        0.000796,0.000003,1.000000,0.000000,0.000000,-1.000000,0.000003,0.000000,1.000000,-0.000000,-0.000796,0.000000,0.053240,0.000000,0.000000,1.000000;;
       }
      }
     }
    }

    Frame Bip01_L_Thigh {
     

     FrameTransformMatrix {
      -0.888504,0.030427,0.457858,0.000000,-0.032107,-0.999476,0.004114,0.000000,0.457744,-0.011045,0.889016,0.000000,-0.050843,0.055225,-0.008917,1.000000;;
     }

     Frame Bip01_L_Calf {
      

      FrameTransformMatrix {
       0.942235,-0.000000,-0.334952,0.000000,-0.000000,1.000000,-0.000000,0.000000,0.334952,-0.000000,0.942235,0.000000,0.237500,0.000000,-0.000000,1.000000;;
      }

      Frame Bip01_L_Foot {
       

       FrameTransformMatrix {
        0.924325,-0.026487,0.380687,0.000000,-0.068962,0.969570,0.234901,0.000000,-0.375325,-0.243378,0.894371,0.000000,0.206841,0.000000,0.000000,1.000000;;
       }

       Frame Bip01_L_Toe0 {
        

        FrameTransformMatrix {
         0.000000,0.000000,1.000000,0.000000,0.000000,1.000000,-0.000000,0.000000,-1.000000,0.000000,0.000000,0.000000,0.065373,0.000000,0.066450,1.000000;;
        }

        Frame Bip01_L_Toe0Nub {
         

         FrameTransformMatrix {
          -1.000000,0.000000,0.000000,0.000000,0.000000,1.000000,0.000000,0.000000,0.000000,0.000000,-1.000000,0.000000,0.006735,-0.000000,-0.000000,1.000000;;
         }
        }
       }
      }
     }
    }

    Frame Bip01_R_Thigh {
     

     FrameTransformMatrix {
      -0.996965,0.030321,-0.071704,0.000000,-0.029454,-0.999480,-0.013113,0.000000,-0.072065,-0.010961,0.997340,0.000000,-0.050843,-0.055225,-0.008917,1.000000;;
     }

     Frame Bip01_R_Calf {
      

      FrameTransformMatrix {
       0.730239,0.000000,-0.683192,0.000000,0.000000,1.000000,0.000000,0.000000,0.683192,0.000000,0.730239,0.000000,0.237500,0.000000,0.000000,1.000000;;
      }

      Frame Bip01_R_Foot {
       

       FrameTransformMatrix {
        0.991957,0.087165,-0.091782,0.000000,-0.093276,0.993546,-0.064539,0.000000,0.085565,0.072581,0.993685,0.000000,0.206841,0.000000,0.000000,1.000000;;
       }

       Frame Bip01_R_Toe0 {
        

        FrameTransformMatrix {
         0.000000,0.000000,1.000000,0.000000,0.000000,1.000000,-0.000000,0.000000,-1.000000,0.000000,0.000000,0.000000,0.065373,0.000000,0.066450,1.000000;;
        }

        Frame Bip01_R_Toe0Nub {
         

         FrameTransformMatrix {
          1.000000,0.000000,0.000000,0.000000,0.000000,1.000000,-0.000000,0.000000,-0.000000,-0.000000,1.000000,0.000000,0.006735,-0.000000,-0.000000,1.000000;;
         }
        }
       }
      }
     }
    }
   }

   Frame Bip01_DressFront {
    

    FrameTransformMatrix {
     -0.880185,-0.088339,0.466338,0.000000,0.121847,0.907542,0.401896,0.000000,-0.458725,0.410564,-0.788041,0.000000,-0.043935,0.001339,0.061057,1.000000;;
    }

    Frame Bip01_DressFront02 {
     

     FrameTransformMatrix {
      0.912593,0.000001,0.408870,0.000000,-0.000001,1.000000,-0.000000,0.000000,-0.408870,-0.000000,0.912593,0.000000,0.183378,-0.000000,-0.000120,1.000000;;
     }

     Frame Bip01_DressFrontNub {
      

      FrameTransformMatrix {
       0.000796,0.000003,1.000000,0.000000,0.000000,-1.000000,0.000003,0.000000,1.000000,0.000000,-0.000796,0.000000,0.165302,0.000000,0.000000,1.000000;;
      }
     }
    }
   }

   Frame Bip01_DressBack {
    

    FrameTransformMatrix {
     -0.886023,0.038029,0.462080,0.000000,0.191625,0.937561,0.290274,0.000000,-0.422190,0.345735,-0.837988,0.000000,-0.047673,-0.000048,-0.078302,1.000000;;
    }

    Frame Bip01_DressBack02 {
     

     FrameTransformMatrix {
      0.936852,0.174932,-0.302833,0.000000,-0.166408,0.984581,0.053939,0.000000,0.307600,-0.000139,0.951516,0.000000,0.176125,0.000000,-0.000103,1.000000;;
     }

     Frame Bip01_DressBackNub {
      

      FrameTransformMatrix {
       0.000796,0.000003,1.000000,0.000000,0.000000,-1.000000,0.000003,0.000000,1.000000,0.000000,-0.000796,0.000000,0.136508,0.000000,0.000000,1.000000;;
      }
     }
    }
   }
  }

  Frame Bip01_Prop1 {
   

   FrameTransformMatrix {
    -0.233929,-0.108090,0.966227,0.000000,0.687222,0.684611,0.242967,0.000000,-0.687752,0.720849,-0.085868,0.000000,0.076452,-0.048658,-0.145664,1.000000;;
   }
  }

  Frame Bip01_Prop2 {
   

   FrameTransformMatrix {
    -0.163643,-0.967062,0.194966,0.000000,0.985576,-0.168906,-0.010564,0.000000,0.043147,0.190425,0.980753,0.000000,-0.138405,-0.102098,0.114818,1.000000;;
   }
  }
 }
}

Frame Translation_Data {
 

 FrameTransformMatrix {
  -0.000000,0.000000,-1.000000,0.000000,-1.000000,-0.000000,0.000000,0.000000,-0.000000,1.000000,0.000000,0.000000,0.000000,-0.000000,0.000000,1.000000;;
 }
}

Frame Bob_Hair_ShortHatCurly {
 

 FrameTransformMatrix {
  1.000000,0.000000,0.000000,0.000000,0.000000,1.000000,0.000000,0.000000,0.000000,0.000000,1.000000,0.000000,0.000000,0.000000,0.000000,1.000000;;
 }

 Mesh Bob_Hair_ShortHatCurly {
  85;
  0.047411;0.865513;0.053908;,
  0.029546;0.846877;0.068574;,
  0.035202;0.844062;0.043280;,
  0.035246;0.866093;0.074866;,
  0.030401;0.976915;0.025423;,
  0.000000;0.971270;-0.006806;,
  -0.000000;0.981888;0.025892;,
  0.057787;0.910659;0.026678;,
  0.047706;0.946190;0.004141;,
  0.050813;0.956643;0.026804;,
  0.053554;0.911575;0.006393;,
  0.060832;0.911878;0.043089;,
  0.048085;0.955761;0.061181;,
  0.057863;0.907364;0.058807;,
  0.042267;0.906899;0.088723;,
  -0.000000;0.906899;0.102379;,
  0.034888;0.951905;0.082555;,
  -0.000000;0.949043;0.095070;,
  0.032230;0.957036;-0.017393;,
  0.035000;0.942272;-0.015470;,
  0.041324;0.966081;0.024954;,
  0.043539;0.965862;0.053888;,
  -0.000000;0.966514;0.083491;,
  0.000000;0.840327;0.079747;,
  -0.000000;0.866275;0.086738;,
  0.054028;0.888892;0.005514;,
  0.058293;0.890105;0.020760;,
  0.044542;0.864323;0.038938;,
  0.027269;0.832058;0.025953;,
  0.027954;0.976235;0.062209;,
  0.000000;0.954734;-0.029658;,
  -0.000000;0.941045;-0.030284;,
  -0.000000;0.978799;0.067524;,
  0.033539;0.854566;0.042206;,
  0.028722;0.856963;0.063749;,
  0.044188;0.941546;-0.000620;,
  0.049169;0.912065;0.005670;,
  0.052774;0.911285;0.028067;,
  0.055368;0.912323;0.042044;,
  0.033367;0.939785;-0.009396;,
  0.000000;0.859079;0.073264;,
  0.049573;0.885582;0.005056;,
  0.053205;0.886616;0.023027;,
  0.026782;0.844342;0.027449;,
  0.041493;0.871822;0.038509;,
  -0.000000;0.935769;-0.021084;,
  -0.047411;0.865513;0.053908;,
  -0.029546;0.846877;0.068574;,
  -0.035246;0.866093;0.074866;,
  -0.035202;0.844062;0.043280;,
  -0.030401;0.976915;0.025423;,
  -0.000000;0.981888;0.025892;,
  0.000000;0.971270;-0.006806;,
  -0.057787;0.910659;0.026678;,
  -0.047706;0.946190;0.004141;,
  -0.053554;0.911575;0.006393;,
  -0.052415;0.956643;0.026804;,
  -0.048085;0.955761;0.061181;,
  -0.060832;0.911878;0.043089;,
  -0.057863;0.907364;0.058807;,
  -0.042267;0.906899;0.088723;,
  -0.034888;0.951905;0.082555;,
  -0.032230;0.957036;-0.017393;,
  -0.035000;0.942272;-0.015470;,
  -0.044482;0.966081;0.024954;,
  -0.043539;0.965862;0.053888;,
  -0.054028;0.888892;0.005514;,
  -0.058293;0.890105;0.020760;,
  -0.044542;0.864323;0.038938;,
  -0.027269;0.832058;0.025953;,
  -0.027954;0.976235;0.062209;,
  0.000000;0.954734;-0.029658;,
  -0.000000;0.941045;-0.030284;,
  -0.033539;0.854566;0.042206;,
  -0.028722;0.856963;0.063749;,
  -0.044188;0.941546;-0.000620;,
  -0.049169;0.912065;0.005670;,
  -0.052774;0.911285;0.028067;,
  -0.055368;0.912323;0.042044;,
  -0.033367;0.939785;-0.009396;,
  -0.049573;0.885582;0.005056;,
  -0.053205;0.886616;0.023027;,
  -0.026782;0.844342;0.027449;,
  -0.041493;0.871822;0.038509;,
  -0.000000;0.935769;-0.021084;;
  134;
  3;0,1,2;,
  3;1,0,3;,
  3;4,5,6;,
  3;7,8,9;,
  3;8,7,10;,
  3;11,12,13;,
  3;11,9,12;,
  3;7,9,11;,
  3;3,13,14;,
  3;13,3,0;,
  3;15,16,17;,
  3;16,15,14;,
  3;18,8,19;,
  3;20,12,9;,
  3;12,20,21;,
  3;16,22,17;,
  3;18,9,8;,
  3;9,18,20;,
  3;23,3,24;,
  3;3,23,1;,
  3;24,14,15;,
  3;14,24,3;,
  3;16,13,12;,
  3;13,16,14;,
  3;21,16,12;,
  3;25,7,26;,
  3;7,25,10;,
  3;2,27,0;,
  3;27,2,28;,
  3;0,11,13;,
  3;11,0,27;,
  3;4,21,20;,
  3;21,4,29;,
  3;30,5,18;,
  3;19,30,18;,
  3;30,19,31;,
  3;22,29,32;,
  3;29,6,32;,
  3;6,29,4;,
  3;20,5,4;,
  3;5,20,18;,
  3;29,16,21;,
  3;22,16,29;,
  3;1,33,2;,
  3;33,1,34;,
  3;10,35,8;,
  3;35,10,36;,
  3;11,37,7;,
  3;37,11,38;,
  3;8,39,19;,
  3;39,8,35;,
  3;23,34,1;,
  3;34,23,40;,
  3;25,36,10;,
  3;36,25,41;,
  3;26,41,25;,
  3;41,26,42;,
  3;7,42,26;,
  3;42,7,37;,
  3;2,43,28;,
  3;43,2,33;,
  3;28,44,27;,
  3;44,28,43;,
  3;27,38,11;,
  3;38,27,44;,
  3;19,45,31;,
  3;45,19,39;,
  3;46,47,48;,
  3;47,46,49;,
  3;50,51,52;,
  3;53,54,55;,
  3;54,53,56;,
  3;57,58,59;,
  3;56,58,57;,
  3;53,58,56;,
  3;48,59,46;,
  3;59,48,60;,
  3;15,61,60;,
  3;61,15,17;,
  3;62,63,54;,
  3;64,57,65;,
  3;57,64,56;,
  3;61,17,22;,
  3;62,56,64;,
  3;56,62,54;,
  3;23,48,47;,
  3;48,23,24;,
  3;24,60,48;,
  3;60,24,15;,
  3;61,59,60;,
  3;59,61,57;,
  3;65,57,61;,
  3;66,53,55;,
  3;53,66,67;,
  3;49,68,69;,
  3;68,49,46;,
  3;46,58,68;,
  3;58,46,59;,
  3;50,65,70;,
  3;65,50,64;,
  3;71,62,52;,
  3;63,71,72;,
  3;71,63,62;,
  3;22,32,70;,
  3;70,51,50;,
  3;51,70,32;,
  3;64,52,62;,
  3;52,64,50;,
  3;70,65,61;,
  3;22,70,61;,
  3;47,73,74;,
  3;73,47,49;,
  3;55,75,76;,
  3;75,55,54;,
  3;58,77,78;,
  3;77,58,53;,
  3;54,79,75;,
  3;79,54,63;,
  3;23,74,40;,
  3;74,23,47;,
  3;66,76,80;,
  3;76,66,55;,
  3;67,80,81;,
  3;80,67,66;,
  3;53,81,77;,
  3;81,53,67;,
  3;49,82,73;,
  3;82,49,69;,
  3;69,83,82;,
  3;83,69,68;,
  3;68,78,83;,
  3;78,68,58;,
  3;63,84,79;,
  3;84,63,72;;

  MeshNormals {
   85;
   0.905908;-0.384615;0.177206;,
   0.231864;-0.961343;0.148520;,
   0.045886;-0.966105;0.254038;,
   0.612373;-0.352272;0.707746;,
   0.458664;0.848772;-0.263084;,
   0.004078;0.897781;-0.440423;,
   -0.000000;0.991715;-0.128455;,
   0.945654;-0.264998;0.188452;,
   0.880820;0.234964;-0.411032;,
   0.875642;0.472280;-0.101006;,
   0.728104;0.035083;-0.684568;,
   0.962642;-0.185088;-0.197642;,
   0.847135;0.405093;0.343893;,
   0.943582;-0.062680;0.325152;,
   0.641390;-0.069363;0.764073;,
   0.000000;-0.088742;0.996055;,
   0.553775;0.393682;0.733722;,
   -0.000000;0.346743;0.937960;,
   0.542340;0.490325;-0.682238;,
   0.596679;-0.486598;-0.638120;,
   0.669695;0.713105;-0.207339;,
   0.774454;0.614071;0.152109;,
   0.000000;0.670794;0.741643;,
   0.000000;-0.977428;0.211268;,
   -0.000000;-0.316174;0.948701;,
   0.671530;-0.332037;-0.662419;,
   0.893585;-0.383091;0.233980;,
   0.785554;-0.192594;-0.588058;,
   -0.270735;-0.853479;-0.445281;,
   0.390502;0.851457;0.350043;,
   -0.000000;0.414448;-0.910073;,
   -0.000000;-0.441358;-0.897331;,
   0.000000;0.924953;0.380081;,
   -0.985299;-0.147138;0.086808;,
   -0.746365;-0.314123;-0.586742;,
   0.640397;0.233176;-0.731792;,
   0.147777;-0.087117;-0.985176;,
   0.069486;-0.791171;0.607635;,
   0.062958;-0.756125;-0.651392;,
   0.435111;-0.851075;-0.293853;,
   0.000000;-0.326720;-0.945121;,
   0.494151;-0.601595;-0.627614;,
   0.614028;-0.674845;0.409335;,
   -0.548764;0.079629;-0.832177;,
   0.260863;0.050809;-0.964038;,
   0.000000;-0.877103;-0.480302;,
   -0.905908;-0.384615;0.177206;,
   -0.231863;-0.961344;0.148520;,
   -0.612373;-0.352272;0.707746;,
   -0.045886;-0.966105;0.254038;,
   -0.415441;0.878307;-0.236613;,
   -0.000000;0.991715;-0.128455;,
   0.004078;0.897781;-0.440423;,
   -0.943035;-0.278365;0.182203;,
   -0.877048;0.207679;-0.433193;,
   -0.728104;0.035083;-0.684568;,
   -0.902202;0.418789;-0.103183;,
   -0.840913;0.400529;0.363925;,
   -0.962168;-0.195330;-0.189944;,
   -0.943582;-0.062680;0.325152;,
   -0.641390;-0.069363;0.764073;,
   -0.553775;0.393682;0.733722;,
   -0.537715;0.483919;-0.690424;,
   -0.596679;-0.486598;-0.638120;,
   -0.671394;0.718205;-0.182789;,
   -0.744254;0.639457;0.192822;,
   -0.671529;-0.332037;-0.662419;,
   -0.893585;-0.383091;0.233980;,
   -0.785554;-0.192594;-0.588058;,
   0.270734;-0.853479;-0.445283;,
   -0.390502;0.851457;0.350043;,
   -0.000000;0.414448;-0.910073;,
   -0.000000;-0.441358;-0.897331;,
   0.985299;-0.147138;0.086808;,
   0.746365;-0.314123;-0.586742;,
   -0.640398;0.233176;-0.731792;,
   -0.147777;-0.087118;-0.985176;,
   -0.069486;-0.791171;0.607635;,
   -0.062958;-0.756125;-0.651392;,
   -0.435111;-0.851075;-0.293853;,
   -0.494151;-0.601595;-0.627614;,
   -0.614028;-0.674845;0.409335;,
   0.548764;0.079629;-0.832177;,
   -0.260863;0.050809;-0.964038;,
   0.000000;-0.877103;-0.480302;;
   134;
   3;0,1,2;,
   3;1,0,3;,
   3;4,5,6;,
   3;7,8,9;,
   3;8,7,10;,
   3;11,12,13;,
   3;11,9,12;,
   3;7,9,11;,
   3;3,13,14;,
   3;13,3,0;,
   3;15,16,17;,
   3;16,15,14;,
   3;18,8,19;,
   3;20,12,9;,
   3;12,20,21;,
   3;16,22,17;,
   3;18,9,8;,
   3;9,18,20;,
   3;23,3,24;,
   3;3,23,1;,
   3;24,14,15;,
   3;14,24,3;,
   3;16,13,12;,
   3;13,16,14;,
   3;21,16,12;,
   3;25,7,26;,
   3;7,25,10;,
   3;2,27,0;,
   3;27,2,28;,
   3;0,11,13;,
   3;11,0,27;,
   3;4,21,20;,
   3;21,4,29;,
   3;30,5,18;,
   3;19,30,18;,
   3;30,19,31;,
   3;22,29,32;,
   3;29,6,32;,
   3;6,29,4;,
   3;20,5,4;,
   3;5,20,18;,
   3;29,16,21;,
   3;22,16,29;,
   3;1,33,2;,
   3;33,1,34;,
   3;10,35,8;,
   3;35,10,36;,
   3;11,37,7;,
   3;37,11,38;,
   3;8,39,19;,
   3;39,8,35;,
   3;23,34,1;,
   3;34,23,40;,
   3;25,36,10;,
   3;36,25,41;,
   3;26,41,25;,
   3;41,26,42;,
   3;7,42,26;,
   3;42,7,37;,
   3;2,43,28;,
   3;43,2,33;,
   3;28,44,27;,
   3;44,28,43;,
   3;27,38,11;,
   3;38,27,44;,
   3;19,45,31;,
   3;45,19,39;,
   3;46,47,48;,
   3;47,46,49;,
   3;50,51,52;,
   3;53,54,55;,
   3;54,53,56;,
   3;57,58,59;,
   3;56,58,57;,
   3;53,58,56;,
   3;48,59,46;,
   3;59,48,60;,
   3;15,61,60;,
   3;61,15,17;,
   3;62,63,54;,
   3;64,57,65;,
   3;57,64,56;,
   3;61,17,22;,
   3;62,56,64;,
   3;56,62,54;,
   3;23,48,47;,
   3;48,23,24;,
   3;24,60,48;,
   3;60,24,15;,
   3;61,59,60;,
   3;59,61,57;,
   3;65,57,61;,
   3;66,53,55;,
   3;53,66,67;,
   3;49,68,69;,
   3;68,49,46;,
   3;46,58,68;,
   3;58,46,59;,
   3;50,65,70;,
   3;65,50,64;,
   3;71,62,52;,
   3;63,71,72;,
   3;71,63,62;,
   3;22,32,70;,
   3;70,51,50;,
   3;51,70,32;,
   3;64,52,62;,
   3;52,64,50;,
   3;70,65,61;,
   3;22,70,61;,
   3;47,73,74;,
   3;73,47,49;,
   3;55,75,76;,
   3;75,55,54;,
   3;58,77,78;,
   3;77,58,53;,
   3;54,79,75;,
   3;79,54,63;,
   3;23,74,40;,
   3;74,23,47;,
   3;66,76,80;,
   3;76,66,55;,
   3;67,80,81;,
   3;80,67,66;,
   3;53,81,77;,
   3;81,53,67;,
   3;49,82,73;,
   3;82,49,69;,
   3;69,83,82;,
   3;83,69,68;,
   3;68,78,83;,
   3;78,68,58;,
   3;63,84,79;,
   3;84,63,72;;
  }

  MeshMaterialList {
   1;
   134;
   0,
   0,
   0,
   0,
   0,
   0,
   0,
   0,
   0,
   0,
   0,
   0,
   0,
   0,
   0,
   0,
   0,
   0,
   0,
   0,
   0,
   0,
   0,
   0,
   0,
   0,
   0,
   0,
   0,
   0,
   0,
   0,
   0,
   0,
   0,
   0,
   0,
   0,
   0,
   0,
   0,
   0,
   0,
   0,
   0,
   0,
   0,
   0,
   0,
   0,
   0,
   0,
   0,
   0,
   0,
   0,
   0,
   0,
   0,
   0,
   0,
   0,
   0,
   0,
   0,
   0,
   0,
   0,
   0,
   0,
   0,
   0,
   0,
   0,
   0,
   0,
   0,
   0,
   0,
   0,
   0,
   0,
   0,
   0,
   0,
   0,
   0,
   0,
   0,
   0,
   0,
   0,
   0,
   0,
   0,
   0,
   0,
   0,
   0,
   0,
   0,
   0,
   0,
   0,
   0,
   0,
   0,
   0,
   0,
   0,
   0,
   0,
   0,
   0,
   0,
   0,
   0,
   0,
   0,
   0,
   0,
   0,
   0,
   0,
   0,
   0,
   0,
   0,
   0,
   0,
   0,
   0,
   0,
   0;
   { _13_-_Defaultsss }
  }

  MeshTextureCoords c1 {
   85;
   0.302863;0.790050;,
   0.385291;0.848915;,
   0.305840;0.869575;,
   0.373245;0.788186;,
   0.307528;0.414080;,
   0.250059;0.300973;,
   0.360121;0.341208;,
   0.193258;0.610940;,
   0.184502;0.469519;,
   0.254767;0.487633;,
   0.144846;0.566123;,
   0.236562;0.647786;,
   0.335473;0.529339;,
   0.279176;0.663311;,
   0.368619;0.670510;,
   0.483320;0.671912;,
   0.392587;0.551530;,
   0.483616;0.557552;,
   0.176192;0.384992;,
   0.144973;0.409909;,
   0.274999;0.449318;,
   0.336487;0.491739;,
   0.483773;0.499003;,
   0.482971;0.852892;,
   0.483118;0.785428;,
   0.102119;0.614416;,
   0.136565;0.640671;,
   0.260429;0.802181;,
   0.261175;0.908576;,
   0.392946;0.464441;,
   0.161251;0.289460;,
   0.119376;0.301219;,
   0.484005;0.431090;,
   0.324266;0.898847;,
   0.384347;0.883264;,
   0.162765;0.464642;,
   0.136097;0.555778;,
   0.194565;0.625063;,
   0.221274;0.656966;,
   0.134083;0.422778;,
   0.482812;0.903227;,
   0.087598;0.618486;,
   0.131104;0.657329;,
   0.262620;0.900646;,
   0.239305;0.787932;,
   0.094007;0.321603;,
   0.663456;0.791104;,
   0.580727;0.849672;,
   0.593001;0.789035;,
   0.660181;0.870585;,
   0.660694;0.414430;,
   0.608745;0.341349;,
   0.719960;0.301719;,
   0.774124;0.613177;,
   0.784504;0.471670;,
   0.823136;0.568832;,
   0.713935;0.490747;,
   0.631869;0.530369;,
   0.730346;0.649351;,
   0.687467;0.664612;,
   0.597933;0.671314;,
   0.574652;0.552027;,
   0.793320;0.386932;,
   0.824353;0.412201;,
   0.695755;0.456021;,
   0.631063;0.492485;,
   0.865243;0.617648;,
   0.830496;0.643513;,
   0.705827;0.803545;,
   0.704598;0.909916;,
   0.574742;0.464801;,
   0.809163;0.291491;,
   0.850946;0.303728;,
   0.641569;0.899766;,
   0.581483;0.883999;,
   0.806272;0.466995;,
   0.831989;0.558536;,
   0.772665;0.627259;,
   0.745559;0.658665;,
   0.835162;0.425185;,
   0.879714;0.621887;,
   0.835769;0.660232;,
   0.703169;0.901971;,
   0.727005;0.789427;,
   0.876130;0.324359;;
  }

  XSkinMeshHeader {
   1;
   1;
   1;
  }

  SkinWeights {
   "Bip01_Head";
   85;
   0,
   1,
   2,
   3,
   4,
   5,
   6,
   7,
   8,
   9,
   10,
   11,
   12,
   13,
   14,
   15,
   16,
   17,
   18,
   19,
   20,
   21,
   22,
   23,
   24,
   25,
   26,
   27,
   28,
   29,
   30,
   31,
   32,
   33,
   34,
   35,
   36,
   37,
   38,
   39,
   40,
   41,
   42,
   43,
   44,
   45,
   46,
   47,
   48,
   49,
   50,
   51,
   52,
   53,
   54,
   55,
   56,
   57,
   58,
   59,
   60,
   61,
   62,
   63,
   64,
   65,
   66,
   67,
   68,
   69,
   70,
   71,
   72,
   73,
   74,
   75,
   76,
   77,
   78,
   79,
   80,
   81,
   82,
   83,
   84;
   1.000000,
   1.000000,
   1.000000,
   1.000000,
   1.000000,
   1.000000,
   1.000000,
   1.000000,
   1.000000,
   1.000000,
   1.000000,
   1.000000,
   1.000000,
   1.000000,
   1.000000,
   1.000000,
   1.000000,
   1.000000,
   1.000000,
   1.000000,
   1.000000,
   1.000000,
   1.000000,
   1.000000,
   1.000000,
   1.000000,
   1.000000,
   1.000000,
   1.000000,
   1.000000,
   1.000000,
   1.000000,
   1.000000,
   1.000000,
   1.000000,
   1.000000,
   1.000000,
   1.000000,
   1.000000,
   1.000000,
   1.000000,
   1.000000,
   1.000000,
   1.000000,
   1.000000,
   1.000000,
   1.000000,
   1.000000,
   1.000000,
   1.000000,
   1.000000,
   1.000000,
   1.000000,
   1.000000,
   1.000000,
   1.000000,
   1.000000,
   1.000000,
   1.000000,
   1.000000,
   1.000000,
   1.000000,
   1.000000,
   1.000000,
   1.000000,
   1.000000,
   1.000000,
   1.000000,
   1.000000,
   1.000000,
   1.000000,
   1.000000,
   1.000000,
   1.000000,
   1.000000,
   1.000000,
   1.000000,
   1.000000,
   1.000000,
   1.000000,
   1.000000,
   1.000000,
   1.000000,
   1.000000,
   1.000000;
   0.000000,1.000000,-0.000001,0.000000,1.000000,-0.000000,0.000001,0.000000,0.000001,-0.000001,-1.000000,0.000000,-0.824644,0.000000,0.030645,1.000000;;
  }
 }
}

AnimTicksPerSecond  {
 4800;
}

AnimationSet Bob_Walk {
 

 Animation {
  
  { Dummy01 }

  AnimationKey S {
   1;
   2;
   0;3;1.000000,1.000000,1.000000;;,
   3200;3;1.000000,1.000000,1.000000;;;
  }

  AnimationKey R {
   0;
   2;
   0;4;0.707107,0.707107,0.000000,0.000000;;,
   3200;4;0.707107,0.707107,0.000000,0.000000;;;
  }

  AnimationKey T {
   2;
   2;
   0;3;0.000000,0.000000,0.000000;;,
   3200;3;0.000000,0.000000,0.000000;;;
  }
 }

 Animation {
  
  { Bip01 }

  AnimationKey S {
   1;
   2;
   0;3;1.000000,1.000000,1.000000;;,
   3200;3;1.000000,1.000000,1.000000;;;
  }

  AnimationKey R {
   0;
   21;
   0;4;0.515802,-0.436315,-0.562899,-0.476154;;,
   160;4;0.517441,-0.437578,-0.561533,-0.474828;;,
   320;4;0.521626,-0.440871,-0.557927,-0.471441;;,
   480;4;0.527247,-0.445573,-0.552691,-0.466912;;,
   640;4;0.533452,-0.451064,-0.546445,-0.461918;;,
   800;4;0.539863,-0.456672,-0.539862,-0.456671;;,
   960;4;0.546445,-0.461919,-0.533451,-0.451064;;,
   1120;4;0.552691,-0.466914,-0.527246,-0.445574;;,
   1280;4;0.557926,-0.471443,-0.521624,-0.440872;;,
   1440;4;0.561532,-0.474830,-0.517438,-0.437580;;,
   1600;4;0.562897,-0.476157,-0.515800,-0.436316;;,
   1760;4;0.561532,-0.474830,-0.517438,-0.437580;;,
   1920;4;0.557926,-0.471443,-0.521624,-0.440872;;,
   2080;4;0.552691,-0.466914,-0.527246,-0.445574;;,
   2240;4;0.546445,-0.461919,-0.533451,-0.451064;;,
   2400;4;0.539863,-0.456672,-0.539862,-0.456671;;,
   2560;4;0.533452,-0.451064,-0.546445,-0.461918;;,
   2720;4;0.527247,-0.445573,-0.552691,-0.466912;;,
   2880;4;0.521626,-0.440871,-0.557927,-0.471441;;,
   3040;4;0.517441,-0.437578,-0.561533,-0.474828;;,
   3200;4;0.515802,-0.436315,-0.562899,-0.476154;;;
  }

  AnimationKey T {
   2;
   21;
   0;3;-0.010000,-0.012284,0.490453;;,
   160;3;-0.010708,-0.012284,0.491858;;,
   320;3;-0.010749,-0.012284,0.495223;;,
   480;3;-0.010016,-0.012284,0.499328;;,
   640;3;-0.008388,-0.012284,0.502988;;,
   800;3;-0.005725,-0.012284,0.504988;;,
   960;3;-0.002280,-0.012284,0.504002;;,
   1120;3;0.001356,-0.012284,0.500588;;,
   1280;3;0.004842,-0.012284,0.496226;;,
   1440;3;0.007841,-0.012284,0.492357;;,
   1600;3;0.010000,-0.012284,0.490453;;,
   1760;3;0.011004,-0.012284,0.491604;;,
   1920;3;0.010933,-0.012284,0.494934;;,
   2080;3;0.009946,-0.012284,0.499131;;,
   2240;3;0.008187,-0.012284,0.502917;;,
   2400;3;0.005782,-0.012284,0.504988;;,
   2560;3;0.002869,-0.012284,0.503948;;,
   2720;3;-0.000359,-0.012284,0.500406;;,
   2880;3;-0.003707,-0.012284,0.495943;;,
   3040;3;-0.006986,-0.012284,0.492100;;,
   3200;3;-0.010000,-0.012284,0.490453;;;
  }
 }

 Animation {
  
  { Bip01_Pelvis }

  AnimationKey S {
   1;
   2;
   0;3;1.000000,1.000000,1.000000;;,
   3200;3;1.000000,1.000000,1.000000;;;
  }

  AnimationKey R {
   0;
   21;
   0;4;0.500001,-0.499999,-0.500000,-0.500000;;,
   160;4;0.502878,-0.497105,-0.502877,-0.497106;;,
   320;4;0.506123,-0.493801,-0.506123,-0.493802;;,
   480;4;0.509152,-0.490677,-0.509152,-0.490678;;,
   640;4;0.511400,-0.488334,-0.511399,-0.488335;;,
   800;4;0.512285,-0.487405,-0.512285,-0.487406;;,
   960;4;0.511605,-0.488119,-0.511605,-0.488120;;,
   1120;4;0.509768,-0.490038,-0.509767,-0.490039;;,
   1280;4;0.507050,-0.492849,-0.507049,-0.492850;;,
   1440;4;0.503710,-0.496263,-0.503709,-0.496263;;,
   1600;4;0.500001,-0.499999,-0.500000,-0.500000;;,
   1760;4;0.496198,-0.503773,-0.496197,-0.503774;;,
   1920;4;0.492628,-0.507265,-0.492627,-0.507266;;,
   2080;4;0.489628,-0.510161,-0.489627,-0.510162;;,
   2240;4;0.487550,-0.512148,-0.487549,-0.512149;;,
   2400;4;0.486768,-0.512891,-0.486767,-0.512892;;,
   2560;4;0.487745,-0.511962,-0.487744,-0.511963;;,
   2720;4;0.490207,-0.509605,-0.490207,-0.509605;;,
   2880;4;0.493490,-0.506426,-0.493489,-0.506427;;,
   3040;4;0.496961,-0.503020,-0.496961,-0.503021;;,
   3200;4;0.500001,-0.499999,-0.500000,-0.500000;;;
  }

  AnimationKey T {
   2;
   2;
   0;3;0.000000,0.000000,0.000000;;,
   3200;3;0.000000,0.000000,0.000000;;;
  }
 }

 Animation {
  
  { Bip01_Spine }

  AnimationKey S {
   1;
   2;
   0;3;1.000000,1.000000,1.000000;;,
   3200;3;1.000000,1.000000,1.000000;;;
  }

  AnimationKey R {
   0;
   21;
   0;4;0.996164,-0.000002,-0.087504,-0.000001;;,
   160;4;0.996148,0.000503,-0.087503,-0.005750;;,
   320;4;0.996089,0.001076,-0.087498,-0.012274;;,
   480;4;0.995994,0.001615,-0.087489,-0.018403;;,
   640;4;0.995899,0.002016,-0.087481,-0.022976;;,
   800;4;0.995856,0.002175,-0.087477,-0.024784;;,
   960;4;0.995889,0.002053,-0.087480,-0.023395;;,
   1120;4;0.995970,0.001724,-0.087487,-0.019653;;,
   1280;4;0.996064,0.001241,-0.087495,-0.014146;;,
   1440;4;0.996137,0.000650,-0.087502,-0.007418;;,
   1600;4;0.996164,-0.000002,-0.087504,-0.000001;;,
   1760;4;0.996136,-0.000665,-0.087502,0.007547;;,
   1920;4;0.996058,-0.001283,-0.087495,0.014582;;,
   2080;4;0.995954,-0.001799,-0.087486,0.020455;;,
   2240;4;0.995863,-0.002155,-0.087478,0.024505;;,
   2400;4;0.995824,-0.002288,-0.087474,0.026024;;,
   2560;4;0.995872,-0.002121,-0.087479,0.024125;;,
   2720;4;0.995977,-0.001699,-0.087488,0.019324;;,
   2880;4;0.996081,-0.001134,-0.087497,0.012888;;,
   3040;4;0.996146,-0.000532,-0.087503,0.006036;;,
   3200;4;0.996164,-0.000002,-0.087504,-0.000001;;;
  }

  AnimationKey T {
   2;
   21;
   0;3;0.051619,0.000000,-0.000083;;,
   160;3;0.051615,0.000596,-0.000083;;,
   320;3;0.051603,0.001272,-0.000083;;,
   480;3;0.051583,0.001907,-0.000083;;,
   640;3;0.051564,0.002380,-0.000083;;,
   800;3;0.051555,0.002568,-0.000083;;,
   960;3;0.051562,0.002424,-0.000083;;,
   1120;3;0.051578,0.002036,-0.000083;;,
   1280;3;0.051598,0.001466,-0.000083;;,
   1440;3;0.051613,0.000769,-0.000083;;,
   1600;3;0.051619,0.000000,-0.000083;;,
   1760;3;0.051613,-0.000782,-0.000083;;,
   1920;3;0.051596,-0.001511,-0.000083;;,
   2080;3;0.051575,-0.002119,-0.000083;;,
   2240;3;0.051556,-0.002539,-0.000083;;,
   2400;3;0.051548,-0.002696,-0.000083;;,
   2560;3;0.051558,-0.002499,-0.000083;;,
   2720;3;0.051580,-0.002002,-0.000083;;,
   2880;3;0.051601,-0.001335,-0.000083;;,
   3040;3;0.051615,-0.000626,-0.000083;;,
   3200;3;0.051619,0.000000,-0.000083;;;
  }
 }

 Animation {
  
  { Bip01_Spine1 }

  AnimationKey S {
   1;
   2;
   0;3;1.000000,1.000000,1.000000;;,
   3200;3;1.000000,1.000000,1.000000;;;
  }

  AnimationKey R {
   0;
   21;
   0;4;0.995544,0.088322,0.022149,-0.024497;;,
   160;4;0.996188,0.080990,0.022461,-0.023342;;,
   320;4;0.997602,0.062049,0.023185,-0.020083;;,
   480;4;0.998959,0.035809,0.023963,-0.014989;;,
   640;4;0.999646,0.006414,0.024470,-0.008307;;,
   800;4;0.999458,-0.021962,0.024504,-0.000285;;,
   960;4;0.998626,-0.045736,0.024053,0.008679;;,
   1120;4;0.997506,-0.064272,0.023267,0.017588;;,
   1280;4;0.996410,-0.077620,0.022385,0.025342;;,
   1440;4;0.995604,-0.085742,0.021679,0.030849;;,
   1600;4;0.995301,-0.088500,0.021398,0.032959;;,
   1760;4;0.995983,-0.081152,0.021844,0.030922;;,
   1920;4;0.997476,-0.062171,0.022843,0.025573;;,
   2080;4;0.998910,-0.035879,0.023856,0.017983;;,
   2240;4;0.999638,-0.006435,0.024464,0.009198;;,
   2400;4;0.999458,0.021962,0.024504,0.000284;;,
   2560;4;0.998634,0.045715,0.024093,-0.007788;;,
   2720;4;0.997554,0.064204,0.023459,-0.014597;;,
   2880;4;0.996534,0.077500,0.022812,-0.019859;;,
   3040;4;0.995809,0.085581,0.022331,-0.023273;;,
   3200;4;0.995544,0.088322,0.022149,-0.024497;;;
  }

  AnimationKey T {
   2;
   21;
   0;3;0.106484,-0.000015,-0.000083;;,
   160;3;0.106484,-0.000014,-0.000084;;,
   320;3;0.106484,-0.000010,-0.000084;;,
   480;3;0.106484,-0.000006,-0.000084;;,
   640;3;0.106484,-0.000001,-0.000085;;,
   800;3;0.106484,0.000004,-0.000085;;,
   960;3;0.106484,0.000008,-0.000084;;,
   1120;3;0.106484,0.000011,-0.000084;;,
   1280;3;0.106484,0.000013,-0.000084;;,
   1440;3;0.106484,0.000014,-0.000083;;,
   1600;3;0.106484,0.000015,-0.000083;;,
   1760;3;0.106484,0.000014,-0.000084;;,
   1920;3;0.106484,0.000010,-0.000084;;,
   2080;3;0.106484,0.000006,-0.000084;;,
   2240;3;0.106484,0.000001,-0.000085;;,
   2400;3;0.106484,-0.000004,-0.000085;;,
   2560;3;0.106484,-0.000008,-0.000084;;,
   2720;3;0.106484,-0.000011,-0.000084;;,
   2880;3;0.106484,-0.000013,-0.000084;;,
   3040;3;0.106484,-0.000014,-0.000083;;,
   3200;3;0.106484,-0.000015,-0.000083;;;
  }
 }

 Animation {
  
  { Bip01_Neck }

  AnimationKey S {
   1;
   2;
   0;3;1.000000,1.000000,1.000000;;,
   3200;3;1.000000,1.000000,1.000000;;;
  }

  AnimationKey R {
   0;
   21;
   0;4;0.991445,0.008393,0.129738,0.011606;;,
   160;4;0.991464,0.007504,0.129794,0.009788;;,
   320;4;0.991492,0.005405,0.129938,0.005493;;,
   480;4;0.991492,0.002912,0.130133,0.000384;;,
   640;4;0.991464,0.000816,0.130317,-0.003913;;,
   800;4;0.991445,-0.000071,0.130400,-0.005732;;,
   960;4;0.991452,-0.001175,0.130310,-0.006349;;,
   1120;4;0.991463,-0.003783,0.130101,-0.007806;;,
   1280;4;0.991463,-0.006884,0.129858,-0.009535;;,
   1440;4;0.991452,-0.009493,0.129659,-0.010988;;,
   1600;4;0.991445,-0.010598,0.129577,-0.011603;;,
   1760;4;0.991467,-0.009477,0.129647,-0.009786;;,
   1920;4;0.991498,-0.006832,0.129827,-0.005492;;,
   2080;4;0.991498,-0.003689,0.130070,-0.000385;;,
   2240;4;0.991467,-0.001047,0.130298,0.003912;;,
   2400;4;0.991445,0.000071,0.130400,0.005731;;,
   2560;4;0.991450,0.000944,0.130327,0.006348;;,
   2720;4;0.991458,0.003005,0.130158,0.007805;;,
   2880;4;0.991458,0.005457,0.129963,0.009536;;,
   3040;4;0.991450,0.007520,0.129804,0.010990;;,
   3200;4;0.991445,0.008393,0.129738,0.011606;;;
  }

  AnimationKey T {
   2;
   6;
   0;3;0.130511,-0.000001,0.004626;;,
   1280;3;0.130511,-0.000000,0.004626;;,
   1440;3;0.130511,0.000001,0.004626;;,
   2720;3;0.130511,0.000001,0.004626;;,
