xof 0303txt 0032
template ColorRGBA {
 <35ff44e0-6c7c-11cf-8f52-0040333594a3>
 FLOAT red;
 FLOAT green;
 FLOAT blue;
 FLOAT alpha;
}

template ColorRGB {
 <d3e16e81-7835-11cf-8f52-0040333594a3>
 FLOAT red;
 FLOAT green;
 FLOAT blue;
}

template Material {
 <3d82ab4d-62da-11cf-ab39-0020af71e433>
 ColorRGBA faceColor;
 FLOAT power;
 ColorRGB specularColor;
 ColorRGB emissiveColor;
 [...]
}

template TextureFilename {
 <a42790e1-7810-11cf-8f52-0040333594a3>
 STRING filename;
}

template Frame {
 <3d82ab46-62da-11cf-ab39-0020af71e433>
 [...]
}

template Matrix4x4 {
 <f6f23f45-7686-11cf-8f52-0040333594a3>
 array FLOAT matrix[16];
}

template FrameTransformMatrix {
 <f6f23f41-7686-11cf-8f52-0040333594a3>
 Matrix4x4 frameMatrix;
}

template Vector {
 <3d82ab5e-62da-11cf-ab39-0020af71e433>
 FLOAT x;
 FLOAT y;
 FLOAT z;
}

template MeshFace {
 <3d82ab5f-62da-11cf-ab39-0020af71e433>
 DWORD nFaceVertexIndices;
 array DWORD faceVertexIndices[nFaceVertexIndices];
}

template Mesh {
 <3d82ab44-62da-11cf-ab39-0020af71e433>
 DWORD nVertices;
 array Vector vertices[nVertices];
 DWORD nFaces;
 array MeshFace faces[nFaces];
 [...]
}

template MeshNormals {
 <f6f23f43-7686-11cf-8f52-0040333594a3>
 DWORD nNormals;
 array Vector normals[nNormals];
 DWORD nFaceNormals;
 array MeshFace faceNormals[nFaceNormals];
}

template MeshMaterialList {
 <f6f23f42-7686-11cf-8f52-0040333594a3>
 DWORD nMaterials;
 DWORD nFaceIndexes;
 array DWORD faceIndexes[nFaceIndexes];
 [Material <3d82ab4d-62da-11cf-ab39-0020af71e433>]
}

template Coords2d {
 <f6f23f44-7686-11cf-8f52-0040333594a3>
 FLOAT u;
 FLOAT v;
}

template MeshTextureCoords {
 <f6f23f40-7686-11cf-8f52-0040333594a3>
 DWORD nTextureCoords;
 array Coords2d textureCoords[nTextureCoords];
}

template XSkinMeshHeader {
 <3cf169ce-ff7c-44ab-93c0-f78f62d172e2>
 WORD nMaxSkinWeightsPerVertex;
 WORD nMaxSkinWeightsPerFace;
 WORD nBones;
}

template SkinWeights {
 <6f0d123b-bad2-4167-a0d0-80224f25fabb>
 STRING transformNodeName;
 DWORD nWeights;
 array DWORD vertexIndices[nWeights];
 array FLOAT weights[nWeights];
 Matrix4x4 matrixOffset;
}

template AnimTicksPerSecond {
 <9e415a43-7ba6-4a73-8743-b73d47e88476>
 DWORD AnimTicksPerSecond;
}

template Animation {
 <3d82ab4f-62da-11cf-ab39-0020af71e433>
 [...]
}

template AnimationSet {
 <3d82ab50-62da-11cf-ab39-0020af71e433>
 [Animation <3d82ab4f-62da-11cf-ab39-0020af71e433>]
}

template FloatKeys {
 <10dd46a9-775b-11cf-8f52-0040333594a3>
 DWORD nValues;
 array FLOAT values[nValues];
}

template TimedFloatKeys {
 <f406b180-7b3b-11cf-8f52-0040333594a3>
 DWORD time;
 FloatKeys tfkeys;
}

template AnimationKey {
 <10dd46a8-775b-11cf-8f52-0040333594a3>
 DWORD keyType;
 DWORD nKeys;
 array TimedFloatKeys keys[nKeys];
}


Material _09_-_Defaultaaa {
 1.000000;1.000000;1.000000;1.000000;;
 9.999999;
 0.000000;0.000000;0.000000;;
 0.000000;0.000000;0.000000;;

 TextureFilename {
  "F_Hair_White.png";
 }
}

Frame Dummy01 {
 

 FrameTransformMatrix {
  1.000000,0.000000,0.000000,0.000000,0.000000,-0.000000,-1.000000,0.000000,0.000000,1.000000,-0.000000,0.000000,0.000000,0.000000,0.000000,1.000000;;
 }

 Frame Bip01 {
  

  FrameTransformMatrix {
   -0.087155,0.982405,-0.165183,0.000000,-0.000001,0.165814,0.986157,0.000000,0.996195,0.085949,-0.014450,0.000000,-0.010000,-0.012284,0.490453,1.000000;;
  }

  Frame Bip01_Pelvis {
   

   FrameTransformMatrix {
    0.000000,1.000000,-0.000001,0.000000,-0.000001,0.000001,1.000000,0.000000,1.000000,0.000000,0.000001,0.000000,0.000000,0.000000,0.000000,1.000000;;
   }

   Frame Bip01_Spine {
    

    FrameTransformMatrix {
     0.984686,0.000002,-0.174337,0.000000,-0.000001,1.000000,0.000004,0.000000,0.174337,-0.000004,0.984686,0.000000,0.051619,0.000000,-0.000083,1.000000;;
    }

    Frame Bip01_Spine1 {
     

     FrameTransformMatrix {
      0.997819,0.052687,0.039774,0.000000,-0.044862,0.983198,-0.176942,0.000000,-0.048428,0.174771,0.983417,0.000000,0.106484,-0.000015,-0.000083,1.000000;;
     }

     Frame Bip01_Neck {
      

      FrameTransformMatrix {
       0.966067,-0.020835,0.257451,0.000000,0.025191,0.999590,-0.013632,0.000000,-0.257061,0.019655,0.966195,0.000000,0.130511,-0.000001,0.004626,1.000000;;
      }

      Frame Bip01_Head {
       

       FrameTransformMatrix {
        0.989321,-0.051753,-0.136255,0.000000,0.064251,0.993958,0.088989,0.000000,0.130826,-0.096793,0.986669,0.000000,0.033674,-0.000000,0.000000,1.000000;;
       }

       Frame Bip01_HeadNub {
        

        FrameTransformMatrix {
         1.000000,-0.000000,-0.000000,0.000000,-0.000000,1.000000,0.000000,0.000000,0.000000,-0.000000,1.000000,0.000000,0.169824,0.000000,-0.000000,1.000000;;
        }
       }
      }

      Frame Bip01_L_Clavicle {
       

       FrameTransformMatrix {
        -0.205975,0.976135,0.068811,0.000000,0.943873,0.216738,-0.249254,0.000000,-0.258220,0.013609,-0.965990,0.000000,-0.024734,0.015166,0.002017,1.000000;;
       }

       Frame Bip01_L_UpperArm {
        

        FrameTransformMatrix {
         0.385871,-0.777669,0.496320,0.000000,0.922466,0.332598,-0.196046,0.000000,-0.012616,0.533487,0.845714,0.000000,0.073469,0.000000,-0.000000,1.000000;;
        }

        Frame Bip01_L_Forearm {
         

         FrameTransformMatrix {
          0.943939,0.000000,-0.330119,0.000000,0.000000,1.000000,-0.000000,0.000000,0.330119,-0.000000,0.943939,0.000000,0.148340,0.000000,-0.000000,1.000000;;
         }

         Frame Bip01_L_Hand {
          

          FrameTransformMatrix {
           1.000000,-0.000000,0.000000,0.000000,0.000000,0.000796,1.000000,0.000000,0.000000,-1.000000,0.000796,0.000000,0.131860,-0.000000,0.000000,1.000000;;
          }

          Frame Bip01_L_Finger0 {
           

           FrameTransformMatrix {
            0.690342,-0.181727,0.700288,0.000000,0.558537,0.749101,-0.356210,0.000000,-0.459853,0.637043,0.618637,0.000000,0.057681,-0.023605,-0.000272,1.000000;;
           }

           Frame Bip01_L_Finger0Nub {
            

            FrameTransformMatrix {
             1.000000,0.000000,0.000000,0.000000,0.000000,1.000000,0.000000,0.000000,-0.000000,0.000000,1.000000,0.000000,0.029435,0.000000,0.000000,1.000000;;
            }
           }
          }

          Frame Bip01_L_Finger1 {
           

           FrameTransformMatrix {
            0.728079,-0.000546,0.685493,0.000000,0.000000,1.000000,0.000796,0.000000,-0.685493,-0.000580,0.728079,0.000000,0.084102,0.000000,0.000000,1.000000;;
           }

           Frame Bip01_L_Finger1Nub {
            

            FrameTransformMatrix {
             1.000000,0.000000,0.000000,0.000000,-0.000000,1.000000,0.000000,0.000000,-0.000000,0.000000,1.000000,0.000000,0.047988,-0.000000,0.000000,1.000000;;
            }
           }
          }
         }
        }
       }
      }

      Frame Bip01_R_Clavicle {
       

       FrameTransformMatrix {
        -0.028509,-0.999573,-0.006461,0.000000,-0.965665,0.025871,0.258498,0.000000,-0.258220,0.013609,-0.965990,0.000000,-0.024080,-0.016250,0.001399,1.000000;;
       }

       Frame Bip01_R_UpperArm {
        

        FrameTransformMatrix {
         0.221390,0.975047,0.016433,0.000000,-0.974986,0.221654,-0.016512,0.000000,-0.019742,-0.012366,0.999728,0.000000,0.073469,0.000000,-0.000000,1.000000;;
        }

        Frame Bip01_R_Forearm {
         

         FrameTransformMatrix {
          0.915660,-0.000000,-0.401954,0.000000,-0.000000,1.000000,-0.000000,0.000000,0.401954,-0.000000,0.915660,0.000000,0.148340,0.000000,-0.000000,1.000000;;
         }

         Frame Bip01_R_Hand {
          

          FrameTransformMatrix {
           0.975195,-0.000000,-0.221346,0.000000,-0.221346,0.000796,-0.975195,0.000000,0.000176,1.000000,0.000777,0.000000,0.131860,0.000000,0.000000,1.000000;;
          }

          Frame Bip01_R_Finger0 {
           

           FrameTransformMatrix {
            0.417774,-0.116941,0.900994,0.000000,-0.558537,0.749101,0.356210,0.000000,-0.716591,-0.652054,0.247639,0.000000,0.057681,0.023605,-0.000272,1.000000;;
           }

           Frame Bip01_R_Finger0Nub {
            

            FrameTransformMatrix {
             -1.000000,0.000000,0.000000,0.000000,0.000000,1.000000,-0.000000,0.000000,0.000000,0.000000,-1.000000,0.000000,0.029435,0.000000,-0.000000,1.000000;;
            }
           }
          }

          Frame Bip01_R_Finger1 {
           

           FrameTransformMatrix {
            0.352436,0.000745,0.935835,0.000000,-0.000000,1.000000,-0.000796,0.000000,-0.935836,0.000281,0.352436,0.000000,0.084102,-0.000000,0.000000,1.000000;;
           }

           Frame Bip01_R_Finger1Nub {
            

            FrameTransformMatrix {
             -1.000000,0.000000,0.000000,0.000000,0.000000,1.000000,-0.000000,0.000000,-0.000000,0.000000,-1.000000,0.000000,0.047988,0.000000,-0.000000,1.000000;;
            }
           }
          }
         }
        }
       }
      }
     }

     Frame Bip01_BackPack {
      

      FrameTransformMatrix {
       0.180560,0.080500,-0.980264,0.000000,0.047560,0.994764,0.090451,0.000000,0.982413,-0.062954,0.175786,0.000000,0.063697,0.000003,-0.088856,1.000000;;
      }

      Frame Bip01_BackPackNub {
       

       FrameTransformMatrix {
        0.000796,0.000003,1.000000,0.000000,0.000000,-1.000000,0.000003,0.000000,1.000000,-0.000000,-0.000796,0.000000,0.053240,0.000000,0.000000,1.000000;;
       }
      }
     }
    }

    Frame Bip01_L_Thigh {
     

     FrameTransformMatrix {
      -0.888504,0.030427,0.457858,0.000000,-0.032107,-0.999476,0.004114,0.000000,0.457744,-0.011045,0.889016,0.000000,-0.050843,0.055225,-0.008917,1.000000;;
     }

     Frame Bip01_L_Calf {
      

      FrameTransformMatrix {
       0.942235,-0.000000,-0.334952,0.000000,-0.000000,1.000000,-0.000000,0.000000,0.334952,-0.000000,0.942235,0.000000,0.237500,0.000000,-0.000000,1.000000;;
      }

      Frame Bip01_L_Foot {
       

       FrameTransformMatrix {
        0.924325,-0.026487,0.380687,0.000000,-0.068962,0.969570,0.234901,0.000000,-0.375325,-0.243378,0.894371,0.000000,0.206841,0.000000,0.000000,1.000000;;
       }

       Frame Bip01_L_Toe0 {
        

        FrameTransformMatrix {
         0.000000,0.000000,1.000000,0.000000,0.000000,1.000000,-0.000000,0.000000,-1.000000,0.000000,0.000000,0.000000,0.065373,0.000000,0.066450,1.000000;;
        }

        Frame Bip01_L_Toe0Nub {
         

         FrameTransformMatrix {
          -1.000000,0.000000,0.000000,0.000000,0.000000,1.000000,0.000000,0.000000,0.000000,0.000000,-1.000000,0.000000,0.006735,-0.000000,0.000000,1.000000;;
         }
        }
       }
      }
     }
    }

    Frame Bip01_R_Thigh {
     

     FrameTransformMatrix {
      -0.996965,0.030321,-0.071704,0.000000,-0.029454,-0.999480,-0.013113,0.000000,-0.072065,-0.010961,0.997340,0.000000,-0.050843,-0.055225,-0.008917,1.000000;;
     }

     Frame Bip01_R_Calf {
      

      FrameTransformMatrix {
       0.730239,0.000000,-0.683192,0.000000,0.000000,1.000000,0.000000,0.000000,0.683192,0.000000,0.730239,0.000000,0.237500,0.000000,0.000000,1.000000;;
      }

      Frame Bip01_R_Foot {
       

       FrameTransformMatrix {
        0.991957,0.087165,-0.091782,0.000000,-0.093276,0.993546,-0.064539,0.000000,0.085565,0.072581,0.993685,0.000000,0.206841,0.000000,0.000000,1.000000;;
       }

       Frame Bip01_R_Toe0 {
        

        FrameTransformMatrix {
         0.000000,0.000000,1.000000,0.000000,0.000000,1.000000,-0.000000,0.000000,-1.000000,0.000000,0.000000,0.000000,0.065373,0.000000,0.066450,1.000000;;
        }

        Frame Bip01_R_Toe0Nub {
         

         FrameTransformMatrix {
          1.000000,0.000000,0.000000,0.000000,0.000000,1.000000,-0.000000,0.000000,-0.000000,-0.000000,1.000000,0.000000,0.006735,-0.000000,0.000000,1.000000;;
         }
        }
       }
      }
     }
    }
   }

   Frame Bip01_DressFront {
    

    FrameTransformMatrix {
     -0.880185,-0.088339,0.466338,0.000000,0.121847,0.907542,0.401896,0.000000,-0.458725,0.410564,-0.788041,0.000000,-0.043935,0.001339,0.061057,1.000000;;
    }

    Frame Bip01_DressFront02 {
     

     FrameTransformMatrix {
      0.912593,0.000001,0.408870,0.000000,-0.000001,1.000000,-0.000000,0.000000,-0.408870,-0.000000,0.912593,0.000000,0.183378,-0.000000,-0.000120,1.000000;;
     }

     Frame Bip01_DressFrontNub {
      

      FrameTransformMatrix {
       0.000796,0.000003,1.000000,0.000000,0.000000,-1.000000,0.000003,0.000000,1.000000,0.000000,-0.000796,0.000000,0.165302,0.000000,0.000000,1.000000;;
      }
     }
    }
   }

   Frame Bip01_DressBack {
    

    FrameTransformMatrix {
     -0.886023,0.038029,0.462080,0.000000,0.191625,0.937561,0.290274,0.000000,-0.422190,0.345735,-0.837988,0.000000,-0.047673,-0.000048,-0.078302,1.000000;;
    }

    Frame Bip01_DressBack02 {
     

     FrameTransformMatrix {
      0.936852,0.174932,-0.302833,0.000000,-0.166408,0.984581,0.053940,0.000000,0.307600,-0.000139,0.951516,0.000000,0.176125,0.000000,-0.000103,1.000000;;
     }

     Frame Bip01_DressBackNub {
      

      FrameTransformMatrix {
       0.000796,0.000003,1.000000,0.000000,-0.000000,-1.000000,0.000003,0.000000,1.000000,-0.000000,-0.000796,0.000000,0.136508,0.000000,0.000000,1.000000;;
      }
     }
    }
   }
  }

  Frame Bip01_Prop1 {
   

   FrameTransformMatrix {
    -0.233929,-0.108090,0.966227,0.000000,0.687222,0.684611,0.242967,0.000000,-0.687752,0.720849,-0.085868,0.000000,0.072994,-0.055506,-0.134034,1.000000;;
   }
  }

  Frame Bip01_Prop2 {
   

   FrameTransformMatrix {
    -0.163643,-0.967062,0.194966,0.000000,0.985576,-0.168906,-0.010564,0.000000,0.043147,0.190425,0.980753,0.000000,-0.140709,-0.103585,0.102365,1.000000;;
   }
  }
 }
}

Frame Translation_Data {
 

 FrameTransformMatrix {
  1.000000,0.000000,0.000000,0.000000,0.000000,-0.000000,-1.000000,0.000000,0.000000,1.000000,-0.000000,0.000000,0.000000,0.000000,0.000000,1.000000;;
 }
}

Frame Kate_Hair_PartingCentre {
 

 FrameTransformMatrix {
  1.000000,0.000000,0.000000,0.000000,0.000000,1.000000,0.000000,0.000000,0.000000,0.000000,1.000000,0.000000,-0.000000,0.000000,0.000000,1.000000;;
 }

 Mesh Kate_Hair_PartingCentre {
  92;
  -0.000000;0.951643;-0.033074;,
  0.010436;0.971157;-0.009159;,
  0.013194;0.959318;-0.037244;,
  -0.000000;0.964423;-0.004435;,
  0.010436;0.974649;0.022759;,
  -0.000000;0.968372;0.022759;,
  -0.000000;0.972563;0.054997;,
  0.033905;0.942160;-0.021592;,
  0.036397;0.955509;-0.004330;,
  0.033972;0.963555;0.028331;,
  0.022112;0.959823;0.067884;,
  0.050532;0.924859;-0.014029;,
  0.054833;0.935288;0.002805;,
  0.050363;0.946194;0.035912;,
  0.040971;0.937200;0.072529;,
  0.054522;0.901749;-0.009917;,
  0.057652;0.905006;0.007567;,
  0.058573;0.907809;0.038406;,
  0.048516;0.907824;0.072986;,
  0.021894;0.936277;0.085831;,
  -0.000000;0.960534;0.076734;,
  0.028410;0.907823;0.086538;,
  -0.000000;0.907813;0.095124;,
  -0.000000;0.935416;0.091464;,
  0.044384;0.895459;-0.028876;,
  0.043346;0.903769;-0.014435;,
  0.041609;0.915541;-0.028755;,
  0.013194;0.959318;-0.037244;,
  -0.000000;0.942052;-0.023935;,
  -0.000000;0.951643;-0.033074;,
  0.008389;0.941738;-0.020562;,
  0.031950;0.937242;-0.029748;,
  0.028101;0.931561;-0.019709;,
  0.044861;0.900727;-0.011406;,
  0.054522;0.901749;-0.009917;,
  0.041609;0.915541;-0.028755;,
  0.044384;0.895459;-0.028876;,
  0.031950;0.937242;-0.029748;,
  0.049280;0.903428;0.007515;,
  0.049280;0.903428;0.007515;,
  0.057652;0.905006;0.007567;,
  0.049306;0.907014;0.038244;,
  0.058573;0.907809;0.038406;,
  0.042906;0.906752;0.068279;,
  0.048516;0.907824;0.072986;,
  0.024944;0.906746;0.079481;,
  0.028410;0.907823;0.086538;,
  -0.000000;0.907813;0.095124;,
  -0.000000;0.906740;0.086953;,
  -0.000000;0.951643;-0.033074;,
  -0.010436;0.971157;-0.009159;,
  -0.000000;0.964423;-0.004435;,
  -0.013194;0.959318;-0.037244;,
  -0.010436;0.974649;0.022759;,
  -0.000000;0.968372;0.022759;,
  -0.033905;0.942160;-0.021592;,
  -0.036397;0.955509;-0.004330;,
  -0.033972;0.963555;0.028331;,
  -0.022112;0.959823;0.067884;,
  -0.050532;0.924859;-0.014029;,
  -0.054833;0.935288;0.002805;,
  -0.050363;0.946194;0.035912;,
  -0.040971;0.937200;0.072529;,
  -0.054522;0.901749;-0.009917;,
  -0.057652;0.905006;0.007567;,
  -0.058573;0.907809;0.038406;,
  -0.048516;0.907824;0.072986;,
  -0.021894;0.936277;0.085831;,
  -0.028410;0.907823;0.086538;,
  -0.044384;0.895459;-0.028876;,
  -0.041609;0.915541;-0.028755;,
  -0.043346;0.903769;-0.014435;,
  -0.013194;0.959318;-0.037244;,
  -0.000000;0.942052;-0.023935;,
  -0.008389;0.941738;-0.020562;,
  -0.000000;0.951643;-0.033074;,
  -0.031950;0.937242;-0.029749;,
  -0.028101;0.931561;-0.019709;,
  -0.044861;0.900727;-0.011406;,
  -0.054522;0.901749;-0.009917;,
  -0.041609;0.915541;-0.028755;,
  -0.044384;0.895459;-0.028876;,
  -0.031950;0.937242;-0.029749;,
  -0.049280;0.903428;0.007515;,
  -0.049280;0.903428;0.007515;,
  -0.057652;0.905006;0.007567;,
  -0.049306;0.907014;0.038244;,
  -0.058573;0.907809;0.038406;,
  -0.042906;0.906752;0.068279;,
  -0.048516;0.907824;0.072986;,
  -0.024944;0.906746;0.079481;,
  -0.028410;0.907823;0.086538;;
  114;
  3;0,1,2;,
  3;1,0,3;,
  3;3,4,1;,
  3;4,3,5;,
  3;5,6,4;,
  3;7,1,8;,
  3;1,7,2;,
  3;8,4,9;,
  3;4,8,1;,
  3;9,6,10;,
  3;6,9,4;,
  3;11,8,12;,
  3;8,11,7;,
  3;12,9,13;,
  3;9,12,8;,
  3;13,10,14;,
  3;10,13,9;,
  3;15,12,16;,
  3;12,15,11;,
  3;16,13,17;,
  3;13,16,12;,
  3;17,14,18;,
  3;14,17,13;,
  3;19,10,20;,
  3;10,19,14;,
  3;21,14,19;,
  3;14,21,18;,
  3;22,19,23;,
  3;19,22,21;,
  3;19,20,23;,
  3;10,6,20;,
  3;24,25,26;,
  3;27,28,29;,
  3;28,27,30;,
  3;31,30,27;,
  3;30,31,32;,
  3;26,32,31;,
  3;32,26,25;,
  3;24,33,25;,
  3;33,24,34;,
  3;35,15,36;,
  3;15,35,11;,
  3;37,11,35;,
  3;11,37,7;,
  3;7,37,2;,
  3;32,25,38;,
  3;38,25,33;,
  3;34,39,33;,
  3;39,34,40;,
  3;40,41,39;,
  3;41,40,42;,
  3;42,43,41;,
  3;43,42,44;,
  3;44,45,43;,
  3;45,44,46;,
  3;45,47,48;,
  3;47,45,46;,
  3;49,50,51;,
  3;50,49,52;,
  3;51,53,54;,
  3;53,51,50;,
  3;54,53,6;,
  3;55,50,52;,
  3;50,55,56;,
  3;56,53,50;,
  3;53,56,57;,
  3;57,6,53;,
  3;6,57,58;,
  3;59,56,55;,
  3;56,59,60;,
  3;60,57,56;,
  3;57,60,61;,
  3;61,58,57;,
  3;58,61,62;,
  3;63,60,59;,
  3;60,63,64;,
  3;64,61,60;,
  3;61,64,65;,
  3;65,62,61;,
  3;62,65,66;,
  3;67,58,62;,
  3;58,67,20;,
  3;68,62,66;,
  3;62,68,67;,
  3;22,67,68;,
  3;67,22,23;,
  3;67,23,20;,
  3;58,20,6;,
  3;69,70,71;,
  3;72,73,74;,
  3;73,72,75;,
  3;76,74,77;,
  3;74,76,72;,
  3;70,77,71;,
  3;77,70,76;,
  3;69,78,79;,
  3;78,69,71;,
  3;80,63,59;,
  3;63,80,81;,
  3;82,59,55;,
  3;59,82,80;,
  3;55,52,82;,
  3;77,83,71;,
  3;83,78,71;,
  3;79,84,85;,
  3;84,79,78;,
  3;85,86,87;,
  3;86,85,84;,
  3;87,88,89;,
  3;88,87,86;,
  3;89,90,91;,
  3;90,89,88;,
  3;90,47,91;,
  3;47,90,48;;

  MeshNormals {
   92;
   -0.567649;0.741624;-0.357448;,
   -0.015459;0.957330;-0.288584;,
   0.178063;0.896681;-0.405285;,
   -0.585373;0.786339;-0.197507;,
   0.003421;0.998793;-0.048994;,
   -0.511866;0.851006;-0.117395;,
   -0.000000;0.964240;0.265032;,
   0.705754;0.540818;-0.457631;,
   0.638145;0.691724;-0.338066;,
   0.580204;0.813736;0.034595;,
   0.455120;0.744691;0.488161;,
   0.840557;0.254405;-0.478270;,
   0.912473;0.362288;-0.190106;,
   0.860167;0.491643;0.135644;,
   0.727265;0.387541;0.566478;,
   0.920805;0.083464;-0.380988;,
   0.990116;0.113301;-0.082659;,
   0.968161;0.220553;0.118405;,
   0.804381;0.215225;0.553760;,
   0.382528;0.332170;0.862169;,
   0.000000;0.714298;0.699841;,
   0.443465;0.126190;0.887364;,
   0.000000;0.109904;0.993942;,
   0.000000;0.311645;0.950199;,
   -0.878359;-0.463038;0.118668;,
   -0.934529;-0.342231;0.097640;,
   -0.881202;-0.391051;-0.265634;,
   -0.123839;-0.658682;-0.742161;,
   0.221394;-0.695843;-0.683219;,
   0.170000;-0.679830;-0.713394;,
   -0.102904;-0.696246;-0.710389;,
   -0.550815;-0.572505;-0.607323;,
   -0.679666;-0.586811;-0.440122;,
   -0.595865;-0.754636;0.274716;,
   0.092929;-0.979219;0.180263;,
   0.805657;0.169916;-0.567491;,
   0.857965;0.121565;-0.499118;,
   0.739485;0.443771;-0.506191;,
   -0.886665;-0.399124;0.233508;,
   0.168040;-0.977375;0.128459;,
   0.173084;-0.976675;0.127072;,
   0.092591;-0.994505;0.048860;,
   0.089167;-0.994549;0.054053;,
   0.113199;-0.990135;0.082581;,
   0.113774;-0.989683;0.087087;,
   0.058284;-0.990585;0.123871;,
   0.058505;-0.990755;0.122399;,
   0.000000;-0.991451;0.130482;,
   -0.000000;-0.991487;0.130205;,
   0.567649;0.741624;-0.357448;,
   0.015460;0.957330;-0.288584;,
   0.585373;0.786339;-0.197507;,
   -0.178063;0.896681;-0.405285;,
   -0.003421;0.998793;-0.048993;,
   0.511866;0.851006;-0.117395;,
   -0.705754;0.540818;-0.457631;,
   -0.638145;0.691724;-0.338066;,
   -0.580203;0.813737;0.034595;,
   -0.455120;0.744691;0.488160;,
   -0.840558;0.254405;-0.478269;,
   -0.912473;0.362288;-0.190106;,
   -0.860167;0.491643;0.135644;,
   -0.727265;0.387541;0.566478;,
   -0.920805;0.083464;-0.380988;,
   -0.990116;0.113301;-0.082659;,
   -0.968161;0.220553;0.118405;,
   -0.804381;0.215224;0.553759;,
   -0.382528;0.332170;0.862169;,
   -0.443465;0.126190;0.887364;,
   0.878359;-0.463037;0.118667;,
   0.881202;-0.391051;-0.265634;,
   0.934529;-0.342231;0.097640;,
   0.123839;-0.658682;-0.742161;,
   -0.221394;-0.695843;-0.683219;,
   0.102905;-0.696246;-0.710389;,
   -0.170000;-0.679830;-0.713394;,
   0.550815;-0.572505;-0.607322;,
   0.679666;-0.586811;-0.440121;,
   0.595865;-0.754637;0.274716;,
   -0.092929;-0.979219;0.180263;,
   -0.805657;0.169916;-0.567491;,
   -0.857965;0.121566;-0.499117;,
   -0.739485;0.443771;-0.506191;,
   0.886665;-0.399124;0.233508;,
   -0.168040;-0.977375;0.128459;,
   -0.173084;-0.976675;0.127072;,
   -0.092591;-0.994505;0.048860;,
   -0.089167;-0.994549;0.054053;,
   -0.113199;-0.990135;0.082581;,
   -0.113774;-0.989682;0.087088;,
   -0.058284;-0.990585;0.123871;,
   -0.058505;-0.990755;0.122399;;
   114;
   3;0,1,2;,
   3;1,0,3;,
   3;3,4,1;,
   3;4,3,5;,
   3;5,6,4;,
   3;7,1,8;,
   3;1,7,2;,
   3;8,4,9;,
   3;4,8,1;,
   3;9,6,10;,
   3;6,9,4;,
   3;11,8,12;,
   3;8,11,7;,
   3;12,9,13;,
   3;9,12,8;,
   3;13,10,14;,
   3;10,13,9;,
   3;15,12,16;,
   3;12,15,11;,
   3;16,13,17;,
   3;13,16,12;,
   3;17,14,18;,
   3;14,17,13;,
   3;19,10,20;,
   3;10,19,14;,
   3;21,14,19;,
   3;14,21,18;,
   3;22,19,23;,
   3;19,22,21;,
   3;19,20,23;,
   3;10,6,20;,
   3;24,25,26;,
   3;27,28,29;,
   3;28,27,30;,
   3;31,30,27;,
   3;30,31,32;,
   3;26,32,31;,
   3;32,26,25;,
   3;24,33,25;,
   3;33,24,34;,
   3;35,15,36;,
   3;15,35,11;,
   3;37,11,35;,
   3;11,37,7;,
   3;7,37,2;,
   3;32,25,38;,
   3;38,25,33;,
   3;34,39,33;,
   3;39,34,40;,
   3;40,41,39;,
   3;41,40,42;,
   3;42,43,41;,
   3;43,42,44;,
   3;44,45,43;,
   3;45,44,46;,
   3;45,47,48;,
   3;47,45,46;,
   3;49,50,51;,
   3;50,49,52;,
   3;51,53,54;,
   3;53,51,50;,
   3;54,53,6;,
   3;55,50,52;,
   3;50,55,56;,
   3;56,53,50;,
   3;53,56,57;,
   3;57,6,53;,
   3;6,57,58;,
   3;59,56,55;,
   3;56,59,60;,
   3;60,57,56;,
   3;57,60,61;,
   3;61,58,57;,
   3;58,61,62;,
   3;63,60,59;,
   3;60,63,64;,
   3;64,61,60;,
   3;61,64,65;,
   3;65,62,61;,
   3;62,65,66;,
   3;67,58,62;,
   3;58,67,20;,
   3;68,62,66;,
   3;62,68,67;,
   3;22,67,68;,
   3;67,22,23;,
   3;67,23,20;,
   3;58,20,6;,
   3;69,70,71;,
   3;72,73,74;,
   3;73,72,75;,
   3;76,74,77;,
   3;74,76,72;,
   3;70,77,71;,
   3;77,70,76;,
   3;69,78,79;,
   3;78,69,71;,
   3;80,63,59;,
   3;63,80,81;,
   3;82,59,55;,
   3;59,82,80;,
   3;55,52,82;,
   3;77,83,71;,
   3;83,78,71;,
   3;79,84,85;,
   3;84,79,78;,
   3;85,86,87;,
   3;86,85,84;,
   3;87,88,89;,
   3;88,87,86;,
   3;89,90,91;,
   3;90,89,88;,
   3;90,47,91;,
   3;47,90,48;;
  }

  MeshMaterialList {
   1;
   114;
   0,
   0,
   0,
   0,
   0,
   0,
   0,
   0,
   0,
   0,
   0,
   0,
   0,
   0,
   0,
   0,
   0,
   0,
   0,
   0,
   0,
   0,
   0,
   0,
   0,
   0,
   0,
   0,
   0,
   0,
   0,
   0,
   0,
   0,
   0,
   0,
   0,
   0,
   0,
   0,
   0,
   0,
   0,
   0,
   0,
   0,
   0,
   0,
   0,
   0,
   0,
   0,
   0,
   0,
   0,
   0,
   0,
   0,
   0,
   0,
   0,
   0,
   0,
   0,
   0,
   0,
   0,
   0,
   0,
   0,
   0,
   0,
   0,
   0,
   0,
   0,
   0,
   0,
   0,
   0,
   0,
   0,
   0,
   0,
   0,
   0,
   0,
   0,
   0,
   0,
   0,
   0,
   0,
   0,
   0,
   0,
   0,
   0,
   0,
   0,
   0,
   0,
   0,
   0,
   0,
   0,
   0,
   0,
   0,
   0,
   0,
   0,
   0,
   0;
   { _09_-_Defaultaaa }
  }

  MeshTextureCoords c1 {
   92;
   0.050840;0.059540;,
   0.128975;0.079001;,
   0.056952;0.101025;,
   0.129376;0.044107;,
   0.202001;0.072666;,
   0.199129;0.040243;,
   0.383406;0.062809;,
   0.088338;0.170792;,
   0.139644;0.149658;,
   0.214517;0.134339;,
   0.336420;0.129520;,
   0.107647;0.232342;,
   0.153886;0.216052;,
   0.229039;0.192069;,
   0.301087;0.205378;,
   0.108710;0.300759;,
   0.155289;0.300249;,
   0.226808;0.298067;,
   0.294908;0.295510;,
   0.348981;0.213780;,
   0.379811;0.144305;,
   0.340022;0.296799;,
   0.385867;0.298131;,
   0.382720;0.218186;,
   0.055229;0.306835;,
   0.092180;0.325565;,
   0.054479;0.243807;,
   0.056952;0.101025;,
   0.100074;0.049865;,
   0.050840;0.059540;,
   0.100088;0.087834;,
   0.063754;0.177846;,
   0.088338;0.170792;,
   0.099801;0.321568;,
   0.108710;0.300759;,
   0.054479;0.243807;,
   0.055229;0.306835;,
   0.063754;0.177846;,
   0.153016;0.320563;,
   0.153016;0.320563;,
   0.155289;0.300249;,
   0.228683;0.319946;,
   0.226808;0.298067;,
   0.293003;0.313737;,
   0.294908;0.295510;,
   0.340497;0.316791;,
   0.340022;0.296799;,
   0.385867;0.298131;,
   0.386628;0.317469;,
   0.755416;0.046153;,
   0.678531;0.070171;,
   0.676038;0.035349;,
   0.751784;0.087965;,
   0.605138;0.068112;,
   0.606028;0.035603;,
   0.723226;0.159638;,
   0.672165;0.141386;,
   0.596440;0.130250;,
   0.437275;0.128852;,
   0.707552;0.222331;,
   0.661956;0.208675;,
   0.586031;0.189019;,
   0.482400;0.202355;,
   0.710275;0.290801;,
   0.665064;0.292978;,
   0.593314;0.295127;,
   0.489693;0.290857;,
   0.428555;0.209489;,
   0.439786;0.290996;,
   0.752121;0.293721;,
   0.757840;0.231119;,
   0.728205;0.314630;,
   0.751784;0.087965;,
   0.705200;0.039318;,
   0.703870;0.076326;,
   0.755416;0.046153;,
   0.746789;0.165343;,
   0.708620;0.154417;,
   0.720350;0.311082;,
   0.710275;0.290801;,
   0.757840;0.231119;,
   0.752121;0.293721;,
   0.746789;0.165343;,
   0.668458;0.313136;,
   0.668458;0.313136;,
   0.665064;0.292978;,
   0.592612;0.317011;,
   0.593314;0.295127;,
   0.492840;0.309062;,
   0.489693;0.290857;,
   0.440885;0.310963;,
   0.439786;0.290996;;
  }

  XSkinMeshHeader {
   1;
   1;
   1;
  }

  SkinWeights {
   "Bip01_Head";
   92;
   0,
   1,
   2,
   3,
   4,
   5,
   6,
   7,
   8,
   9,
   10,
   11,
   12,
   13,
   14,
   15,
   16,
   17,
   18,
   19,
   20,
   21,
   22,
   23,
   24,
   25,
   26,
   27,
   28,
   29,
   30,
   31,
   32,
   33,
   34,
   35,
   36,
   37,
   38,
   39,
   40,
   41,
   42,
   43,
   44,
   45,
   46,
   47,
   48,
   49,
   50,
   51,
   52,
   53,
   54,
   55,
   56,
   57,
   58,
   59,
   60,
   61,
   62,
   63,
   64,
   65,
   66,
   67,
   68,
   69,
   70,
   71,
   72,
   73,
   74,
   75,
   76,
   77,
   78,
   79,
   80,
   81,
   82,
   83,
   84,
   85,
   86,
   87,
   88,
   89,
   90,
   91;
   1.000000,
   1.000000,
   1.000000,
   1.000000,
   1.000000,
   1.000000,
   1.000000,
   1.000000,
   1.000000,
   1.000000,
   1.000000,
   1.000000,
   1.000000,
   1.000000,
   1.000000,
   1.000000,
   1.000000,
   1.000000,
   1.000000,
   1.000000,
   1.000000,
   1.000000,
   1.000000,
   1.000000,
   1.000000,
   1.000000,
   1.000000,
   1.000000,
   1.000000,
   1.000000,
   1.000000,
   1.000000,
   1.000000,
   1.000000,
   1.000000,
   1.000000,
   1.000000,
   1.000000,
   1.000000,
   1.000000,
   1.000000,
   1.000000,
   1.000000,
   1.000000,
   1.000000,
   1.000000,
   1.000000,
   1.000000,
   1.000000,
   1.000000,
   1.000000,
   1.000000,
   1.000000,
   1.000000,
   1.000000,
   1.000000,
   1.000000,
   1.000000,
   1.000000,
   1.000000,
   1.000000,
   1.000000,
   1.000000,
   1.000000,
   1.000000,
   1.000000,
   1.000000,
   1.000000,
   1.000000,
   1.000000,
   1.000000,
   1.000000,
   1.000000,
   1.000000,
   1.000000,
   1.000000,
   1.000000,
   1.000000,
   1.000000,
   1.000000,
   1.000000,
   1.000000,
   1.000000,
   1.000000,
   1.000000,
   1.000000,
   1.000000,
   1.000000,
   1.000000,
   1.000000,
   1.000000,
   1.000000;
   0.000000,1.000000,-0.000001,0.000000,1.000000,-0.000000,0.000001,0.000000,0.000001,-0.000001,-1.000000,0.000000,-0.824644,0.000000,0.030645,1.000000;;
  }
 }
}

AnimTicksPerSecond  {
 4800;
}

AnimationSet Bob_Walk {
 

 Animation {
  
  { Dummy01 }

  AnimationKey S {
   1;
   2;
   0;3;1.000000,1.000000,1.000000;;,
   3200;3;1.000000,1.000000,1.000000;;;
  }

  AnimationKey R {
   0;
   2;
   0;4;0.707107,0.707107,0.000000,0.000000;;,
   3200;4;0.707107,0.707107,0.000000,0.000000;;;
  }

  AnimationKey T {
   2;
   2;
   0;3;0.000000,0.000000,0.000000;;,
   3200;3;0.000000,0.000000,0.000000;;;
  }
 }

 Animation {
  
  { Bip01 }

  AnimationKey S {
   1;
   2;
   0;3;1.000000,1.000000,1.000000;;,
   3200;3;1.000000,1.000000,1.000000;;;
  }

  AnimationKey R {
   0;
   21;
   0;4;0.515802,-0.436315,-0.562899,-0.476154;;,
   160;4;0.517441,-0.437578,-0.561533,-0.474828;;,
   320;4;0.521626,-0.440871,-0.557927,-0.471441;;,
   480;4;0.527247,-0.445573,-0.552691,-0.466912;;,
   640;4;0.533452,-0.451064,-0.546445,-0.461918;;,
   800;4;0.539863,-0.456672,-0.539862,-0.456671;;,
   960;4;0.546445,-0.461919,-0.533451,-0.451064;;,
   1120;4;0.552691,-0.466914,-0.527246,-0.445574;;,
   1280;4;0.557926,-0.471443,-0.521624,-0.440872;;,
   1440;4;0.561532,-0.474830,-0.517438,-0.437580;;,
   1600;4;0.562897,-0.476157,-0.515800,-0.436316;;,
   1760;4;0.561532,-0.474830,-0.517438,-0.437580;;,
   1920;4;0.557926,-0.471443,-0.521624,-0.440872;;,
   2080;4;0.552691,-0.466914,-0.527246,-0.445574;;,
   2240;4;0.546445,-0.461919,-0.533451,-0.451064;;,
   2400;4;0.539863,-0.456672,-0.539862,-0.456671;;,
   2560;4;0.533452,-0.451064,-0.546445,-0.461918;;,
   2720;4;0.527247,-0.445573,-0.552691,-0.466912;;,
   2880;4;0.521626,-0.440871,-0.557927,-0.471441;;,
   3040;4;0.517441,-0.437578,-0.561533,-0.474828;;,
   3200;4;0.515802,-0.436315,-0.562899,-0.476154;;;
  }

  AnimationKey T {
   2;
   21;
   0;3;-0.010000,-0.012284,0.490453;;,
   160;3;-0.010708,-0.012284,0.491858;;,
   320;3;-0.010749,-0.012284,0.495223;;,
   480;3;-0.010016,-0.012284,0.499328;;,
   640;3;-0.008388,-0.012284,0.502988;;,
   800;3;-0.005725,-0.012284,0.504988;;,
   960;3;-0.002280,-0.012284,0.504002;;,
   1120;3;0.001356,-0.012284,0.500588;;,
   1280;3;0.004842,-0.012284,0.496226;;,
   1440;3;0.007841,-0.012284,0.492357;;,
   1600;3;0.010000,-0.012284,0.490453;;,
   1760;3;0.011004,-0.012284,0.491604;;,
   1920;3;0.010933,-0.012284,0.494934;;,
   2080;3;0.009946,-0.012284,0.499131;;,
   2240;3;0.008187,-0.012284,0.502917;;,
   2400;3;0.005782,-0.012284,0.504988;;,
   2560;3;0.002869,-0.012284,0.503948;;,
   2720;3;-0.000359,-0.012284,0.500406;;,
   2880;3;-0.003707,-0.012284,0.495943;;,
   3040;3;-0.006986,-0.012284,0.492100;;,
   3200;3;-0.010000,-0.012284,0.490453;;;
  }
 }

 Animation {
  
  { Bip01_Pelvis }

  AnimationKey S {
   1;
   2;
   0;3;1.000000,1.000000,1.000000;;,
   3200;3;1.000000,1.000000,1.000000;;;
  }

  AnimationKey R {
   0;
   21;
   0;4;0.500001,-0.499999,-0.500000,-0.500000;;,
   160;4;0.502878,-0.497105,-0.502877,-0.497106;;,
   320;4;0.506123,-0.493801,-0.506123,-0.493802;;,
   480;4;0.509152,-0.490677,-0.509152,-0.490678;;,
   640;4;0.511400,-0.488334,-0.511399,-0.488335;;,
   800;4;0.512285,-0.487405,-0.512285,-0.487406;;,
   960;4;0.511605,-0.488119,-0.511605,-0.488120;;,
   1120;4;0.509768,-0.490038,-0.509767,-0.490039;;,
   1280;4;0.507050,-0.492849,-0.507049,-0.492850;;,
   1440;4;0.503710,-0.496263,-0.503709,-0.496263;;,
   1600;4;0.500001,-0.499999,-0.500000,-0.500000;;,
   1760;4;0.496198,-0.503773,-0.496197,-0.503774;;,
   1920;4;0.492628,-0.507265,-0.492627,-0.507266;;,
   2080;4;0.489628,-0.510161,-0.489627,-0.510162;;,
   2240;4;0.487550,-0.512148,-0.487549,-0.512149;;,
   2400;4;0.486768,-0.512891,-0.486767,-0.512892;;,
   2560;4;0.487745,-0.511962,-0.487744,-0.511963;;,
   2720;4;0.490207,-0.509605,-0.490207,-0.509605;;,
   2880;4;0.493490,-0.506426,-0.493489,-0.506427;;,
   3040;4;0.496961,-0.503020,-0.496961,-0.503021;;,
   3200;4;0.500001,-0.499999,-0.500000,-0.500000;;;
  }

  AnimationKey T {
   2;
   2;
   0;3;0.000000,0.000000,0.000000;;,
   3200;3;0.000000,0.000000,0.000000;;;
  }
 }

 Animation {
  
  { Bip01_Spine }

  AnimationKey S {
   1;
   2;
   0;3;1.000000,1.000000,1.000000;;,
   3200;3;1.000000,1.000000,1.000000;;;
  }

  AnimationKey R {
   0;
   21;
   0;4;0.996164,-0.000002,-0.087504,-0.000001;;,
   160;4;0.996148,0.000503,-0.087503,-0.005750;;,
   320;4;0.996089,0.001076,-0.087498,-0.012274;;,
   480;4;0.995994,0.001615,-0.087489,-0.018403;;,
   640;4;0.995899,0.002016,-0.087481,-0.022976;;,
   800;4;0.995856,0.002175,-0.087477,-0.024784;;,
   960;4;0.995889,0.002053,-0.087480,-0.023395;;,
   1120;4;0.995970,0.001724,-0.087487,-0.019653;;,
   1280;4;0.996064,0.001241,-0.087495,-0.014146;;,
   1440;4;0.996137,0.000650,-0.087502,-0.007418;;,
   1600;4;0.996164,-0.000002,-0.087504,-0.000001;;,
   1760;4;0.996136,-0.000665,-0.087502,0.007547;;,
   1920;4;0.996058,-0.001283,-0.087495,0.014582;;,
   2080;4;0.995954,-0.001799,-0.087486,0.020455;;,
   2240;4;0.995863,-0.002155,-0.087478,0.024505;;,
   2400;4;0.995824,-0.002288,-0.087474,0.026024;;,
   2560;4;0.995872,-0.002121,-0.087479,0.024125;;,
   2720;4;0.995977,-0.001699,-0.087488,0.019324;;,
   2880;4;0.996081,-0.001134,-0.087497,0.012888;;,
   3040;4;0.996146,-0.000532,-0.087503,0.006036;;,
   3200;4;0.996164,-0.000002,-0.087504,-0.000001;;;
  }

  AnimationKey T {
   2;
   21;
   0;3;0.051619,0.000000,-0.000083;;,
   160;3;0.051615,0.000596,-0.000083;;,
   320;3;0.051603,0.001272,-0.000083;;,
   480;3;0.051583,0.001907,-0.000083;;,
   640;3;0.051564,0.002380,-0.000083;;,
   800;3;0.051555,0.002568,-0.000083;;,
   960;3;0.051562,0.002424,-0.000083;;,
   1120;3;0.051578,0.002036,-0.000083;;,
   1280;3;0.051598,0.001466,-0.000083;;,
   1440;3;0.051613,0.000769,-0.000083;;,
   1600;3;0.051619,0.000000,-0.000083;;,
   1760;3;0.051613,-0.000782,-0.000083;;,
   1920;3;0.051596,-0.001511,-0.000083;;,
   2080;3;0.051575,-0.002119,-0.000083;;,
   2240;3;0.051556,-0.002539,-0.000083;;,
   2400;3;0.051548,-0.002696,-0.000083;;,
   2560;3;0.051558,-0.002499,-0.000083;;,
   2720;3;0.051580,-0.002002,-0.000083;;,
   2880;3;0.051601,-0.001335,-0.000083;;,
   3040;3;0.051615,-0.000626,-0.000083;;,
   3200;3;0.051619,0.000000,-0.000083;;;
  }
 }

 Animation {
  
  { Bip01_Spine1 }

  AnimationKey S {
   1;
   2;
   0;3;1.000000,1.000000,1.000000;;,
   3200;3;1.000000,1.000000,1.000000;;;
  }

  AnimationKey R {
   0;
   21;
   0;4;0.995544,0.088322,0.022149,-0.024497;;,
   160;4;0.996188,0.080990,0.022461,-0.023342;;,
   320;4;0.997602,0.062049,0.023185,-0.020083;;,
   480;4;0.998959,0.035809,0.023963,-0.014989;;,
   640;4;0.999646,0.006414,0.024470,-0.008307;;,
   800;4;0.999458,-0.021962,0.024504,-0.000285;;,
   960;4;0.998626,-0.045736,0.024053,0.008679;;,
   1120;4;0.997506,-0.064272,0.023267,0.017588;;,
   1280;4;0.996410,-0.077620,0.022385,0.025342;;,
   1440;4;0.995604,-0.085742,0.021679,0.030849;;,
   1600;4;0.995301,-0.088500,0.021398,0.032959;;,
   1760;4;0.995983,-0.081152,0.021844,0.030922;;,
   1920;4;0.997476,-0.062171,0.022843,0.025573;;,
   2080;4;0.998910,-0.035879,0.023856,0.017983;;,
   2240;4;0.999638,-0.006435,0.024464,0.009198;;,
   2400;4;0.999458,0.021962,0.024504,0.000284;;,
   2560;4;0.998634,0.045715,0.024093,-0.007788;;,
   2720;4;0.997554,0.064204,0.023459,-0.014597;;,
   2880;4;0.996534,0.077500,0.022812,-0.019859;;,
   3040;4;0.995809,0.085581,0.022331,-0.023273;;,
   3200;4;0.995544,0.088322,0.022149,-0.024497;;;
  }

  AnimationKey T {
   2;
   21;
   0;3;0.106484,-0.000015,-0.000083;;,
   160;3;0.106484,-0.000014,-0.000084;;,
   320;3;0.106484,-0.000010,-0.000084;;,
   480;3;0.106484,-0.000006,-0.000084;;,
   640;3;0.106484,-0.000001,-0.000085;;,
   800;3;0.106484,0.000004,-0.000085;;,
   960;3;0.106484,0.000008,-0.000084;;,
   1120;3;0.106484,0.000011,-0.000084;;,
   1280;3;0.106484,0.000013,-0.000084;;,
   1440;3;0.106484,0.000014,-0.000083;;,
   1600;3;0.106484,0.000015,-0.000083;;,
   1760;3;0.106484,0.000014,-0.000084;;,
   1920;3;0.106484,0.000010,-0.000084;;,
   2080;3;0.106484,0.000006,-0.000084;;,
   2240;3;0.106484,0.000001,-0.000085;;,
   2400;3;0.106484,-0.000004,-0.000085;;,
   2560;3;0.106484,-0.000008,-0.000084;;,
   2720;3;0.106484,-0.000011,-0.000084;;,
   2880;3;0.106484,-0.000013,-0.000084;;,
   3040;3;0.106484,-0.000014,-0.000083;;,
   3200;3;0.106484,-0.000015,-0.000083;;;
  }
 }

 Animation {
  
  { Bip01_Neck }

  AnimationKey S {
   1;
   2;
   0;3;1.000000,1.000000,1.000000;;,
   3200;3;1.000000,1.000000,1.000000;;;
  }

  AnimationKey R {
   0;
   21;
   0;4;0.991445,0.008393,0.129738,0.011606;;,
   160;4;0.991464,0.007504,0.129794,0.009788;;,
   320;4;0.991492,0.005405,0.129938,0.005493;;,
   480;4;0.991492,0.002912,0.130133,0.000384;;,
   640;4;0.991464,0.000816,0.130317,-0.003913;;,
   800;4;0.991445,-0.000071,0.130400,-0.005732;;,
   960;4;0.991452,-0.001175,0.130310,-0.006349;;,
   1120;4;0.991463,-0.003783,0.130101,-0.007806;;,
   1280;4;0.991463,-0.006884,0.129858,-0.009535;;,
   1440;4;0.991452,-0.009493,0.129659,-0.010988;;,
   1600;4;0.991445,-0.010598,0.129577,-0.011603;;,
   1760;4;0.991467,-0.009477,0.129647,-0.009786;;,
   1920;4;0.991498,-0.006832,0.129827,-0.005492;;,
   2080;4;0.991498,-0.003689,0.130070,-0.000385;;,
   2240;4;0.991467,-0.001047,0.130298,0.003912;;,
   2400;4;0.991445,0.000071,0.130400,0.005731;;,
   2560;4;0.991450,0.000944,0.130327,0.006348;;,
   2720;4;0.991458,0.003005,0.130158,0.007805;;,
   2880;4;0.991458,0.005457,0.129963,0.009536;;,
   3040;4;0.991450,0.007520,0.129804,0.010990;;,
   3200;4;0.991445,0.008393,0.129738,0.011606;;;
  }

  AnimationKey T {
   2;
   6;
   0;3;0.130511,-0.000001,0.004626;;,
   1280;3;0.130511,-0.000000,0.004626;;,
   1440;3;0.130511,0.000001,0.004626;;,
