xof 0303txt 0032
template ColorRGBA {
 <35ff44e0-6c7c-11cf-8f52-0040333594a3>
 FLOAT red;
 FLOAT green;
 FLOAT blue;
 FLOAT alpha;
}

template ColorRGB {
 <d3e16e81-7835-11cf-8f52-0040333594a3>
 FLOAT red;
 FLOAT green;
 FLOAT blue;
}

template Material {
 <3d82ab4d-62da-11cf-ab39-0020af71e433>
 ColorRGBA faceColor;
 FLOAT power;
 ColorRGB specularColor;
 ColorRGB emissiveColor;
 [...]
}

template TextureFilename {
 <a42790e1-7810-11cf-8f52-0040333594a3>
 STRING filename;
}

template Frame {
 <3d82ab46-62da-11cf-ab39-0020af71e433>
 [...]
}

template Matrix4x4 {
 <f6f23f45-7686-11cf-8f52-0040333594a3>
 array FLOAT matrix[16];
}

template FrameTransformMatrix {
 <f6f23f41-7686-11cf-8f52-0040333594a3>
 Matrix4x4 frameMatrix;
}

template Vector {
 <3d82ab5e-62da-11cf-ab39-0020af71e433>
 FLOAT x;
 FLOAT y;
 FLOAT z;
}

template MeshFace {
 <3d82ab5f-62da-11cf-ab39-0020af71e433>
 DWORD nFaceVertexIndices;
 array DWORD faceVertexIndices[nFaceVertexIndices];
}

template Mesh {
 <3d82ab44-62da-11cf-ab39-0020af71e433>
 DWORD nVertices;
 array Vector vertices[nVertices];
 DWORD nFaces;
 array MeshFace faces[nFaces];
 [...]
}

template MeshNormals {
 <f6f23f43-7686-11cf-8f52-0040333594a3>
 DWORD nNormals;
 array Vector normals[nNormals];
 DWORD nFaceNormals;
 array MeshFace faceNormals[nFaceNormals];
}

template MeshMaterialList {
 <f6f23f42-7686-11cf-8f52-0040333594a3>
 DWORD nMaterials;
 DWORD nFaceIndexes;
 array DWORD faceIndexes[nFaceIndexes];
 [Material <3d82ab4d-62da-11cf-ab39-0020af71e433>]
}

template Coords2d {
 <f6f23f44-7686-11cf-8f52-0040333594a3>
 FLOAT u;
 FLOAT v;
}

template MeshTextureCoords {
 <f6f23f40-7686-11cf-8f52-0040333594a3>
 DWORD nTextureCoords;
 array Coords2d textureCoords[nTextureCoords];
}

template XSkinMeshHeader {
 <3cf169ce-ff7c-44ab-93c0-f78f62d172e2>
 WORD nMaxSkinWeightsPerVertex;
 WORD nMaxSkinWeightsPerFace;
 WORD nBones;
}

template SkinWeights {
 <6f0d123b-bad2-4167-a0d0-80224f25fabb>
 STRING transformNodeName;
 DWORD nWeights;
 array DWORD vertexIndices[nWeights];
 array FLOAT weights[nWeights];
 Matrix4x4 matrixOffset;
}

template AnimTicksPerSecond {
 <9e415a43-7ba6-4a73-8743-b73d47e88476>
 DWORD AnimTicksPerSecond;
}

template Animation {
 <3d82ab4f-62da-11cf-ab39-0020af71e433>
 [...]
}

template AnimationSet {
 <3d82ab50-62da-11cf-ab39-0020af71e433>
 [Animation <3d82ab4f-62da-11cf-ab39-0020af71e433>]
}

template FloatKeys {
 <10dd46a9-775b-11cf-8f52-0040333594a3>
 DWORD nValues;
 array FLOAT values[nValues];
}

template TimedFloatKeys {
 <f406b180-7b3b-11cf-8f52-0040333594a3>
 DWORD time;
 FloatKeys tfkeys;
}

template AnimationKey {
 <10dd46a8-775b-11cf-8f52-0040333594a3>
 DWORD keyType;
 DWORD nKeys;
 array TimedFloatKeys keys[nKeys];
}


Material Material__209 {
 1.000000;1.000000;1.000000;1.000000;;
 9.999999;
 0.000000;0.000000;0.000000;;
 0.000000;0.000000;0.000000;;

 TextureFilename {
  "F_Hair_White.png";
 }
}

Frame Dummy01 {
 

 FrameTransformMatrix {
  1.000000,0.000000,0.000000,0.000000,0.000000,-0.000000,-1.000000,0.000000,0.000000,1.000000,-0.000000,0.000000,0.000000,0.000000,0.000000,1.000000;;
 }

 Frame Bip01 {
  

  FrameTransformMatrix {
   -0.087155,0.982405,-0.165183,0.000000,-0.000001,0.165814,0.986157,0.000000,0.996195,0.085949,-0.014450,0.000000,-0.010000,-0.012284,0.490453,1.000000;;
  }

  Frame Bip01_Pelvis {
   

   FrameTransformMatrix {
    0.000000,1.000000,-0.000001,0.000000,-0.000001,0.000001,1.000000,0.000000,1.000000,0.000000,0.000001,0.000000,0.000000,0.000000,0.000000,1.000000;;
   }

   Frame Bip01_Spine {
    

    FrameTransformMatrix {
     0.984686,0.000002,-0.174337,0.000000,-0.000001,1.000000,0.000004,0.000000,0.174337,-0.000004,0.984686,0.000000,0.051619,0.000000,-0.000083,1.000000;;
    }

    Frame Bip01_Spine1 {
     

     FrameTransformMatrix {
      0.997819,0.052687,0.039774,0.000000,-0.044862,0.983198,-0.176942,0.000000,-0.048428,0.174771,0.983417,0.000000,0.106484,-0.000015,-0.000083,1.000000;;
     }

     Frame Bip01_Neck {
      

      FrameTransformMatrix {
       0.966067,-0.020835,0.257451,0.000000,0.025191,0.999590,-0.013632,0.000000,-0.257061,0.019655,0.966195,0.000000,0.130511,-0.000001,0.004626,1.000000;;
      }

      Frame Bip01_Head {
       

       FrameTransformMatrix {
        0.989321,-0.051753,-0.136255,0.000000,0.064251,0.993958,0.088989,0.000000,0.130826,-0.096793,0.986669,0.000000,0.033674,-0.000000,0.000000,1.000000;;
       }
      }

      Frame Bip01_L_Clavicle {
       

       FrameTransformMatrix {
        -0.205975,0.976135,0.068811,0.000000,0.943873,0.216738,-0.249254,0.000000,-0.258220,0.013609,-0.965990,0.000000,-0.024734,0.015166,0.002017,1.000000;;
       }

       Frame Bip01_L_UpperArm {
        

        FrameTransformMatrix {
         0.385871,-0.777669,0.496320,0.000000,0.922466,0.332598,-0.196046,0.000000,-0.012616,0.533487,0.845714,0.000000,0.073469,0.000000,-0.000000,1.000000;;
        }

        Frame Bip01_L_Forearm {
         

         FrameTransformMatrix {
          0.943939,0.000000,-0.330119,0.000000,0.000000,1.000000,-0.000000,0.000000,0.330119,-0.000000,0.943939,0.000000,0.148340,0.000000,-0.000000,1.000000;;
         }

         Frame Bip01_L_Hand {
          

          FrameTransformMatrix {
           1.000000,-0.000000,0.000000,0.000000,0.000000,0.000796,1.000000,0.000000,0.000000,-1.000000,0.000796,0.000000,0.131860,-0.000000,0.000000,1.000000;;
          }

          Frame Bip01_L_Finger0 {
           

           FrameTransformMatrix {
            0.690342,-0.181727,0.700288,0.000000,0.558537,0.749101,-0.356210,0.000000,-0.459853,0.637043,0.618637,0.000000,0.057681,-0.023605,-0.000272,1.000000;;
           }
          }

          Frame Bip01_L_Finger1 {
           

           FrameTransformMatrix {
            0.728079,-0.000546,0.685493,0.000000,0.000000,1.000000,0.000796,0.000000,-0.685493,-0.000580,0.728079,0.000000,0.084102,0.000000,0.000000,1.000000;;
           }
          }
         }
        }
       }
      }

      Frame Bip01_R_Clavicle {
       

       FrameTransformMatrix {
        -0.028509,-0.999573,-0.006461,0.000000,-0.965665,0.025871,0.258498,0.000000,-0.258220,0.013609,-0.965990,0.000000,-0.024080,-0.016250,0.001399,1.000000;;
       }

       Frame Bip01_R_UpperArm {
        

        FrameTransformMatrix {
         0.221390,0.975047,0.016433,0.000000,-0.974986,0.221654,-0.016512,0.000000,-0.019742,-0.012366,0.999728,0.000000,0.073469,0.000000,-0.000000,1.000000;;
        }

        Frame Bip01_R_Forearm {
         

         FrameTransformMatrix {
          0.915660,-0.000000,-0.401954,0.000000,-0.000000,1.000000,-0.000000,0.000000,0.401954,-0.000000,0.915660,0.000000,0.148340,0.000000,-0.000000,1.000000;;
         }

         Frame Bip01_R_Hand {
          

          FrameTransformMatrix {
           0.975195,-0.000000,-0.221346,0.000000,-0.221346,0.000796,-0.975195,0.000000,0.000176,1.000000,0.000777,0.000000,0.131860,0.000000,0.000000,1.000000;;
          }

          Frame Bip01_R_Finger0 {
           

           FrameTransformMatrix {
            0.417774,-0.116941,0.900994,0.000000,-0.558537,0.749101,0.356210,0.000000,-0.716591,-0.652054,0.247639,0.000000,0.057681,0.023605,-0.000272,1.000000;;
           }
          }

          Frame Bip01_R_Finger1 {
           

           FrameTransformMatrix {
            0.352436,0.000745,0.935835,0.000000,-0.000000,1.000000,-0.000796,0.000000,-0.935836,0.000281,0.352436,0.000000,0.084102,-0.000000,0.000000,1.000000;;
           }
          }
         }
        }
       }
      }
     }

     Frame Bip01_BackPack {
      

      FrameTransformMatrix {
       0.180560,0.080500,-0.980264,0.000000,0.047560,0.994764,0.090451,0.000000,0.982413,-0.062954,0.175786,0.000000,0.063697,0.000003,-0.088856,1.000000;;
      }
     }
    }

    Frame Bip01_L_Thigh {
     

     FrameTransformMatrix {
      -0.888504,0.030427,0.457858,0.000000,-0.032107,-0.999476,0.004114,0.000000,0.457744,-0.011045,0.889016,0.000000,-0.050843,0.055225,-0.008917,1.000000;;
     }

     Frame Bip01_L_Calf {
      

      FrameTransformMatrix {
       0.942235,-0.000000,-0.334952,0.000000,-0.000000,1.000000,-0.000000,0.000000,0.334952,-0.000000,0.942235,0.000000,0.237500,0.000000,-0.000000,1.000000;;
      }

      Frame Bip01_L_Foot {
       

       FrameTransformMatrix {
        0.924325,-0.026487,0.380687,0.000000,-0.068962,0.969570,0.234901,0.000000,-0.375325,-0.243378,0.894371,0.000000,0.206841,0.000000,0.000000,1.000000;;
       }

       Frame Bip01_L_Toe0 {
        

        FrameTransformMatrix {
         0.000000,0.000000,1.000000,0.000000,0.000000,1.000000,-0.000000,0.000000,-1.000000,0.000000,0.000000,0.000000,0.065373,0.000000,0.066450,1.000000;;
        }
       }
      }
     }
    }

    Frame Bip01_R_Thigh {
     

     FrameTransformMatrix {
      -0.996965,0.030321,-0.071704,0.000000,-0.029454,-0.999480,-0.013113,0.000000,-0.072065,-0.010961,0.997340,0.000000,-0.050843,-0.055225,-0.008917,1.000000;;
     }

     Frame Bip01_R_Calf {
      

      FrameTransformMatrix {
       0.730239,0.000000,-0.683192,0.000000,0.000000,1.000000,0.000000,0.000000,0.683192,0.000000,0.730239,0.000000,0.237500,0.000000,0.000000,1.000000;;
      }

      Frame Bip01_R_Foot {
       

       FrameTransformMatrix {
        0.991957,0.087165,-0.091782,0.000000,-0.093276,0.993546,-0.064539,0.000000,0.085565,0.072581,0.993685,0.000000,0.206841,0.000000,0.000000,1.000000;;
       }

       Frame Bip01_R_Toe0 {
        

        FrameTransformMatrix {
         0.000000,0.000000,1.000000,0.000000,0.000000,1.000000,-0.000000,0.000000,-1.000000,0.000000,0.000000,0.000000,0.065373,0.000000,0.066450,1.000000;;
        }
       }
      }
     }
    }
   }

   Frame Bip01_DressFront {
    

    FrameTransformMatrix {
     -0.880185,-0.088339,0.466338,0.000000,0.121847,0.907542,0.401896,0.000000,-0.458725,0.410564,-0.788041,0.000000,-0.043935,0.001339,0.061057,1.000000;;
    }

    Frame Bip01_DressFront02 {
     

     FrameTransformMatrix {
      0.912593,0.000001,0.408870,0.000000,-0.000001,1.000000,-0.000000,0.000000,-0.408870,-0.000000,0.912593,0.000000,0.183378,-0.000000,-0.000120,1.000000;;
     }
    }
   }

   Frame Bip01_DressBack {
    

    FrameTransformMatrix {
     -0.886023,0.038029,0.462080,0.000000,0.191625,0.937561,0.290274,0.000000,-0.422190,0.345735,-0.837988,0.000000,-0.047673,-0.000048,-0.078302,1.000000;;
    }

    Frame Bip01_DressBack02 {
     

     FrameTransformMatrix {
      0.936852,0.174932,-0.302833,0.000000,-0.166408,0.984581,0.053939,0.000000,0.307600,-0.000139,0.951516,0.000000,0.176125,0.000000,-0.000103,1.000000;;
     }
    }
   }
  }

  Frame Bip01_Prop1 {
   

   FrameTransformMatrix {
    -0.233929,-0.108090,0.966227,0.000000,0.687222,0.684611,0.242967,0.000000,-0.687752,0.720849,-0.085868,0.000000,0.072994,-0.055506,-0.134034,1.000000;;
   }
  }

  Frame Bip01_Prop2 {
   

   FrameTransformMatrix {
    -0.163643,-0.967062,0.194966,0.000000,0.985576,-0.168906,-0.010564,0.000000,0.043147,0.190425,0.980753,0.000000,-0.140709,-0.103585,0.102365,1.000000;;
   }
  }
 }
}

Frame Translation_Data {
 

 FrameTransformMatrix {
  1.000000,0.000000,0.000000,0.000000,0.000000,-0.000000,-1.000000,0.000000,0.000000,1.000000,-0.000000,0.000000,0.000000,0.000000,0.000000,1.000000;;
 }
}

Frame Kate_Hair_GrungeyBehindEar {
 

 FrameTransformMatrix {
  1.000000,0.000000,0.000000,0.000000,0.000000,1.000000,0.000000,0.000000,0.000000,0.000000,1.000000,0.000000,-0.000000,0.000000,0.000000,1.000000;;
 }

 Mesh Kate_Hair_GrungeyBehindEar {
  151;
  -0.000001;0.954391;-0.023970;,
  -0.012613;0.970587;-0.006534;,
  -0.000001;0.966535;0.004412;,
  -0.015947;0.958057;-0.031505;,
  -0.012613;0.975399;0.028108;,
  -0.000001;0.973846;0.029308;,
  -0.000001;0.977281;0.067930;,
  -0.047537;0.946872;-0.013914;,
  -0.048166;0.955140;0.018307;,
  -0.042778;0.966805;0.046390;,
  -0.031392;0.963158;0.074864;,
  -0.059615;0.928381;0.026115;,
  -0.056169;0.933737;0.045462;,
  -0.050159;0.933827;0.073676;,
  -0.037478;0.932237;0.088294;,
  -0.058934;0.909643;0.052091;,
  -0.053916;0.901707;0.064823;,
  -0.051742;0.891679;0.080383;,
  -0.040075;0.890725;0.094244;,
  -0.021222;0.931259;0.097695;,
  -0.000001;0.962449;0.088761;,
  -0.024407;0.890723;0.104363;,
  -0.000001;0.890712;0.109715;,
  -0.000001;0.931012;0.102342;,
  -0.052472;0.902370;0.046757;,
  -0.050288;0.918483;0.006612;,
  -0.043426;0.886386;0.044152;,
  -0.015947;0.958057;-0.031505;,
  -0.000001;0.949465;-0.014912;,
  -0.008657;0.944198;-0.011570;,
  -0.000001;0.954391;-0.023970;,
  -0.038614;0.934112;-0.023859;,
  -0.028998;0.933427;-0.010725;,
  -0.043856;0.830762;0.038527;,
  -0.056624;0.828287;0.038080;,
  -0.054887;0.832263;0.019603;,
  -0.038614;0.934112;-0.023859;,
  -0.038022;0.886006;0.063259;,
  -0.042246;0.824618;0.053644;,
  -0.057318;0.822572;0.052540;,
  -0.039362;0.824228;0.059183;,
  -0.052827;0.819227;0.062502;,
  -0.030020;0.820474;0.070518;,
  -0.041426;0.815892;0.077591;,
  -0.020526;0.818302;0.078587;,
  -0.026440;0.812281;0.087909;,
  -0.000001;0.808627;0.095032;,
  -0.000001;0.820846;0.081792;,
  -0.000001;0.893150;0.096747;,
  -0.015226;0.862148;0.090625;,
  -0.015798;0.893158;0.093008;,
  -0.000001;0.862140;0.092184;,
  -0.028175;0.860247;0.084841;,
  -0.027457;0.893164;0.084446;,
  -0.035371;0.856719;0.075161;,
  -0.033797;0.890003;0.073837;,
  -0.042442;0.859296;0.063502;,
  -0.038022;0.886006;0.063259;,
  -0.044522;0.858790;0.045214;,
  -0.043426;0.886386;0.044152;,
  -0.050445;0.858540;0.039883;,
  -0.057345;0.862378;0.049499;,
  -0.055759;0.865193;0.063692;,
  -0.053062;0.861359;0.077936;,
  -0.041477;0.857414;0.091861;,
  -0.026440;0.859110;0.102268;,
  -0.000001;0.860579;0.110142;,
  -0.020526;0.818302;0.078587;,
  -0.000001;0.820846;0.081792;,
  -0.030020;0.820474;0.070518;,
  -0.039362;0.824228;0.059183;,
  -0.042246;0.824618;0.053644;,
  -0.043856;0.830762;0.038527;,
  -0.056624;0.828287;0.038080;,
  -0.054887;0.832263;0.019603;,
  -0.057318;0.822572;0.052540;,
  -0.052827;0.819227;0.062502;,
  -0.041426;0.815892;0.077591;,
  -0.026440;0.812281;0.087909;,
  -0.000001;0.808627;0.095032;,
  -0.000001;0.954391;-0.023970;,
  0.012611;0.970587;-0.006534;,
  0.015945;0.958057;-0.031505;,
  -0.000001;0.966535;0.004412;,
  0.012611;0.975399;0.028108;,
  -0.000001;0.973846;0.029308;,
  -0.000001;0.977281;0.067930;,
  0.047534;0.946872;-0.013914;,
  0.048164;0.955140;0.018307;,
  0.042776;0.966805;0.046390;,
  0.031390;0.963158;0.074864;,
  0.059613;0.928381;0.026115;,
  0.056167;0.933737;0.045462;,
  0.050157;0.933827;0.073676;,
  0.037476;0.932237;0.088294;,
  0.058932;0.909643;0.052091;,
  0.053914;0.901707;0.064823;,
  0.051526;0.891679;0.080383;,
  0.040073;0.890725;0.094244;,
  0.021220;0.931259;0.097695;,
  0.024405;0.890723;0.104363;,
  0.052470;0.902370;0.046757;,
  0.043424;0.886386;0.044152;,
  0.050286;0.918483;0.006612;,
  0.015945;0.958057;-0.031505;,
  -0.000001;0.949465;-0.014912;,
  -0.000001;0.954391;-0.023970;,
  0.008655;0.944198;-0.011570;,
  0.038612;0.934112;-0.023859;,
  0.028996;0.933427;-0.010725;,
  0.043853;0.830762;0.038527;,
  0.054818;0.832263;0.019603;,
  0.056620;0.828287;0.038080;,
  0.038612;0.934112;-0.023859;,
  0.038020;0.886006;0.063259;,
  0.042244;0.824618;0.053644;,
  0.057316;0.822572;0.052540;,
  0.039360;0.824228;0.059183;,
  0.052825;0.819227;0.062502;,
  0.030018;0.820474;0.070518;,
  0.041424;0.815892;0.077591;,
  0.020524;0.818302;0.078587;,
  0.026438;0.812281;0.087909;,
  -0.000001;0.820846;0.081792;,
  0.015224;0.862148;0.090625;,
  0.015796;0.893158;0.093008;,
  0.028173;0.860247;0.084841;,
  0.027455;0.893164;0.084446;,
  0.035368;0.856719;0.075161;,
  0.033795;0.890003;0.073837;,
  0.042440;0.859296;0.063502;,
  0.038020;0.886006;0.063259;,
  0.040511;0.858790;0.045214;,
  0.043424;0.886386;0.044152;,
  0.050648;0.858540;0.039883;,
  0.057341;0.862378;0.049499;,
  0.055755;0.865193;0.063692;,
  0.052212;0.861359;0.077936;,
  0.041475;0.857414;0.091861;,
  0.026438;0.859110;0.102268;,
  0.020524;0.818302;0.078587;,
  0.030018;0.820474;0.070518;,
  0.039360;0.824228;0.059183;,
  0.042244;0.824618;0.053644;,
  0.043853;0.830762;0.038527;,
  0.056620;0.828287;0.038080;,
  0.054818;0.832263;0.019603;,
  0.057316;0.822572;0.052540;,
  0.052825;0.819227;0.062502;,
  0.041424;0.815892;0.077591;,
  0.026438;0.812281;0.087909;;
  206;
  3;0,1,2;,
  3;1,0,3;,
  3;2,4,5;,
  3;4,2,1;,
  3;5,4,6;,
  3;7,1,3;,
  3;1,7,8;,
  3;8,4,1;,
  3;4,8,9;,
  3;9,6,4;,
  3;6,9,10;,
  3;11,8,7;,
  3;8,11,12;,
  3;12,9,8;,
  3;9,12,13;,
  3;13,10,9;,
  3;10,13,14;,
  3;15,12,11;,
  3;12,15,16;,
  3;16,13,12;,
  3;13,16,17;,
  3;17,14,13;,
  3;14,17,18;,
  3;19,10,14;,
  3;10,19,20;,
  3;21,14,18;,
  3;14,21,19;,
  3;22,19,21;,
  3;19,22,23;,
  3;19,23,20;,
  3;10,20,6;,
  3;24,25,26;,
  3;27,28,29;,
  3;28,27,30;,
  3;31,29,32;,
  3;29,31,27;,
  3;25,32,26;,
  3;32,25,31;,
  3;33,34,35;,
  3;25,15,11;,
  3;15,25,24;,
  3;36,11,7;,
  3;11,36,25;,
  3;7,3,36;,
  3;32,37,26;,
  3;34,38,39;,
  3;38,34,33;,
  3;39,40,41;,
  3;40,39,38;,
  3;41,42,43;,
  3;42,41,40;,
  3;43,44,45;,
  3;44,43,42;,
  3;44,46,45;,
  3;46,44,47;,
  3;48,49,50;,
  3;49,48,51;,
  3;50,52,53;,
  3;52,50,49;,
  3;53,54,55;,
  3;54,53,52;,
  3;55,56,57;,
  3;56,55,54;,
  3;57,58,59;,
  3;58,57,56;,
  3;58,24,59;,
  3;24,58,60;,
  3;24,61,15;,
  3;61,24,60;,
  3;15,62,16;,
  3;62,15,61;,
  3;16,63,17;,
  3;63,16,62;,
  3;17,64,18;,
  3;64,17,63;,
  3;18,65,21;,
  3;65,18,64;,
  3;21,66,22;,
  3;66,21,65;,
  3;51,67,49;,
  3;67,51,68;,
  3;49,69,52;,
  3;69,49,67;,
  3;52,70,54;,
  3;70,52,69;,
  3;70,56,54;,
  3;56,70,71;,
  3;56,72,58;,
  3;72,56,71;,
  3;58,35,60;,
  3;35,58,72;,
  3;60,73,61;,
  3;73,60,74;,
  3;61,75,62;,
  3;75,61,73;,
  3;62,76,63;,
  3;76,62,75;,
  3;63,77,64;,
  3;77,63,76;,
  3;64,78,65;,
  3;78,64,77;,
  3;65,79,66;,
  3;79,65,78;,
  3;80,81,82;,
  3;81,80,83;,
  3;83,84,81;,
  3;84,83,85;,
  3;85,86,84;,
  3;87,81,88;,
  3;81,87,82;,
  3;88,84,89;,
  3;84,88,81;,
  3;89,86,90;,
  3;86,89,84;,
  3;91,88,92;,
  3;88,91,87;,
  3;92,89,93;,
  3;89,92,88;,
  3;93,90,94;,
  3;90,93,89;,
  3;95,92,96;,
  3;92,95,91;,
  3;96,93,97;,
  3;93,96,92;,
  3;97,94,98;,
  3;94,97,93;,
  3;99,90,20;,
  3;90,99,94;,
  3;100,94,99;,
  3;94,100,98;,
  3;22,99,23;,
  3;99,22,100;,
  3;99,20,23;,
  3;90,86,20;,
  3;101,102,103;,
  3;104,105,106;,
  3;105,104,107;,
  3;108,107,104;,
  3;107,108,109;,
  3;103,109,108;,
  3;109,103,102;,
  3;110,111,112;,
  3;103,95,101;,
  3;95,103,91;,
  3;113,91,103;,
  3;91,113,87;,
  3;87,113,82;,
  3;109,102,114;,
  3;112,115,110;,
  3;115,112,116;,
  3;116,117,115;,
  3;117,116,118;,
  3;118,119,117;,
  3;119,118,120;,
  3;120,121,119;,
  3;121,120,122;,
  3;121,46,123;,
  3;46,121,122;,
  3;48,124,51;,
  3;124,48,125;,
  3;125,126,124;,
  3;126,125,127;,
  3;127,128,126;,
  3;128,127,129;,
  3;129,130,128;,
  3;130,129,131;,
  3;131,132,130;,
  3;132,131,133;,
  3;132,101,134;,
  3;101,132,133;,
  3;101,135,134;,
  3;135,101,95;,
  3;95,136,135;,
  3;136,95,96;,
  3;96,137,136;,
  3;137,96,97;,
  3;97,138,137;,
  3;138,97,98;,
  3;98,139,138;,
  3;139,98,100;,
  3;100,66,139;,
  3;66,100,22;,
  3;51,140,68;,
  3;140,51,124;,
  3;124,141,140;,
  3;141,124,126;,
  3;126,142,141;,
  3;142,126,128;,
  3;142,130,143;,
  3;130,142,128;,
  3;130,144,143;,
  3;144,130,132;,
  3;132,111,144;,
  3;111,132,134;,
  3;134,145,146;,
  3;145,134,135;,
  3;135,147,145;,
  3;147,135,136;,
  3;136,148,147;,
  3;148,136,137;,
  3;137,149,148;,
  3;149,137,138;,
  3;138,150,149;,
  3;150,138,139;,
  3;139,79,150;,
  3;79,139,66;;

  MeshNormals {
   151;
   0.000000;0.885231;-0.465151;,
   0.009957;0.952860;-0.303248;,
   0.000000;0.970693;-0.240323;,
   -0.176919;0.826015;-0.535163;,
   -0.125126;0.982455;-0.138298;,
   0.000000;0.983349;-0.181725;,
   0.000000;0.953156;0.302478;,
   -0.815826;0.335612;-0.470949;,
   -0.759296;0.638175;-0.127286;,
   -0.660932;0.747169;0.070061;,
   -0.510979;0.670676;0.537676;,
   -0.991380;0.029727;-0.127602;,
   -0.952322;0.265616;0.150102;,
   -0.863049;0.260731;0.432627;,
   -0.598360;0.285657;0.748575;,
   -0.995670;-0.018935;0.091010;,
   -0.959107;0.063461;0.275839;,
   -0.897933;0.055036;0.436677;,
   -0.656101;0.062196;0.752106;,
   -0.341065;0.302069;0.890185;,
   -0.000000;0.627031;0.778994;,
   -0.384071;0.075636;0.920200;,
   -0.000000;0.095911;0.995390;,
   -0.000000;0.285206;0.958466;,
   -0.783070;-0.288145;-0.551156;,
   -0.599899;-0.570028;-0.561418;,
   0.353025;-0.444400;-0.823336;,
   0.337817;-0.725119;-0.600069;,
   0.000000;-0.815623;-0.578583;,
   0.358988;-0.730325;-0.581165;,
   0.000000;-0.878487;-0.477766;,
   0.418290;-0.803197;-0.424156;,
   0.372340;-0.846882;-0.379675;,
   0.791901;-0.467092;-0.393343;,
   0.182209;-0.940300;-0.287466;,
   0.775899;-0.338482;-0.532364;,
   -0.744375;0.032003;-0.666994;,
   0.943445;-0.195071;-0.268066;,
   0.154490;-0.958901;-0.237994;,
   0.176622;-0.919838;-0.350289;,
   0.199552;-0.903827;-0.378519;,
   0.212102;-0.891926;-0.399351;,
   0.151626;-0.909185;-0.387804;,
   0.148353;-0.913450;-0.378947;,
   0.103268;-0.848195;-0.519520;,
   0.075812;-0.858819;-0.506638;,
   -0.000000;-0.777907;-0.628379;,
   0.000000;-0.734854;-0.678225;,
   -0.000000;0.100214;-0.994966;,
   0.258685;0.177758;-0.949465;,
   0.391617;0.042105;-0.919164;,
   0.000000;0.197919;-0.980218;,
   0.603175;0.134743;-0.786146;,
   0.723553;-0.036681;-0.689294;,
   0.815153;0.089054;-0.572359;,
   0.886550;-0.087888;-0.454209;,
   0.947660;-0.020362;-0.318630;,
   0.943445;-0.195071;-0.268066;,
   0.888410;0.093914;-0.449341;,
   0.353025;-0.444400;-0.823336;,
   -0.128721;0.351894;-0.927147;,
   -0.966058;0.042958;-0.254730;,
   -0.984614;-0.011039;0.174394;,
   -0.903564;-0.068126;0.423003;,
   -0.670511;-0.138916;0.728778;,
   -0.416869;-0.149225;0.896634;,
   -0.000000;-0.143510;0.989649;,
   0.440441;0.185314;-0.878448;,
   0.000000;0.244037;-0.969766;,
   0.707348;0.169743;-0.686183;,
   0.841225;0.154645;-0.518098;,
   0.958620;0.082833;-0.272371;,
   0.791901;-0.467092;-0.393343;,
   -0.988469;0.104200;-0.109867;,
   -0.978064;0.202623;-0.048319;,
   -0.978139;-0.037855;0.204476;,
   -0.880708;-0.137539;0.453251;,
   -0.703248;-0.237507;0.670100;,
   -0.432923;-0.274138;0.858735;,
   0.000000;-0.288583;0.957455;,
   0.000000;0.885231;-0.465151;,
   -0.009957;0.952860;-0.303248;,
   0.176919;0.826015;-0.535163;,
   0.000000;0.970693;-0.240323;,
   0.125126;0.982455;-0.138298;,
   0.000000;0.983349;-0.181725;,
   0.000000;0.953156;0.302478;,
   0.815826;0.335612;-0.470948;,
   0.759296;0.638175;-0.127286;,
   0.660932;0.747169;0.070060;,
   0.510979;0.670675;0.537676;,
   0.991380;0.029727;-0.127602;,
   0.952322;0.265616;0.150102;,
   0.863065;0.259617;0.433266;,
   0.599046;0.284885;0.748321;,
   0.995669;-0.018949;0.091013;,
   0.957486;0.060036;0.282162;,
   0.900752;0.046270;0.431863;,
   0.659350;0.062254;0.749254;,
   0.341065;0.302069;0.890185;,
   0.384071;0.075636;0.920200;,
   0.783052;-0.287956;-0.551281;,
   -0.293835;-0.441799;-0.847629;,
   0.599899;-0.570028;-0.561418;,
   -0.337817;-0.725119;-0.600069;,
   0.000000;-0.815623;-0.578583;,
   0.000000;-0.878487;-0.477766;,
   -0.358988;-0.730325;-0.581165;,
   -0.418290;-0.803197;-0.424156;,
   -0.372340;-0.846882;-0.379675;,
   -0.776442;-0.512409;-0.366844;,
   -0.732834;-0.362106;-0.576050;,
   -0.182203;-0.940362;-0.287265;,
   0.744375;0.032004;-0.666994;,
   -0.957231;-0.162300;-0.239516;,
   -0.154490;-0.958902;-0.237992;,
   -0.176622;-0.919841;-0.350283;,
   -0.199552;-0.903827;-0.378519;,
   -0.212102;-0.891926;-0.399351;,
   -0.151627;-0.909185;-0.387805;,
   -0.148353;-0.913450;-0.378947;,
   -0.103268;-0.848195;-0.519521;,
   -0.075812;-0.858819;-0.506638;,
   0.000000;-0.734854;-0.678225;,
   -0.258685;0.177758;-0.949465;,
   -0.391617;0.042105;-0.919164;,
   -0.603175;0.134743;-0.786146;,
   -0.723553;-0.036681;-0.689294;,
   -0.815153;0.089054;-0.572359;,
   -0.886550;-0.087888;-0.454209;,
   -0.970151;-0.047100;-0.237882;,
   -0.957231;-0.162300;-0.239516;,
   -0.906399;0.059876;-0.418158;,
   -0.293835;-0.441799;-0.847629;,
   0.273505;0.349626;-0.896078;,
   0.967617;0.042573;-0.248806;,
   0.979364;-0.011907;0.201756;,
   0.900886;-0.070260;0.428331;,
   0.681813;-0.138894;0.718220;,
   0.416870;-0.149225;0.896633;,
   -0.440440;0.185314;-0.878448;,
   -0.707348;0.169743;-0.686183;,
   -0.841226;0.154644;-0.518097;,
   -0.958631;0.082824;-0.272336;,
   -0.776442;-0.512409;-0.366844;,
   0.988787;0.100931;-0.110062;,
   0.979067;0.196460;-0.053215;,
   0.978145;-0.037812;0.204459;,
   0.878575;-0.129891;0.459602;,
   0.706920;-0.230696;0.668613;,
   0.432924;-0.274138;0.858735;;
   206;
   3;0,1,2;,
   3;1,0,3;,
   3;2,4,5;,
   3;4,2,1;,
   3;5,4,6;,
   3;7,1,3;,
   3;1,7,8;,
   3;8,4,1;,
   3;4,8,9;,
   3;9,6,4;,
   3;6,9,10;,
   3;11,8,7;,
   3;8,11,12;,
   3;12,9,8;,
   3;9,12,13;,
   3;13,10,9;,
   3;10,13,14;,
   3;15,12,11;,
   3;12,15,16;,
   3;16,13,12;,
   3;13,16,17;,
   3;17,14,13;,
   3;14,17,18;,
   3;19,10,14;,
   3;10,19,20;,
   3;21,14,18;,
   3;14,21,19;,
   3;22,19,21;,
   3;19,22,23;,
   3;19,23,20;,
   3;10,20,6;,
   3;24,25,26;,
   3;27,28,29;,
   3;28,27,30;,
   3;31,29,32;,
   3;29,31,27;,
   3;25,32,26;,
   3;32,25,31;,
   3;33,34,35;,
   3;25,15,11;,
   3;15,25,24;,
   3;36,11,7;,
   3;11,36,25;,
   3;7,3,36;,
   3;32,37,26;,
   3;34,38,39;,
   3;38,34,33;,
   3;39,40,41;,
   3;40,39,38;,
   3;41,42,43;,
   3;42,41,40;,
   3;43,44,45;,
   3;44,43,42;,
   3;44,46,45;,
   3;46,44,47;,
   3;48,49,50;,
   3;49,48,51;,
   3;50,52,53;,
   3;52,50,49;,
   3;53,54,55;,
   3;54,53,52;,
   3;55,56,57;,
   3;56,55,54;,
   3;57,58,59;,
   3;58,57,56;,
   3;58,24,59;,
   3;24,58,60;,
   3;24,61,15;,
   3;61,24,60;,
   3;15,62,16;,
   3;62,15,61;,
   3;16,63,17;,
   3;63,16,62;,
   3;17,64,18;,
   3;64,17,63;,
   3;18,65,21;,
   3;65,18,64;,
   3;21,66,22;,
   3;66,21,65;,
   3;51,67,49;,
   3;67,51,68;,
   3;49,69,52;,
   3;69,49,67;,
   3;52,70,54;,
   3;70,52,69;,
   3;70,56,54;,
   3;56,70,71;,
   3;56,72,58;,
   3;72,56,71;,
   3;58,35,60;,
   3;35,58,72;,
   3;60,73,61;,
   3;73,60,74;,
   3;61,75,62;,
   3;75,61,73;,
   3;62,76,63;,
   3;76,62,75;,
   3;63,77,64;,
   3;77,63,76;,
   3;64,78,65;,
   3;78,64,77;,
   3;65,79,66;,
   3;79,65,78;,
   3;80,81,82;,
   3;81,80,83;,
   3;83,84,81;,
   3;84,83,85;,
   3;85,86,84;,
   3;87,81,88;,
   3;81,87,82;,
   3;88,84,89;,
   3;84,88,81;,
   3;89,86,90;,
   3;86,89,84;,
   3;91,88,92;,
   3;88,91,87;,
   3;92,89,93;,
   3;89,92,88;,
   3;93,90,94;,
   3;90,93,89;,
   3;95,92,96;,
   3;92,95,91;,
   3;96,93,97;,
   3;93,96,92;,
   3;97,94,98;,
   3;94,97,93;,
   3;99,90,20;,
   3;90,99,94;,
   3;100,94,99;,
   3;94,100,98;,
   3;22,99,23;,
   3;99,22,100;,
   3;99,20,23;,
   3;90,86,20;,
   3;101,102,103;,
   3;104,105,106;,
   3;105,104,107;,
   3;108,107,104;,
   3;107,108,109;,
   3;103,109,108;,
   3;109,103,102;,
   3;110,111,112;,
   3;103,95,101;,
   3;95,103,91;,
   3;113,91,103;,
   3;91,113,87;,
   3;87,113,82;,
   3;109,102,114;,
   3;112,115,110;,
   3;115,112,116;,
   3;116,117,115;,
   3;117,116,118;,
   3;118,119,117;,
   3;119,118,120;,
   3;120,121,119;,
   3;121,120,122;,
   3;121,46,123;,
   3;46,121,122;,
   3;48,124,51;,
   3;124,48,125;,
   3;125,126,124;,
   3;126,125,127;,
   3;127,128,126;,
   3;128,127,129;,
   3;129,130,128;,
   3;130,129,131;,
   3;131,132,130;,
   3;132,131,133;,
   3;132,101,134;,
   3;101,132,133;,
   3;101,135,134;,
   3;135,101,95;,
   3;95,136,135;,
   3;136,95,96;,
   3;96,137,136;,
   3;137,96,97;,
   3;97,138,137;,
   3;138,97,98;,
   3;98,139,138;,
   3;139,98,100;,
   3;100,66,139;,
   3;66,100,22;,
   3;51,140,68;,
   3;140,51,124;,
   3;124,141,140;,
   3;141,124,126;,
   3;126,142,141;,
   3;142,126,128;,
   3;142,130,143;,
   3;130,142,128;,
   3;130,144,143;,
   3;144,130,132;,
   3;132,111,144;,
   3;111,132,134;,
   3;134,145,146;,
   3;145,134,135;,
   3;135,147,145;,
   3;147,135,136;,
   3;136,148,147;,
   3;148,136,137;,
   3;137,149,148;,
   3;149,137,138;,
   3;138,150,149;,
   3;150,138,139;,
   3;139,79,150;,
   3;79,139,66;;
  }

  MeshMaterialList {
   1;
   206;
   0,
   0,
   0,
   0,
   0,
   0,
   0,
   0,
   0,
   0,
   0,
   0,
   0,
   0,
   0,
   0,
   0,
   0,
   0,
   0,
   0,
   0,
   0,
   0,
   0,
   0,
   0,
   0,
   0,
   0,
   0,
   0,
   0,
   0,
   0,
   0,
   0,
   0,
   0,
   0,
   0,
   0,
   0,
   0,
   0,
   0,
   0,
   0,
   0,
   0,
   0,
   0,
   0,
   0,
   0,
   0,
   0,
   0,
   0,
   0,
   0,
   0,
   0,
   0,
   0,
   0,
   0,
   0,
   0,
   0,
   0,
   0,
   0,
   0,
   0,
   0,
   0,
   0,
   0,
   0,
   0,
   0,
   0,
   0,
   0,
   0,
   0,
   0,
   0,
   0,
   0,
   0,
   0,
   0,
   0,
   0,
   0,
   0,
   0,
   0,
   0,
   0,
   0,
   0,
   0,
   0,
   0,
   0,
   0,
   0,
   0,
   0,
   0,
   0,
   0,
   0,
   0,
   0,
   0,
   0,
   0,
   0,
   0,
   0,
   0,
   0,
   0,
   0,
   0,
   0,
   0,
   0,
   0,
   0,
   0,
   0,
   0,
   0,
   0,
   0,
   0,
   0,
   0,
   0,
   0,
   0,
   0,
   0,
   0,
   0,
   0,
   0,
   0,
   0,
   0,
   0,
   0,
   0,
   0,
   0,
   0,
   0,
   0,
   0,
   0,
   0,
   0,
   0,
   0,
   0,
   0,
   0,
   0,
   0,
   0,
   0,
   0,
   0,
   0,
   0,
   0,
   0,
   0,
   0,
   0,
   0,
   0,
   0,
   0,
   0,
   0,
   0,
   0,
   0,
   0,
   0,
   0,
   0,
   0,
   0,
   0,
   0,
   0,
   0,
   0,
   0;
   { Material__209 }
  }

  MeshTextureCoords c1 {
   151;
   0.932807;0.391135;,
   0.882164;0.410725;,
   0.865046;0.382380;,
   0.928148;0.420291;,
   0.821284;0.431799;,
   0.811820;0.407599;,
   0.745449;0.460165;,
   0.913839;0.490760;,
   0.863918;0.508416;,
   0.816446;0.508634;,
   0.769791;0.529096;,
   0.874441;0.574986;,
   0.841506;0.582505;,
   0.797176;0.599990;,
   0.768869;0.604569;,
   0.862056;0.645393;,
   0.838193;0.667528;,
   0.811162;0.693327;,
   0.779768;0.697221;,
   0.742080;0.604990;,
   0.710410;0.522270;,
   0.750006;0.697733;,
   0.711211;0.698419;,
   0.710827;0.605287;,
   0.884332;0.656804;,
   0.915242;0.561825;,
   0.924528;0.670331;,
   0.928148;0.420291;,
   0.958681;0.397546;,
   0.968201;0.427504;,
   0.932807;0.391135;,
   0.938384;0.489084;,
   0.956518;0.498394;,
   0.876485;0.870660;,
   0.872874;0.841492;,
   0.906352;0.839150;,
   0.938384;0.489084;,
   0.945442;0.703497;,
   0.846022;0.882524;,
   0.846125;0.850484;,
   0.829911;0.890550;,
   0.827881;0.859600;,
   0.796490;0.899158;,
   0.794991;0.868334;,
   0.767106;0.902995;,
   0.762340;0.876668;,
   0.711929;0.887164;,
   0.731933;0.923975;,
   0.711211;0.698419;,
   0.755041;0.767458;,
   0.750006;0.697733;,
   0.711412;0.764284;,
   0.784181;0.770486;,
   0.779768;0.697221;,
   0.814686;0.760469;,
   0.811162;0.693327;,
   0.840299;0.750954;,
   0.838193;0.667528;,
   0.864869;0.756891;,
   0.862056;0.645393;,
   0.883957;0.766709;,
   0.864869;0.756891;,
   0.840299;0.750954;,
   0.814686;0.760469;,
   0.784181;0.770486;,
   0.755041;0.767458;,
   0.711412;0.764284;,
   0.762340;0.876668;,
   0.711929;0.887164;,
   0.794991;0.868334;,
   0.827881;0.859600;,
   0.846125;0.850484;,
   0.872874;0.841492;,
   0.872874;0.841492;,
   0.906352;0.839150;,
   0.846125;0.850484;,
   0.827881;0.859600;,
   0.794991;0.868334;,
   0.762340;0.876668;,
   0.711929;0.887164;,
   0.486418;0.395134;,
   0.537319;0.413711;,
   0.491408;0.424203;,
   0.554097;0.385050;,
   0.598486;0.433616;,
   0.607662;0.409250;,
   0.674667;0.460645;,
   0.506499;0.494349;,
   0.556706;0.510984;,
   0.604205;0.510314;,
   0.651094;0.529987;,
   0.547115;0.577587;,
   0.580107;0.584505;,
   0.624587;0.601232;,
   0.652858;0.605432;,
   0.560631;0.647579;,
   0.584639;0.669402;,
   0.611776;0.694821;,
   0.642795;0.698302;,
   0.679590;0.605471;,
   0.672449;0.698340;,
   0.538491;0.659391;,
   0.498784;0.673985;,
   0.506158;0.565301;,
   0.491408;0.424203;,
   0.460614;0.402029;,
   0.486418;0.395134;,
   0.451423;0.432164;,
   0.481848;0.493200;,
   0.463871;0.502929;,
   0.547167;0.872899;,
   0.517092;0.841729;,
   0.550616;0.843708;,
   0.481848;0.493200;,
   0.478430;0.707701;,
   0.577744;0.884434;,
   0.577407;0.852395;,
   0.593946;0.892260;,
   0.595729;0.861298;,
   0.627464;0.900390;,
   0.628692;0.869541;,
   0.656890;0.903798;,
   0.661424;0.877403;,
   0.692251;0.924265;,
   0.667770;0.768109;,
   0.672449;0.698340;,
   0.638529;0.771573;,
   0.642795;0.698302;,
   0.608640;0.762031;,
   0.611776;0.694821;,
   0.582554;0.752796;,
   0.584639;0.669402;,
   0.557987;0.759025;,
   0.560631;0.647579;,
   0.539128;0.769081;,
   0.557987;0.759025;,
   0.582554;0.752796;,
   0.608640;0.762031;,
   0.638529;0.771573;,
   0.667770;0.768109;,
   0.661424;0.877403;,
   0.628692;0.869541;,
   0.595729;0.861298;,
   0.577407;0.852395;,
   0.550616;0.843708;,
   0.550616;0.843708;,
   0.517092;0.841729;,
   0.577407;0.852395;,
   0.595729;0.861298;,
   0.628692;0.869541;,
   0.661424;0.877403;;
  }

  XSkinMeshHeader {
   1;
   1;
   1;
  }

  SkinWeights {
   "Bip01_Head";
   151;
   0,
   1,
   2,
   3,
   4,
   5,
   6,
   7,
   8,
   9,
   10,
   11,
   12,
   13,
   14,
   15,
   16,
   17,
   18,
   19,
   20,
   21,
   22,
   23,
   24,
   25,
   26,
   27,
   28,
   29,
   30,
   31,
   32,
   33,
   34,
   35,
   36,
   37,
   38,
   39,
   40,
   41,
   42,
   43,
   44,
   45,
   46,
   47,
   48,
   49,
   50,
   51,
   52,
   53,
   54,
   55,
   56,
   57,
   58,
   59,
   60,
   61,
   62,
   63,
   64,
   65,
   66,
   67,
   68,
   69,
   70,
   71,
   72,
   73,
   74,
   75,
   76,
   77,
   78,
   79,
   80,
   81,
   82,
   83,
   84,
   85,
   86,
   87,
   88,
   89,
   90,
   91,
   92,
   93,
   94,
   95,
   96,
   97,
   98,
   99,
   100,
   101,
   102,
   103,
   104,
   105,
   106,
   107,
   108,
   109,
   110,
   111,
   112,
   113,
   114,
   115,
   116,
   117,
   118,
   119,
   120,
   121,
   122,
   123,
   124,
   125,
   126,
   127,
   128,
   129,
   130,
   131,
   132,
   133,
   134,
   135,
   136,
   137,
   138,
   139,
   140,
   141,
   142,
   143,
   144,
   145,
   146,
   147,
   148,
   149,
   150;
   1.000000,
   1.000000,
   1.000000,
   1.000000,
   1.000000,
   1.000000,
   1.000000,
   1.000000,
   1.000000,
   1.000000,
   1.000000,
   1.000000,
   1.000000,
   1.000000,
   1.000000,
   1.000000,
   1.000000,
   1.000000,
   1.000000,
   1.000000,
   1.000000,
   1.000000,
   1.000000,
   1.000000,
   1.000000,
   1.000000,
   1.000000,
   1.000000,
   1.000000,
   1.000000,
   1.000000,
   1.000000,
   1.000000,
   1.000000,
   1.000000,
   1.000000,
   1.000000,
   1.000000,
   1.000000,
   1.000000,
   1.000000,
   1.000000,
   1.000000,
   1.000000,
   1.000000,
   1.000000,
   1.000000,
   1.000000,
   1.000000,
   1.000000,
   1.000000,
   1.000000,
   1.000000,
   1.000000,
   1.000000,
   1.000000,
   1.000000,
   1.000000,
   1.000000,
   1.000000,
   1.000000,
   1.000000,
   1.000000,
   1.000000,
   1.000000,
   1.000000,
   1.000000,
   1.000000,
   1.000000,
   1.000000,
   1.000000,
   1.000000,
   1.000000,
   1.000000,
   1.000000,
   1.000000,
   1.000000,
   1.000000,
   1.000000,
   1.000000,
   1.000000,
   1.000000,
   1.000000,
   1.000000,
   1.000000,
   1.000000,
   1.000000,
   1.000000,
   1.000000,
   1.000000,
   1.000000,
   1.000000,
   1.000000,
   1.000000,
   1.000000,
   1.000000,
   1.000000,
   1.000000,
   1.000000,
   1.000000,
   1.000000,
   1.000000,
   1.000000,
   1.000000,
   1.000000,
   1.000000,
   1.000000,
   1.000000,
   1.000000,
   1.000000,
   1.000000,
   1.000000,
   1.000000,
   1.000000,
   1.000000,
   1.000000,
   1.000000,
   1.000000,
   1.000000,
   1.000000,
   1.000000,
   1.000000,
   1.000000,
   1.000000,
   1.000000,
   1.000000,
   1.000000,
   1.000000,
   1.000000,
   1.000000,
   1.000000,
   1.000000,
   1.000000,
   1.000000,
   1.000000,
   1.000000,
   1.000000,
   1.000000,
   1.000000,
   1.000000,
   1.000000,
   1.000000,
   1.000000,
   1.000000,
   1.000000,
   1.000000,
   1.000000,
   1.000000,
   1.000000,
   1.000000,
   1.000000;
   0.000000,1.000000,-0.000001,0.000000,1.000000,-0.000000,0.000001,0.000000,0.000001,-0.000001,-1.000000,0.000000,-0.824644,0.000000,0.030645,1.000000;;
  }
 }
}

AnimTicksPerSecond  {
 4800;
}

AnimationSet Bob_Walk {
 

 Animation {
  
  { Dummy01 }

  AnimationKey S {
   1;
   2;
   0;3;1.000000,1.000000,1.000000;;,
   3200;3;1.000000,1.000000,1.000000;;;
  }

  AnimationKey R {
   0;
   2;
   0;4;0.707107,0.707107,0.000000,0.000000;;,
   3200;4;0.707107,0.707107,0.000000,0.000000;;;
  }

  AnimationKey T {
   2;
   2;
   0;3;0.000000,0.000000,0.000000;;,
   3200;3;0.000000,0.000000,0.000000;;;
  }
 }

 Animation {
  
  { Bip01 }

  AnimationKey S {
   1;
   2;
   0;3;1.000000,1.000000,1.000000;;,
   3200;3;1.000000,1.000000,1.000000;;;
  }

  AnimationKey R {
   0;
   21;
   0;4;0.515802,-0.436315,-0.562899,-0.476154;;,
   160;4;0.517441,-0.437578,-0.561533,-0.474828;;,
   320;4;0.521626,-0.440871,-0.557927,-0.471441;;,
   480;4;0.527247,-0.445573,-0.552691,-0.466912;;,
   640;4;0.533452,-0.451064,-0.546445,-0.461918;;,
   800;4;0.539863,-0.456672,-0.539862,-0.456671;;,
   960;4;0.546445,-0.461919,-0.533451,-0.451064;;,
   1120;4;0.552691,-0.466914,-0.527246,-0.445574;;,
   1280;4;0.557926,-0.471443,-0.521624,-0.440872;;,
   1440;4;0.561532,-0.474830,-0.517438,-0.437580;;,
   1600;4;0.562897,-0.476157,-0.515800,-0.436316;;,
   1760;4;0.561532,-0.474830,-0.517438,-0.437580;;,
   1920;4;0.557926,-0.471443,-0.521624,-0.440872;;,
   2080;4;0.552691,-0.466914,-0.527246,-0.445574;;,
   2240;4;0.546445,-0.461919,-0.533451,-0.451064;;,
   2400;4;0.539863,-0.456672,-0.539862,-0.456671;;,
   2560;4;0.533452,-0.451064,-0.546445,-0.461918;;,
   2720;4;0.527247,-0.445573,-0.552691,-0.466912;;,
   2880;4;0.521626,-0.440871,-0.557927,-0.471441;;,
   3040;4;0.517441,-0.437578,-0.561533,-0.474828;;,
   3200;4;0.515802,-0.436315,-0.562899,-0.476154;;;
  }

  AnimationKey T {
   2;
   21;
   0;3;-0.010000,-0.012284,0.490453;;,
