xof 0303txt 0032
template ColorRGBA {
 <35ff44e0-6c7c-11cf-8f52-0040333594a3>
 FLOAT red;
 FLOAT green;
 FLOAT blue;
 FLOAT alpha;
}

template ColorRGB {
 <d3e16e81-7835-11cf-8f52-0040333594a3>
 FLOAT red;
 FLOAT green;
 FLOAT blue;
}

template Material {
 <3d82ab4d-62da-11cf-ab39-0020af71e433>
 ColorRGBA faceColor;
 FLOAT power;
 ColorRGB specularColor;
 ColorRGB emissiveColor;
 [...]
}

template TextureFilename {
 <a42790e1-7810-11cf-8f52-0040333594a3>
 STRING filename;
}

template Frame {
 <3d82ab46-62da-11cf-ab39-0020af71e433>
 [...]
}

template Matrix4x4 {
 <f6f23f45-7686-11cf-8f52-0040333594a3>
 array FLOAT matrix[16];
}

template FrameTransformMatrix {
 <f6f23f41-7686-11cf-8f52-0040333594a3>
 Matrix4x4 frameMatrix;
}

template Vector {
 <3d82ab5e-62da-11cf-ab39-0020af71e433>
 FLOAT x;
 FLOAT y;
 FLOAT z;
}

template MeshFace {
 <3d82ab5f-62da-11cf-ab39-0020af71e433>
 DWORD nFaceVertexIndices;
 array DWORD faceVertexIndices[nFaceVertexIndices];
}

template Mesh {
 <3d82ab44-62da-11cf-ab39-0020af71e433>
 DWORD nVertices;
 array Vector vertices[nVertices];
 DWORD nFaces;
 array MeshFace faces[nFaces];
 [...]
}

template MeshNormals {
 <f6f23f43-7686-11cf-8f52-0040333594a3>
 DWORD nNormals;
 array Vector normals[nNormals];
 DWORD nFaceNormals;
 array MeshFace faceNormals[nFaceNormals];
}

template MeshMaterialList {
 <f6f23f42-7686-11cf-8f52-0040333594a3>
 DWORD nMaterials;
 DWORD nFaceIndexes;
 array DWORD faceIndexes[nFaceIndexes];
 [Material <3d82ab4d-62da-11cf-ab39-0020af71e433>]
}

template Coords2d {
 <f6f23f44-7686-11cf-8f52-0040333594a3>
 FLOAT u;
 FLOAT v;
}

template MeshTextureCoords {
 <f6f23f40-7686-11cf-8f52-0040333594a3>
 DWORD nTextureCoords;
 array Coords2d textureCoords[nTextureCoords];
}

template XSkinMeshHeader {
 <3cf169ce-ff7c-44ab-93c0-f78f62d172e2>
 WORD nMaxSkinWeightsPerVertex;
 WORD nMaxSkinWeightsPerFace;
 WORD nBones;
}

template SkinWeights {
 <6f0d123b-bad2-4167-a0d0-80224f25fabb>
 STRING transformNodeName;
 DWORD nWeights;
 array DWORD vertexIndices[nWeights];
 array FLOAT weights[nWeights];
 Matrix4x4 matrixOffset;
}

template AnimTicksPerSecond {
 <9e415a43-7ba6-4a73-8743-b73d47e88476>
 DWORD AnimTicksPerSecond;
}

template Animation {
 <3d82ab4f-62da-11cf-ab39-0020af71e433>
 [...]
}

template AnimationSet {
 <3d82ab50-62da-11cf-ab39-0020af71e433>
 [Animation <3d82ab4f-62da-11cf-ab39-0020af71e433>]
}

template FloatKeys {
 <10dd46a9-775b-11cf-8f52-0040333594a3>
 DWORD nValues;
 array FLOAT values[nValues];
}

template TimedFloatKeys {
 <f406b180-7b3b-11cf-8f52-0040333594a3>
 DWORD time;
 FloatKeys tfkeys;
}

template AnimationKey {
 <10dd46a8-775b-11cf-8f52-0040333594a3>
 DWORD keyType;
 DWORD nKeys;
 array TimedFloatKeys keys[nKeys];
}


Material _02_-_Default {
 1.000000;1.000000;1.000000;1.000000;;
 9.999999;
 0.000000;0.000000;0.000000;;
 0.000000;0.000000;0.000000;;

 TextureFilename {
  "F_HairCurly_Long.png";
 }
}

Frame Dummy01 {
 

 FrameTransformMatrix {
  1.000000,0.000000,0.000000,0.000000,0.000000,-0.000000,-1.000000,0.000000,0.000000,1.000000,-0.000000,0.000000,0.000000,0.000000,0.000000,1.000000;;
 }

 Frame Bip01 {
  

  FrameTransformMatrix {
   -0.087155,0.982405,-0.165183,0.000000,-0.000001,0.165814,0.986157,0.000000,0.996195,0.085949,-0.014450,0.000000,-0.010000,-0.012284,0.490453,1.000000;;
  }

  Frame Bip01_Pelvis {
   

   FrameTransformMatrix {
    0.000000,1.000000,-0.000001,0.000000,-0.000001,0.000001,1.000000,0.000000,1.000000,0.000000,0.000001,0.000000,0.000000,0.000000,0.000000,1.000000;;
   }

   Frame Bip01_Spine {
    

    FrameTransformMatrix {
     0.984686,0.000002,-0.174337,0.000000,-0.000001,1.000000,0.000004,0.000000,0.174337,-0.000004,0.984686,0.000000,0.051619,0.000000,-0.000083,1.000000;;
    }

    Frame Bip01_Spine1 {
     

     FrameTransformMatrix {
      0.997819,0.052687,0.039774,0.000000,-0.044862,0.983198,-0.176942,0.000000,-0.048428,0.174771,0.983417,0.000000,0.106484,-0.000015,-0.000083,1.000000;;
     }

     Frame Bip01_Neck {
      

      FrameTransformMatrix {
       0.966067,-0.020835,0.257451,0.000000,0.025191,0.999590,-0.013632,0.000000,-0.257061,0.019655,0.966195,0.000000,0.130511,-0.000001,0.004626,1.000000;;
      }

      Frame Bip01_Head {
       

       FrameTransformMatrix {
        0.989321,-0.051753,-0.136255,0.000000,0.064251,0.993958,0.088989,0.000000,0.130826,-0.096793,0.986669,0.000000,0.033674,-0.000000,0.000000,1.000000;;
       }

       Frame Bip01_HeadNub {
        

        FrameTransformMatrix {
         1.000000,-0.000000,-0.000000,0.000000,-0.000000,1.000000,0.000000,0.000000,0.000000,-0.000000,1.000000,0.000000,0.169824,0.000000,-0.000000,1.000000;;
        }
       }
      }

      Frame Bip01_L_Clavicle {
       

       FrameTransformMatrix {
        -0.205975,0.976135,0.068811,0.000000,0.943873,0.216738,-0.249254,0.000000,-0.258220,0.013609,-0.965990,0.000000,-0.024734,0.015166,0.002017,1.000000;;
       }

       Frame Bip01_L_UpperArm {
        

        FrameTransformMatrix {
         0.385871,-0.777669,0.496320,0.000000,0.922466,0.332598,-0.196046,0.000000,-0.012616,0.533487,0.845714,0.000000,0.073469,0.000000,-0.000000,1.000000;;
        }

        Frame Bip01_L_Forearm {
         

         FrameTransformMatrix {
          0.943939,0.000000,-0.330119,0.000000,0.000000,1.000000,-0.000000,0.000000,0.330119,-0.000000,0.943939,0.000000,0.148340,0.000000,-0.000000,1.000000;;
         }

         Frame Bip01_L_Hand {
          

          FrameTransformMatrix {
           1.000000,-0.000000,0.000000,0.000000,0.000000,0.000796,1.000000,0.000000,0.000000,-1.000000,0.000796,0.000000,0.131860,-0.000000,0.000000,1.000000;;
          }

          Frame Bip01_L_Finger0 {
           

           FrameTransformMatrix {
            0.690342,-0.181727,0.700288,0.000000,0.558537,0.749101,-0.356210,0.000000,-0.459853,0.637043,0.618637,0.000000,0.057681,-0.023605,-0.000272,1.000000;;
           }

           Frame Bip01_L_Finger0Nub {
            

            FrameTransformMatrix {
             1.000000,0.000000,0.000000,0.000000,0.000000,1.000000,0.000000,0.000000,-0.000000,0.000000,1.000000,0.000000,0.029435,0.000000,0.000000,1.000000;;
            }
           }
          }

          Frame Bip01_L_Finger1 {
           

           FrameTransformMatrix {
            0.728079,-0.000546,0.685493,0.000000,0.000000,1.000000,0.000796,0.000000,-0.685493,-0.000580,0.728079,0.000000,0.084102,0.000000,0.000000,1.000000;;
           }

           Frame Bip01_L_Finger1Nub {
            

            FrameTransformMatrix {
             1.000000,0.000000,0.000000,0.000000,-0.000000,1.000000,0.000000,0.000000,-0.000000,0.000000,1.000000,0.000000,0.047988,-0.000000,0.000000,1.000000;;
            }
           }
          }
         }
        }
       }
      }

      Frame Bip01_R_Clavicle {
       

       FrameTransformMatrix {
        -0.028509,-0.999573,-0.006461,0.000000,-0.965665,0.025871,0.258498,0.000000,-0.258220,0.013609,-0.965990,0.000000,-0.024080,-0.016250,0.001399,1.000000;;
       }

       Frame Bip01_R_UpperArm {
        

        FrameTransformMatrix {
         0.221390,0.975047,0.016433,0.000000,-0.974986,0.221654,-0.016512,0.000000,-0.019742,-0.012366,0.999728,0.000000,0.073469,0.000000,-0.000000,1.000000;;
        }

        Frame Bip01_R_Forearm {
         

         FrameTransformMatrix {
          0.915660,-0.000000,-0.401954,0.000000,-0.000000,1.000000,-0.000000,0.000000,0.401954,-0.000000,0.915660,0.000000,0.148340,0.000000,-0.000000,1.000000;;
         }

         Frame Bip01_R_Hand {
          

          FrameTransformMatrix {
           0.975195,-0.000000,-0.221346,0.000000,-0.221346,0.000796,-0.975195,0.000000,0.000176,1.000000,0.000777,0.000000,0.131860,0.000000,0.000000,1.000000;;
          }

          Frame Bip01_R_Finger0 {
           

           FrameTransformMatrix {
            0.417774,-0.116941,0.900994,0.000000,-0.558537,0.749101,0.356210,0.000000,-0.716591,-0.652054,0.247639,0.000000,0.057681,0.023605,-0.000272,1.000000;;
           }

           Frame Bip01_R_Finger0Nub {
            

            FrameTransformMatrix {
             -1.000000,0.000000,0.000000,0.000000,0.000000,1.000000,-0.000000,0.000000,0.000000,0.000000,-1.000000,0.000000,0.029435,0.000000,-0.000000,1.000000;;
            }
           }
          }

          Frame Bip01_R_Finger1 {
           

           FrameTransformMatrix {
            0.352436,0.000745,0.935835,0.000000,-0.000000,1.000000,-0.000796,0.000000,-0.935836,0.000281,0.352436,0.000000,0.084102,-0.000000,0.000000,1.000000;;
           }

           Frame Bip01_R_Finger1Nub {
            

            FrameTransformMatrix {
             -1.000000,0.000000,0.000000,0.000000,0.000000,1.000000,-0.000000,0.000000,-0.000000,0.000000,-1.000000,0.000000,0.047988,0.000000,-0.000000,1.000000;;
            }
           }
          }
         }
        }
       }
      }
     }

     Frame Bip01_BackPack {
      

      FrameTransformMatrix {
       0.180560,0.080500,-0.980264,0.000000,0.047560,0.994764,0.090451,0.000000,0.982413,-0.062954,0.175786,0.000000,0.063697,0.000003,-0.088856,1.000000;;
      }

      Frame Bip01_BackPackNub {
       

       FrameTransformMatrix {
        0.000796,0.000003,1.000000,0.000000,0.000000,-1.000000,0.000003,0.000000,1.000000,-0.000000,-0.000796,0.000000,0.053240,0.000000,0.000000,1.000000;;
       }
      }
     }
    }

    Frame Bip01_L_Thigh {
     

     FrameTransformMatrix {
      -0.888504,0.030427,0.457858,0.000000,-0.032107,-0.999476,0.004114,0.000000,0.457744,-0.011045,0.889016,0.000000,-0.050843,0.055225,-0.008917,1.000000;;
     }

     Frame Bip01_L_Calf {
      

      FrameTransformMatrix {
       0.942235,-0.000000,-0.334952,0.000000,-0.000000,1.000000,-0.000000,0.000000,0.334952,-0.000000,0.942235,0.000000,0.237500,0.000000,-0.000000,1.000000;;
      }

      Frame Bip01_L_Foot {
       

       FrameTransformMatrix {
        0.924325,-0.026487,0.380687,0.000000,-0.068962,0.969570,0.234901,0.000000,-0.375325,-0.243378,0.894371,0.000000,0.206841,0.000000,0.000000,1.000000;;
       }

       Frame Bip01_L_Toe0 {
        

        FrameTransformMatrix {
         0.000000,0.000000,1.000000,0.000000,0.000000,1.000000,-0.000000,0.000000,-1.000000,0.000000,0.000000,0.000000,0.065373,0.000000,0.066450,1.000000;;
        }

        Frame Bip01_L_Toe0Nub {
         

         FrameTransformMatrix {
          -1.000000,0.000000,0.000000,0.000000,0.000000,1.000000,0.000000,0.000000,0.000000,0.000000,-1.000000,0.000000,0.006735,-0.000000,0.000000,1.000000;;
         }
        }
       }
      }
     }
    }

    Frame Bip01_R_Thigh {
     

     FrameTransformMatrix {
      -0.996965,0.030321,-0.071704,0.000000,-0.029454,-0.999480,-0.013113,0.000000,-0.072065,-0.010961,0.997340,0.000000,-0.050843,-0.055225,-0.008917,1.000000;;
     }

     Frame Bip01_R_Calf {
      

      FrameTransformMatrix {
       0.730239,0.000000,-0.683192,0.000000,0.000000,1.000000,0.000000,0.000000,0.683192,0.000000,0.730239,0.000000,0.237500,0.000000,0.000000,1.000000;;
      }

      Frame Bip01_R_Foot {
       

       FrameTransformMatrix {
        0.991957,0.087165,-0.091782,0.000000,-0.093276,0.993546,-0.064539,0.000000,0.085565,0.072581,0.993685,0.000000,0.206841,0.000000,0.000000,1.000000;;
       }

       Frame Bip01_R_Toe0 {
        

        FrameTransformMatrix {
         0.000000,0.000000,1.000000,0.000000,0.000000,1.000000,-0.000000,0.000000,-1.000000,0.000000,0.000000,0.000000,0.065373,0.000000,0.066450,1.000000;;
        }

        Frame Bip01_R_Toe0Nub {
         

         FrameTransformMatrix {
          1.000000,0.000000,0.000000,0.000000,0.000000,1.000000,-0.000000,0.000000,-0.000000,-0.000000,1.000000,0.000000,0.006735,-0.000000,0.000000,1.000000;;
         }
        }
       }
      }
     }
    }
   }

   Frame Bip01_DressFront {
    

    FrameTransformMatrix {
     -0.880185,-0.088339,0.466338,0.000000,0.121847,0.907542,0.401896,0.000000,-0.458725,0.410564,-0.788041,0.000000,-0.043935,0.001339,0.061057,1.000000;;
    }

    Frame Bip01_DressFront02 {
     

     FrameTransformMatrix {
      0.912593,0.000001,0.408870,0.000000,-0.000001,1.000000,-0.000000,0.000000,-0.408870,-0.000000,0.912593,0.000000,0.183378,-0.000000,-0.000120,1.000000;;
     }

     Frame Bip01_DressFrontNub {
      

      FrameTransformMatrix {
       0.000796,0.000003,1.000000,0.000000,0.000000,-1.000000,0.000003,0.000000,1.000000,0.000000,-0.000796,0.000000,0.165302,0.000000,0.000000,1.000000;;
      }
     }
    }
   }

   Frame Bip01_DressBack {
    

    FrameTransformMatrix {
     -0.886023,0.038029,0.462080,0.000000,0.191625,0.937561,0.290274,0.000000,-0.422190,0.345735,-0.837988,0.000000,-0.047673,-0.000048,-0.078302,1.000000;;
    }

    Frame Bip01_DressBack02 {
     

     FrameTransformMatrix {
      0.936852,0.174932,-0.302833,0.000000,-0.166408,0.984581,0.053939,0.000000,0.307600,-0.000139,0.951516,0.000000,0.176125,0.000000,-0.000103,1.000000;;
     }

     Frame Bip01_DressBackNub {
      

      FrameTransformMatrix {
       0.000796,0.000003,1.000000,0.000000,-0.000000,-1.000000,0.000003,0.000000,1.000000,-0.000000,-0.000796,0.000000,0.136508,0.000000,0.000000,1.000000;;
      }
     }
    }
   }
  }

  Frame Bip01_Prop1 {
   

   FrameTransformMatrix {
    -0.233929,-0.108090,0.966227,0.000000,0.687222,0.684611,0.242967,0.000000,-0.687752,0.720849,-0.085868,0.000000,0.072994,-0.055506,-0.134034,1.000000;;
   }
  }

  Frame Bip01_Prop2 {
   

   FrameTransformMatrix {
    -0.163643,-0.967062,0.194966,0.000000,0.985576,-0.168906,-0.010564,0.000000,0.043147,0.190425,0.980753,0.000000,-0.140709,-0.103585,0.102365,1.000000;;
   }
  }
 }
}

Frame Translation_Data {
 

 FrameTransformMatrix {
  1.000000,0.000000,0.000000,0.000000,0.000000,-0.000000,-1.000000,0.000000,0.000000,1.000000,-0.000000,0.000000,0.000000,0.000000,0.000000,1.000000;;
 }
}

Frame Kate_Hair_RachelCurly {
 

 FrameTransformMatrix {
  1.000000,0.000000,0.000000,0.000000,0.000000,1.000000,0.000000,0.000000,0.000000,0.000000,1.000000,0.000000,0.000000,0.000000,0.003289,1.000000;;
 }

 Mesh Kate_Hair_RachelCurly {
  92;
  0.048509;0.837575;-0.020761;,
  0.070511;0.888630;0.029801;,
  0.057547;0.836346;0.019037;,
  0.057943;0.889436;-0.015957;,
  0.059362;0.893706;0.065817;,
  0.051774;0.837582;0.053297;,
  0.067538;0.928652;0.029598;,
  0.058752;0.928350;-0.011434;,
  0.059248;0.928272;0.065522;,
  0.048776;0.956269;0.028669;,
  0.033845;0.954487;-0.016116;,
  0.043843;0.956272;0.065292;,
  0.022936;0.977794;0.028880;,
  0.018947;0.973707;-0.007114;,
  0.011982;0.972653;0.065259;,
  0.003754;0.971156;0.028744;,
  0.003578;0.970936;-0.014267;,
  -0.000511;0.971043;0.065105;,
  0.031166;0.837528;0.083684;,
  0.034981;0.893652;0.091397;,
  0.035489;0.928331;0.093470;,
  0.024010;0.956224;0.086143;,
  -0.000735;0.837951;0.097532;,
  -0.000805;0.893441;0.105946;,
  -0.000573;0.929740;0.108007;,
  -0.000523;0.956453;0.090318;,
  -0.048741;0.841132;-0.030559;,
  -0.076044;0.888850;0.029483;,
  -0.064182;0.889081;-0.017880;,
  -0.061309;0.832566;0.018713;,
  -0.066339;0.893657;0.067466;,
  -0.057444;0.833273;0.059464;,
  -0.073918;0.928583;0.029421;,
  -0.061044;0.928378;-0.018579;,
  -0.065593;0.928418;0.067368;,
  -0.049639;0.956480;0.028759;,
  -0.045414;0.956455;-0.008350;,
  -0.044775;0.956418;0.065239;,
  -0.017744;0.977822;0.028825;,
  -0.015474;0.974685;-0.001315;,
  -0.013069;0.972654;0.065242;,
  0.003754;0.971156;0.028744;,
  0.003578;0.970936;-0.014267;,
  -0.034161;0.834114;0.086820;,
  -0.036463;0.893538;0.091470;,
  -0.036503;0.928320;0.093559;,
  -0.025057;0.956224;0.086143;,
  -0.035191;0.910252;-0.038127;,
  -0.004700;0.950193;-0.040289;,
  -0.003084;0.938389;-0.039532;,
  -0.044478;0.921874;-0.037986;,
  -0.003084;0.938389;-0.039532;,
  0.037385;0.934926;-0.018950;,
  -0.004700;0.950193;-0.040289;,
  -0.043367;0.952623;-0.021812;,
  0.043169;0.889406;-0.005023;,
  0.035492;0.840837;-0.010628;,
  0.043451;0.924798;-0.013753;,
  0.057830;0.810424;0.016218;,
  0.024211;0.809570;-0.015304;,
  0.038201;0.810579;-0.027262;,
  0.030461;0.811186;0.017086;,
  0.055766;0.812135;0.052073;,
  0.031216;0.809959;0.044642;,
  0.033693;0.805467;0.083871;,
  0.023835;0.805841;0.059397;,
  -0.000453;0.800396;0.098389;,
  -0.000233;0.799775;0.069762;,
  -0.045435;0.787212;-0.017414;,
  -0.029656;0.796630;0.017070;,
  -0.062737;0.795521;0.015965;,
  -0.028898;0.801074;-0.018206;,
  -0.029812;0.796835;0.038437;,
  -0.062532;0.794124;0.058542;,
  -0.021383;0.796745;0.060461;,
  -0.034733;0.793789;0.089008;,
  -0.042770;0.910851;-0.012986;,
  -0.004755;0.934443;-0.029558;,
  -0.004755;0.934443;-0.029558;,
  0.043451;0.924798;-0.013753;,
  -0.037305;0.843810;-0.011025;,
  0.030841;0.840173;0.019493;,
  0.022160;0.840371;0.039496;,
  0.014930;0.840173;0.058152;,
  -0.000717;0.840695;0.063552;,
  -0.014773;0.836972;0.059927;,
  -0.023490;0.836991;0.039200;,
  -0.033712;0.841166;0.019325;,
  -0.037305;0.843810;-0.011025;,
  -0.027539;0.787918;-0.040370;,
  0.048824;0.893511;-0.021564;,
  0.039490;0.873274;-0.032398;;
  157;
  3;0,1,2;,
  3;1,0,3;,
  3;2,4,5;,
  3;4,2,1;,
  3;3,6,1;,
  3;6,3,7;,
  3;1,8,4;,
  3;8,1,6;,
  3;7,9,6;,
  3;9,7,10;,
  3;6,11,8;,
  3;11,6,9;,
  3;10,12,9;,
  3;12,10,13;,
  3;9,14,11;,
  3;14,9,12;,
  3;13,15,12;,
  3;15,13,16;,
  3;12,17,14;,
  3;17,12,15;,
  3;4,18,5;,
  3;18,4,19;,
  3;8,19,4;,
  3;19,8,20;,
  3;11,20,8;,
  3;20,11,21;,
  3;19,22,18;,
  3;22,19,23;,
  3;20,23,19;,
  3;23,20,24;,
  3;21,24,20;,
  3;24,21,25;,
  3;14,21,11;,
  3;14,25,21;,
  3;25,14,17;,
  3;26,27,28;,
  3;27,26,29;,
  3;29,30,27;,
  3;30,29,31;,
  3;28,32,33;,
  3;32,28,27;,
  3;27,34,32;,
  3;34,27,30;,
  3;33,35,36;,
  3;35,33,32;,
  3;32,37,35;,
  3;37,32,34;,
  3;36,38,39;,
  3;38,36,35;,
  3;35,40,38;,
  3;40,35,37;,
  3;39,41,42;,
  3;41,39,38;,
  3;38,17,41;,
  3;17,38,40;,
  3;30,43,44;,
  3;43,30,31;,
  3;34,44,45;,
  3;44,34,30;,
  3;37,45,46;,
  3;45,37,34;,
  3;44,22,23;,
  3;22,44,43;,
  3;45,23,24;,
  3;23,45,44;,
  3;46,24,25;,
  3;24,46,45;,
  3;40,37,46;,
  3;40,46,25;,
  3;25,17,40;,
  3;47,48,49;,
  3;48,47,50;,
  3;51,10,52;,
  3;10,51,53;,
  3;54,42,48;,
  3;53,13,10;,
  3;13,53,16;,
  3;47,26,50;,
  3;50,33,54;,
  3;33,50,28;,
  3;54,48,50;,
  3;50,26,28;,
  3;39,54,36;,
  3;54,39,42;,
  3;54,33,36;,
  3;0,55,3;,
  3;55,0,56;,
  3;7,52,10;,
  3;52,7,57;,
  3;58,59,60;,
  3;59,58,61;,
  3;62,61,58;,
  3;61,62,63;,
  3;64,63,62;,
  3;63,64,65;,
  3;66,65,64;,
  3;65,66,67;,
  3;68,69,70;,
  3;69,68,71;,
  3;70,72,73;,
  3;72,70,69;,
  3;73,74,75;,
  3;74,73,72;,
  3;75,67,66;,
  3;67,75,74;,
  3;49,76,47;,
  3;76,49,77;,
  3;52,78,51;,
  3;78,52,79;,
  3;47,80,26;,
  3;80,47,76;,
  3;2,60,0;,
  3;60,2,58;,
  3;0,59,56;,
  3;59,0,60;,
  3;56,61,81;,
  3;61,56,59;,
  3;81,63,82;,
  3;63,81,61;,
  3;82,65,83;,
  3;65,82,63;,
  3;83,67,84;,
  3;67,83,65;,
  3;84,74,85;,
  3;74,84,67;,
  3;85,72,86;,
  3;72,85,74;,
  3;86,69,87;,
  3;69,86,72;,
  3;87,71,88;,
  3;71,87,69;,
  3;88,89,26;,
  3;89,88,71;,
  3;26,70,29;,
  3;70,26,68;,
  3;29,73,31;,
  3;73,29,70;,
  3;31,75,43;,
  3;75,31,73;,
  3;43,66,22;,
  3;66,43,75;,
  3;22,64,18;,
  3;64,22,66;,
  3;18,62,5;,
  3;62,18,64;,
  3;5,58,2;,
  3;58,5,62;,
  3;3,90,7;,
  3;7,90,57;,
  3;57,90,55;,
  3;3,91,90;,
  3;90,91,55;,
  3;55,91,3;,
  3;26,89,68;,
  3;68,89,71;,
  3;55,56,81;,
  3;76,87,80;;

  MeshNormals {
   92;
   0.397729;0.001786;-0.917501;,
   0.994211;-0.100678;0.037527;,
   0.991031;-0.122692;-0.052959;,
   0.763748;-0.161916;-0.624878;,
   0.863688;-0.096191;0.494762;,
   0.933368;-0.054784;0.354716;,
   0.953011;0.302777;-0.009784;,
   0.740384;0.272488;-0.614477;,
   0.867915;0.227390;0.441609;,
   0.720800;0.691833;-0.042596;,
   0.587875;0.529999;-0.611150;,
   0.659795;0.674525;0.331190;,
   0.249222;0.968396;0.009905;,
   0.305378;0.898153;-0.316331;,
   0.146410;0.936640;0.318230;,
   -0.027830;0.999212;-0.028309;,
   -0.009711;0.901544;-0.432579;,
   0.004619;0.953591;0.301071;,
   0.620612;-0.062624;0.781613;,
   0.568434;-0.093509;0.817398;,
   0.580806;0.170075;0.796078;,
   0.381534;0.636535;0.670265;,
   0.039406;-0.058125;0.997531;,
   -0.000535;-0.103860;0.994592;,
   0.000945;0.209731;0.977759;,
   0.000057;0.694794;0.719209;,
   -0.224774;-0.050696;-0.973091;,
   -0.993056;-0.116417;0.016967;,
   -0.882624;-0.064445;-0.465642;,
   -0.994201;-0.061861;-0.087959;,
   -0.849583;-0.078407;0.521595;,
   -0.917594;-0.044235;0.395050;,
   -0.934687;0.354612;-0.024714;,
   -0.845192;0.300524;-0.441968;,
   -0.828832;0.289057;0.479045;,
   -0.669845;0.742496;-0.002758;,
   -0.670462;0.715941;-0.194703;,
   -0.614490;0.714474;0.334558;,
   -0.165204;0.986028;0.021362;,
   -0.161519;0.956488;-0.242985;,
   -0.155042;0.936417;0.314777;,
   -0.027830;0.999212;-0.028309;,
   -0.009711;0.901544;-0.432579;,
   -0.535998;-0.040508;0.843247;,
   -0.506755;-0.070285;0.859220;,
   -0.535475;0.187948;0.823373;,
   -0.381474;0.636731;0.670113;,
   0.542328;-0.361315;-0.758506;,
   0.095828;0.414582;-0.904953;,
   0.335795;-0.432624;-0.836707;,
   -0.436750;0.139467;-0.888706;,
   0.335795;-0.432624;-0.836707;,
   0.341065;-0.079184;-0.936699;,
   0.095828;0.414582;-0.904953;,
   -0.535692;0.640701;-0.550033;,
   -0.900659;-0.066034;-0.429480;,
   -0.845356;0.233867;-0.480290;,
   0.061022;-0.121954;-0.990658;,
   0.752547;-0.649606;-0.108097;,
   -0.816807;-0.483635;-0.314520;,
   0.083449;-0.447000;-0.890633;,
   -0.735121;-0.676721;0.040576;,
   0.806704;-0.550225;0.215596;,
   -0.451348;-0.849667;-0.272674;,
   0.563034;-0.620654;0.545693;,
   -0.174078;-0.858820;-0.481795;,
   0.133116;-0.609983;0.781153;,
   0.206462;-0.831862;-0.515150;,
   -0.338720;-0.897886;-0.281193;,
   0.743159;-0.668844;0.019017;,
   -0.758201;-0.646460;-0.084971;,
   0.970075;-0.237048;0.052563;,
   0.616632;-0.778445;-0.117426;,
   -0.725839;-0.627576;0.281615;,
   0.450704;-0.815155;-0.363851;,
   -0.347372;-0.677915;0.647892;,
   0.952431;-0.225480;0.205024;,
   0.289890;-0.891559;-0.347976;,
   0.289890;-0.891559;-0.347976;,
   0.061022;-0.121954;-0.990658;,
   0.964281;0.116026;-0.238117;,
   -0.984950;-0.018728;-0.171822;,
   -0.874492;-0.296655;-0.383745;,
   -0.651558;-0.205868;-0.730131;,
   -0.027936;-0.123470;-0.991955;,
   0.608857;-0.104494;-0.786368;,
   0.933518;-0.051331;-0.354837;,
   0.972637;0.120434;-0.198676;,
   0.964281;0.116026;-0.238117;,
   0.396818;-0.597319;-0.696954;,
   -0.219755;0.291920;-0.930855;,
   -0.389133;-0.653272;-0.649469;;
   157;
   3;0,1,2;,
   3;1,0,3;,
   3;2,4,5;,
   3;4,2,1;,
   3;3,6,1;,
   3;6,3,7;,
   3;1,8,4;,
   3;8,1,6;,
   3;7,9,6;,
   3;9,7,10;,
   3;6,11,8;,
   3;11,6,9;,
   3;10,12,9;,
   3;12,10,13;,
   3;9,14,11;,
   3;14,9,12;,
   3;13,15,12;,
   3;15,13,16;,
   3;12,17,14;,
   3;17,12,15;,
   3;4,18,5;,
   3;18,4,19;,
   3;8,19,4;,
   3;19,8,20;,
   3;11,20,8;,
   3;20,11,21;,
   3;19,22,18;,
   3;22,19,23;,
   3;20,23,19;,
   3;23,20,24;,
   3;21,24,20;,
   3;24,21,25;,
   3;14,21,11;,
   3;14,25,21;,
   3;25,14,17;,
   3;26,27,28;,
   3;27,26,29;,
   3;29,30,27;,
   3;30,29,31;,
   3;28,32,33;,
   3;32,28,27;,
   3;27,34,32;,
   3;34,27,30;,
   3;33,35,36;,
   3;35,33,32;,
   3;32,37,35;,
   3;37,32,34;,
   3;36,38,39;,
   3;38,36,35;,
   3;35,40,38;,
   3;40,35,37;,
   3;39,41,42;,
   3;41,39,38;,
   3;38,17,41;,
   3;17,38,40;,
   3;30,43,44;,
   3;43,30,31;,
   3;34,44,45;,
   3;44,34,30;,
   3;37,45,46;,
   3;45,37,34;,
   3;44,22,23;,
   3;22,44,43;,
   3;45,23,24;,
   3;23,45,44;,
   3;46,24,25;,
   3;24,46,45;,
   3;40,37,46;,
   3;40,46,25;,
   3;25,17,40;,
   3;47,48,49;,
   3;48,47,50;,
   3;51,10,52;,
   3;10,51,53;,
   3;54,42,48;,
   3;53,13,10;,
   3;13,53,16;,
   3;47,26,50;,
   3;50,33,54;,
   3;33,50,28;,
   3;54,48,50;,
   3;50,26,28;,
   3;39,54,36;,
   3;54,39,42;,
   3;54,33,36;,
   3;0,55,3;,
   3;55,0,56;,
   3;7,52,10;,
   3;52,7,57;,
   3;58,59,60;,
   3;59,58,61;,
   3;62,61,58;,
   3;61,62,63;,
   3;64,63,62;,
   3;63,64,65;,
   3;66,65,64;,
   3;65,66,67;,
   3;68,69,70;,
   3;69,68,71;,
   3;70,72,73;,
   3;72,70,69;,
   3;73,74,75;,
   3;74,73,72;,
   3;75,67,66;,
   3;67,75,74;,
   3;49,76,47;,
   3;76,49,77;,
   3;52,78,51;,
   3;78,52,79;,
   3;47,80,26;,
   3;80,47,76;,
   3;2,60,0;,
   3;60,2,58;,
   3;0,59,56;,
   3;59,0,60;,
   3;56,61,81;,
   3;61,56,59;,
   3;81,63,82;,
   3;63,81,61;,
   3;82,65,83;,
   3;65,82,63;,
   3;83,67,84;,
   3;67,83,65;,
   3;84,74,85;,
   3;74,84,67;,
   3;85,72,86;,
   3;72,85,74;,
   3;86,69,87;,
   3;69,86,72;,
   3;87,71,88;,
   3;71,87,69;,
   3;88,89,26;,
   3;89,88,71;,
   3;26,70,29;,
   3;70,26,68;,
   3;29,73,31;,
   3;73,29,70;,
   3;31,75,43;,
   3;75,31,73;,
   3;43,66,22;,
   3;66,43,75;,
   3;22,64,18;,
   3;64,22,66;,
   3;18,62,5;,
   3;62,18,64;,
   3;5,58,2;,
   3;58,5,62;,
   3;3,90,7;,
   3;7,90,57;,
   3;57,90,55;,
   3;3,91,90;,
   3;90,91,55;,
   3;55,91,3;,
   3;26,89,68;,
   3;68,89,71;,
   3;55,56,81;,
   3;76,87,80;;
  }

  MeshMaterialList {
   1;
   157;
   0,
   0,
   0,
   0,
   0,
   0,
   0,
   0,
   0,
   0,
   0,
   0,
   0,
   0,
   0,
   0,
   0,
   0,
   0,
   0,
   0,
   0,
   0,
   0,
   0,
   0,
   0,
   0,
   0,
   0,
   0,
   0,
   0,
   0,
   0,
   0,
   0,
   0,
   0,
   0,
   0,
   0,
   0,
   0,
   0,
   0,
   0,
   0,
   0,
   0,
   0,
   0,
   0,
   0,
   0,
   0,
   0,
   0,
   0,
   0,
   0,
   0,
   0,
   0,
   0,
   0,
   0,
   0,
   0,
   0,
   0,
   0,
   0,
   0,
   0,
   0,
   0,
   0,
   0,
   0,
   0,
   0,
   0,
   0,
   0,
   0,
   0,
   0,
   0,
   0,
   0,
   0,
   0,
   0,
   0,
   0,
   0,
   0,
   0,
   0,
   0,
   0,
   0,
   0,
   0,
   0,
   0,
   0,
   0,
   0,
   0,
   0,
   0,
   0,
   0,
   0,
   0,
   0,
   0,
   0,
   0,
   0,
   0,
   0,
   0,
   0,
   0,
   0,
   0,
   0,
   0,
   0,
   0,
   0,
   0,
   0,
   0,
   0,
   0,
   0,
   0,
   0,
   0,
   0,
   0,
   0,
   0,
   0,
   0,
   0,
   0,
   0,
   0,
   0,
   0,
   0,
   0;
   { _02_-_Default }
  }

  MeshTextureCoords c1 {
   92;
   0.068825;0.617574;,
   0.202051;0.459528;,
   0.196393;0.597725;,
   0.062909;0.466256;,
   0.301348;0.445493;,
   0.286053;0.595638;,
   0.209273;0.372939;,
   0.080159;0.366543;,
   0.303179;0.373623;,
   0.237557;0.295053;,
   0.116912;0.277718;,
   0.335488;0.303118;,
   0.285866;0.214668;,
   0.170778;0.202739;,
   0.409391;0.224068;,
   0.308439;0.165833;,
   0.151199;0.164827;,
   0.476341;0.201441;,
   0.383935;0.596456;,
   0.384012;0.444549;,
   0.388091;0.371239;,
   0.408677;0.298845;,
   0.469140;0.588298;,
   0.470079;0.441142;,
   0.470605;0.365766;,
   0.473578;0.284889;,
   0.906467;0.600271;,
   0.748527;0.448209;,
   0.876474;0.452124;,
   0.772708;0.590862;,
   0.646555;0.436228;,
   0.662397;0.586756;,
   0.737643;0.364550;,
   0.865246;0.352053;,
   0.642527;0.368007;,
   0.711845;0.284357;,
   0.819477;0.271609;,
   0.611194;0.295184;,
   0.664454;0.217493;,
   0.768673;0.207365;,
   0.540783;0.219262;,
   0.644131;0.164660;,
   0.819991;0.164489;,
   0.557192;0.590247;,
   0.555972;0.438537;,
   0.552724;0.366236;,
   0.536940;0.294064;,
   0.956132;0.347843;,
   0.958504;0.217778;,
   0.970518;0.256065;,
   0.930005;0.376963;,
   0.003742;0.182069;,
   0.067456;0.316538;,
   0.026954;0.158066;,
   0.862338;0.282136;,
   0.026285;0.471637;,
   0.032387;0.659743;,
   0.037566;0.363989;,
   0.211884;0.660295;,
   0.102645;0.675658;,
   0.097571;0.661430;,
   0.198905;0.722264;,
   0.292915;0.666265;,
   0.279097;0.741942;,
   0.387224;0.671754;,
   0.364777;0.733884;,
   0.477429;0.674517;,
   0.472221;0.738349;,
   0.838270;0.682938;,
   0.733225;0.744371;,
   0.739859;0.673878;,
   0.830662;0.712069;,
   0.660611;0.749414;,
   0.647527;0.667712;,
   0.568213;0.743159;,
   0.556805;0.677522;,
   0.995057;0.382332;,
   0.971133;0.348761;,
   0.001867;0.227753;,
   0.045987;0.336470;,
   0.953419;0.578328;,
   0.146312;0.775146;,
   0.258379;0.810687;,
   0.363772;0.822106;,
   0.456683;0.849029;,
   0.548892;0.839016;,
   0.669655;0.843098;,
   0.797430;0.828781;,
   0.934639;0.730862;,
   0.831817;0.715467;,
   0.047284;0.432399;,
   0.018926;0.533920;;
  }

  XSkinMeshHeader {
   1;
   1;
   1;
  }

  SkinWeights {
   "Bip01_Head";
   92;
   0,
   1,
   2,
   3,
   4,
   5,
   6,
   7,
   8,
   9,
   10,
   11,
   12,
   13,
   14,
   15,
   16,
   17,
   18,
   19,
   20,
   21,
   22,
   23,
   24,
   25,
   26,
   27,
   28,
   29,
   30,
   31,
   32,
   33,
   34,
   35,
   36,
   37,
   38,
   39,
   40,
   41,
   42,
   43,
   44,
   45,
   46,
   47,
   48,
   49,
   50,
   51,
   52,
   53,
   54,
   55,
   56,
   57,
   58,
   59,
   60,
   61,
   62,
   63,
   64,
   65,
   66,
   67,
   68,
   69,
   70,
   71,
   72,
   73,
   74,
   75,
   76,
   77,
   78,
   79,
   80,
   81,
   82,
   83,
   84,
   85,
   86,
   87,
   88,
   89,
   90,
   91;
   1.000000,
   1.000000,
   1.000000,
   1.000000,
   1.000000,
   1.000000,
   1.000000,
   1.000000,
   1.000000,
   1.000000,
   1.000000,
   1.000000,
   1.000000,
   1.000000,
   1.000000,
   1.000000,
   1.000000,
   1.000000,
   1.000000,
   1.000000,
   1.000000,
   1.000000,
   1.000000,
   1.000000,
   1.000000,
   1.000000,
   1.000000,
   1.000000,
   1.000000,
   1.000000,
   1.000000,
   1.000000,
   1.000000,
   1.000000,
   1.000000,
   1.000000,
   1.000000,
   1.000000,
   1.000000,
   1.000000,
   1.000000,
   1.000000,
   1.000000,
   1.000000,
   1.000000,
   1.000000,
   1.000000,
   1.000000,
   1.000000,
   1.000000,
   1.000000,
   1.000000,
   1.000000,
   1.000000,
   1.000000,
   1.000000,
   1.000000,
   1.000000,
   1.000000,
   1.000000,
   1.000000,
   1.000000,
   1.000000,
   1.000000,
   1.000000,
   1.000000,
   1.000000,
   1.000000,
   1.000000,
   1.000000,
   1.000000,
   1.000000,
   1.000000,
   1.000000,
   1.000000,
   1.000000,
   1.000000,
   1.000000,
   1.000000,
   1.000000,
   1.000000,
   1.000000,
   1.000000,
   1.000000,
   1.000000,
   1.000000,
   1.000000,
   1.000000,
   1.000000,
   1.000000,
   1.000000,
   1.000000;
   0.000000,1.000000,-0.000001,0.000000,1.000000,-0.000000,0.000001,0.000000,0.000001,-0.000001,-1.000000,0.000000,-0.824644,0.000000,0.027356,1.000000;;
  }
 }
}

AnimTicksPerSecond  {
 4800;
}

AnimationSet Bob_Walk {
 

 Animation {
  
  { Dummy01 }

  AnimationKey S {
   1;
   2;
   0;3;1.000000,1.000000,1.000000;;,
   3200;3;1.000000,1.000000,1.000000;;;
  }

  AnimationKey R {
   0;
   2;
   0;4;0.707107,0.707107,0.000000,0.000000;;,
   3200;4;0.707107,0.707107,0.000000,0.000000;;;
  }

  AnimationKey T {
   2;
   2;
   0;3;0.000000,0.000000,0.000000;;,
   3200;3;0.000000,0.000000,0.000000;;;
  }
 }

 Animation {
  
  { Bip01 }

  AnimationKey S {
   1;
   2;
   0;3;1.000000,1.000000,1.000000;;,
   3200;3;1.000000,1.000000,1.000000;;;
  }

  AnimationKey R {
   0;
   21;
   0;4;0.515802,-0.436315,-0.562899,-0.476154;;,
   160;4;0.517441,-0.437578,-0.561533,-0.474828;;,
   320;4;0.521626,-0.440871,-0.557927,-0.471441;;,
   480;4;0.527247,-0.445573,-0.552691,-0.466912;;,
   640;4;0.533452,-0.451064,-0.546445,-0.461918;;,
   800;4;0.539863,-0.456672,-0.539862,-0.456671;;,
   960;4;0.546445,-0.461919,-0.533451,-0.451064;;,
   1120;4;0.552691,-0.466914,-0.527246,-0.445574;;,
   1280;4;0.557926,-0.471443,-0.521624,-0.440872;;,
   1440;4;0.561532,-0.474830,-0.517438,-0.437580;;,
   1600;4;0.562897,-0.476157,-0.515800,-0.436316;;,
   1760;4;0.561532,-0.474830,-0.517438,-0.437580;;,
   1920;4;0.557926,-0.471443,-0.521624,-0.440872;;,
   2080;4;0.552691,-0.466914,-0.527246,-0.445574;;,
   2240;4;0.546445,-0.461919,-0.533451,-0.451064;;,
   2400;4;0.539863,-0.456672,-0.539862,-0.456671;;,
   2560;4;0.533452,-0.451064,-0.546445,-0.461918;;,
   2720;4;0.527247,-0.445573,-0.552691,-0.466912;;,
   2880;4;0.521626,-0.440871,-0.557927,-0.471441;;,
   3040;4;0.517441,-0.437578,-0.561533,-0.474828;;,
   3200;4;0.515802,-0.436315,-0.562899,-0.476154;;;
  }

  AnimationKey T {
   2;
   21;
   0;3;-0.010000,-0.012284,0.490453;;,
   160;3;-0.010708,-0.012284,0.491858;;,
   320;3;-0.010749,-0.012284,0.495223;;,
   480;3;-0.010016,-0.012284,0.499328;;,
   640;3;-0.008388,-0.012284,0.502988;;,
   800;3;-0.005725,-0.012284,0.504988;;,
   960;3;-0.002280,-0.012284,0.504002;;,
   1120;3;0.001356,-0.012284,0.500588;;,
   1280;3;0.004842,-0.012284,0.496226;;,
   1440;3;0.007841,-0.012284,0.492357;;,
   1600;3;0.010000,-0.012284,0.490453;;,
   1760;3;0.011004,-0.012284,0.491604;;,
   1920;3;0.010933,-0.012284,0.494934;;,
   2080;3;0.009946,-0.012284,0.499131;;,
   2240;3;0.008187,-0.012284,0.502917;;,
   2400;3;0.005782,-0.012284,0.504988;;,
   2560;3;0.002869,-0.012284,0.503948;;,
   2720;3;-0.000359,-0.012284,0.500406;;,
   2880;3;-0.003707,-0.012284,0.495943;;,
   3040;3;-0.006986,-0.012284,0.492100;;,
   3200;3;-0.010000,-0.012284,0.490453;;;
  }
 }

 Animation {
  
  { Bip01_Pelvis }

  AnimationKey S {
   1;
   2;
   0;3;1.000000,1.000000,1.000000;;,
   3200;3;1.000000,1.000000,1.000000;;;
  }

  AnimationKey R {
   0;
   21;
   0;4;0.500001,-0.499999,-0.500000,-0.500000;;,
   160;4;0.502878,-0.497105,-0.502877,-0.497106;;,
   320;4;0.506123,-0.493801,-0.506123,-0.493802;;,
   480;4;0.509152,-0.490677,-0.509152,-0.490678;;,
   640;4;0.511400,-0.488334,-0.511399,-0.488335;;,
   800;4;0.512285,-0.487405,-0.512285,-0.487406;;,
   960;4;0.511605,-0.488119,-0.511605,-0.488120;;,
   1120;4;0.509768,-0.490038,-0.509767,-0.490039;;,
   1280;4;0.507050,-0.492849,-0.507049,-0.492850;;,
   1440;4;0.503710,-0.496263,-0.503709,-0.496263;;,
   1600;4;0.500001,-0.499999,-0.500000,-0.500000;;,
   1760;4;0.496198,-0.503773,-0.496197,-0.503774;;,
   1920;4;0.492628,-0.507265,-0.492627,-0.507266;;,
   2080;4;0.489628,-0.510161,-0.489627,-0.510162;;,
   2240;4;0.487550,-0.512148,-0.487549,-0.512149;;,
   2400;4;0.486768,-0.512891,-0.486767,-0.512892;;,
   2560;4;0.487745,-0.511962,-0.487744,-0.511963;;,
   2720;4;0.490207,-0.509605,-0.490207,-0.509605;;,
   2880;4;0.493490,-0.506426,-0.493489,-0.506427;;,
   3040;4;0.496961,-0.503020,-0.496961,-0.503021;;,
   3200;4;0.500001,-0.499999,-0.500000,-0.500000;;;
  }

  AnimationKey T {
   2;
   2;
   0;3;0.000000,0.000000,0.000000;;,
   3200;3;0.000000,0.000000,0.000000;;;
  }
 }

 Animation {
  
  { Bip01_Spine }

  AnimationKey S {
   1;
   2;
   0;3;1.000000,1.000000,1.000000;;,
   3200;3;1.000000,1.000000,1.000000;;;
  }

  AnimationKey R {
   0;
   21;
   0;4;0.996164,-0.000002,-0.087504,-0.000001;;,
   160;4;0.996148,0.000503,-0.087503,-0.005750;;,
   320;4;0.996089,0.001076,-0.087498,-0.012274;;,
   480;4;0.995994,0.001615,-0.087489,-0.018403;;,
   640;4;0.995899,0.002016,-0.087481,-0.022976;;,
   800;4;0.995856,0.002175,-0.087477,-0.024784;;,
   960;4;0.995889,0.002053,-0.087480,-0.023395;;,
   1120;4;0.995970,0.001724,-0.087487,-0.019653;;,
   1280;4;0.996064,0.001241,-0.087495,-0.014146;;,
   1440;4;0.996137,0.000650,-0.087502,-0.007418;;,
   1600;4;0.996164,-0.000002,-0.087504,-0.000001;;,
   1760;4;0.996136,-0.000665,-0.087502,0.007547;;,
   1920;4;0.996058,-0.001283,-0.087495,0.014582;;,
   2080;4;0.995954,-0.001799,-0.087486,0.020455;;,
   2240;4;0.995863,-0.002155,-0.087478,0.024505;;,
   2400;4;0.995824,-0.002288,-0.087474,0.026024;;,
   2560;4;0.995872,-0.002121,-0.087479,0.024125;;,
   2720;4;0.995977,-0.001699,-0.087488,0.019324;;,
   2880;4;0.996081,-0.001134,-0.087497,0.012888;;,
   3040;4;0.996146,-0.000532,-0.087503,0.006036;;,
   3200;4;0.996164,-0.000002,-0.087504,-0.000001;;;
  }

  AnimationKey T {
   2;
   21;
   0;3;0.051619,0.000000,-0.000083;;,
   160;3;0.051615,0.000596,-0.000083;;,
   320;3;0.051603,0.001272,-0.000083;;,
   480;3;0.051583,0.001907,-0.000083;;,
   640;3;0.051564,0.002380,-0.000083;;,
   800;3;0.051555,0.002568,-0.000083;;,
   960;3;0.051562,0.002424,-0.000083;;,
   1120;3;0.051578,0.002036,-0.000083;;,
   1280;3;0.051598,0.001466,-0.000083;;,
   1440;3;0.051613,0.000769,-0.000083;;,
   1600;3;0.051619,0.000000,-0.000083;;,
   1760;3;0.051613,-0.000782,-0.000083;;,
   1920;3;0.051596,-0.001511,-0.000083;;,
   2080;3;0.051575,-0.002119,-0.000083;;,
   2240;3;0.051556,-0.002539,-0.000083;;,
   2400;3;0.051548,-0.002696,-0.000083;;,
   2560;3;0.051558,-0.002499,-0.000083;;,
   2720;3;0.051580,-0.002002,-0.000083;;,
   2880;3;0.051601,-0.001335,-0.000083;;,
   3040;3;0.051615,-0.000626,-0.000083;;,
   3200;3;0.051619,0.000000,-0.000083;;;
  }
 }

 Animation {
  
  { Bip01_Spine1 }

  AnimationKey S {
   1;
   2;
   0;3;1.000000,1.000000,1.000000;;,
   3200;3;1.000000,1.000000,1.000000;;;
  }

  AnimationKey R {
   0;
   21;
   0;4;0.995544,0.088322,0.022149,-0.024497;;,
   160;4;0.996188,0.080990,0.022461,-0.023342;;,
   320;4;0.997602,0.062049,0.023185,-0.020083;;,
   480;4;0.998959,0.035809,0.023963,-0.014989;;,
   640;4;0.999646,0.006414,0.024470,-0.008307;;,
   800;4;0.999458,-0.021962,0.024504,-0.000285;;,
   960;4;0.998626,-0.045736,0.024053,0.008679;;,
   1120;4;0.997506,-0.064272,0.023267,0.017588;;,
   1280;4;0.996410,-0.077620,0.022385,0.025342;;,
   1440;4;0.995604,-0.085742,0.021679,0.030849;;,
   1600;4;0.995301,-0.088500,0.021398,0.032959;;,
   1760;4;0.995983,-0.081152,0.021844,0.030922;;,
   1920;4;0.997476,-0.062171,0.022843,0.025573;;,
   2080;4;0.998910,-0.035879,0.023856,0.017983;;,
   2240;4;0.999638,-0.006435,0.024464,0.009198;;,
   2400;4;0.999458,0.021962,0.024504,0.000284;;,
   2560;4;0.998634,0.045715,0.024093,-0.007788;;,
   2720;4;0.997554,0.064204,0.023459,-0.014597;;,
   2880;4;0.996534,0.077500,0.022812,-0.019859;;,
   3040;4;0.995809,0.085581,0.022331,-0.023273;;,
   3200;4;0.995544,0.088322,0.022149,-0.024497;;;
  }

  AnimationKey T {
   2;
   21;
   0;3;0.106484,-0.000015,-0.000083;;,
   160;3;0.106484,-0.000014,-0.000084;;,
   320;3;0.106484,-0.000010,-0.000084;;,
   480;3;0.106484,-0.000006,-0.000084;;,
   640;3;0.106484,-0.000001,-0.000085;;,
   800;3;0.106484,0.000004,-0.000085;;,
   960;3;0.106484,0.000008,-0.000084;;,
   1120;3;0.106484,0.000011,-0.000084;;,
   1280;3;0.106484,0.000013,-0.000084;;,
   1440;3;0.106484,0.000014,-0.000083;;,
   1600;3;0.106484,0.000015,-0.000083;;,
   1760;3;0.106484,0.000014,-0.000084;;,
   1920;3;0.106484,0.000010,-0.000084;;,
   2080;3;0.106484,0.000006,-0.000084;;,
   2240;3;0.106484,0.000001,-0.000085;;,
