xof 0303txt 0032
template ColorRGBA {
 <35ff44e0-6c7c-11cf-8f52-0040333594a3>
 FLOAT red;
 FLOAT green;
 FLOAT blue;
 FLOAT alpha;
}

template ColorRGB {
 <d3e16e81-7835-11cf-8f52-0040333594a3>
 FLOAT red;
 FLOAT green;
 FLOAT blue;
}

template Material {
 <3d82ab4d-62da-11cf-ab39-0020af71e433>
 ColorRGBA faceColor;
 FLOAT power;
 ColorRGB specularColor;
 ColorRGB emissiveColor;
 [...]
}

template TextureFilename {
 <a42790e1-7810-11cf-8f52-0040333594a3>
 STRING filename;
}

template Frame {
 <3d82ab46-62da-11cf-ab39-0020af71e433>
 [...]
}

template Matrix4x4 {
 <f6f23f45-7686-11cf-8f52-0040333594a3>
 array FLOAT matrix[16];
}

template FrameTransformMatrix {
 <f6f23f41-7686-11cf-8f52-0040333594a3>
 Matrix4x4 frameMatrix;
}

template Vector {
 <3d82ab5e-62da-11cf-ab39-0020af71e433>
 FLOAT x;
 FLOAT y;
 FLOAT z;
}

template MeshFace {
 <3d82ab5f-62da-11cf-ab39-0020af71e433>
 DWORD nFaceVertexIndices;
 array DWORD faceVertexIndices[nFaceVertexIndices];
}

template Mesh {
 <3d82ab44-62da-11cf-ab39-0020af71e433>
 DWORD nVertices;
 array Vector vertices[nVertices];
 DWORD nFaces;
 array MeshFace faces[nFaces];
 [...]
}

template MeshNormals {
 <f6f23f43-7686-11cf-8f52-0040333594a3>
 DWORD nNormals;
 array Vector normals[nNormals];
 DWORD nFaceNormals;
 array MeshFace faceNormals[nFaceNormals];
}

template MeshMaterialList {
 <f6f23f42-7686-11cf-8f52-0040333594a3>
 DWORD nMaterials;
 DWORD nFaceIndexes;
 array DWORD faceIndexes[nFaceIndexes];
 [Material <3d82ab4d-62da-11cf-ab39-0020af71e433>]
}

template Coords2d {
 <f6f23f44-7686-11cf-8f52-0040333594a3>
 FLOAT u;
 FLOAT v;
}

template MeshTextureCoords {
 <f6f23f40-7686-11cf-8f52-0040333594a3>
 DWORD nTextureCoords;
 array Coords2d textureCoords[nTextureCoords];
}

template XSkinMeshHeader {
 <3cf169ce-ff7c-44ab-93c0-f78f62d172e2>
 WORD nMaxSkinWeightsPerVertex;
 WORD nMaxSkinWeightsPerFace;
 WORD nBones;
}

template SkinWeights {
 <6f0d123b-bad2-4167-a0d0-80224f25fabb>
 STRING transformNodeName;
 DWORD nWeights;
 array DWORD vertexIndices[nWeights];
 array FLOAT weights[nWeights];
 Matrix4x4 matrixOffset;
}

template AnimTicksPerSecond {
 <9e415a43-7ba6-4a73-8743-b73d47e88476>
 DWORD AnimTicksPerSecond;
}

template Animation {
 <3d82ab4f-62da-11cf-ab39-0020af71e433>
 [...]
}

template AnimationSet {
 <3d82ab50-62da-11cf-ab39-0020af71e433>
 [Animation <3d82ab4f-62da-11cf-ab39-0020af71e433>]
}

template FloatKeys {
 <10dd46a9-775b-11cf-8f52-0040333594a3>
 DWORD nValues;
 array FLOAT values[nValues];
}

template TimedFloatKeys {
 <f406b180-7b3b-11cf-8f52-0040333594a3>
 DWORD time;
 FloatKeys tfkeys;
}

template AnimationKey {
 <10dd46a8-775b-11cf-8f52-0040333594a3>
 DWORD keyType;
 DWORD nKeys;
 array TimedFloatKeys keys[nKeys];
}


Material _21_-_Default {
 1.000000;1.000000;1.000000;1.000000;;
 9.999999;
 0.000000;0.000000;0.000000;;
 0.000000;0.000000;0.000000;;

 TextureFilename {
  "9mm.png";
 }
}

Frame Dummy01 {
 

 FrameTransformMatrix {
  1.000000,0.000000,0.000000,0.000000,0.000000,-0.000000,-1.000000,0.000000,0.000000,1.000000,-0.000000,0.000000,0.000000,0.000000,0.000000,1.000000;;
 }

 Frame Bip01 {
  

  FrameTransformMatrix {
   -0.087155,0.982405,-0.165183,0.000000,-0.000001,0.165814,0.986157,0.000000,0.996195,0.085949,-0.014450,0.000000,-0.010000,-0.012284,0.490453,1.000000;;
  }

  Frame Bip01_Pelvis {
   

   FrameTransformMatrix {
    0.000000,1.000000,-0.000001,0.000000,-0.000001,0.000001,1.000000,0.000000,1.000000,0.000000,0.000001,0.000000,0.000000,0.000000,0.000000,1.000000;;
   }

   Frame Bip01_Spine {
    

    FrameTransformMatrix {
     0.984686,0.000002,-0.174337,0.000000,-0.000001,1.000000,0.000004,0.000000,0.174337,-0.000004,0.984686,0.000000,0.051619,0.000000,-0.000083,1.000000;;
    }

    Frame Bip01_Spine1 {
     

     FrameTransformMatrix {
      0.997819,0.052687,0.039774,0.000000,-0.044862,0.983198,-0.176942,0.000000,-0.048428,0.174771,0.983417,0.000000,0.106484,-0.000015,-0.000083,1.000000;;
     }

     Frame Bip01_Neck {
      

      FrameTransformMatrix {
       0.966067,-0.020835,0.257451,0.000000,0.025191,0.999590,-0.013632,0.000000,-0.257061,0.019655,0.966195,0.000000,0.130511,-0.000001,0.004626,1.000000;;
      }

      Frame Bip01_Head {
       

       FrameTransformMatrix {
        0.989321,-0.051753,-0.136255,0.000000,0.064251,0.993958,0.088989,0.000000,0.130826,-0.096793,0.986669,0.000000,0.033674,-0.000000,-0.000000,1.000000;;
       }
      }

      Frame Bip01_L_Clavicle {
       

       FrameTransformMatrix {
        -0.205975,0.976135,0.068811,0.000000,0.943873,0.216738,-0.249254,0.000000,-0.258220,0.013609,-0.965990,0.000000,-0.024734,0.015166,0.002017,1.000000;;
       }

       Frame Bip01_L_UpperArm {
        

        FrameTransformMatrix {
         0.385871,-0.777669,0.496320,0.000000,0.922466,0.332598,-0.196046,0.000000,-0.012616,0.533487,0.845714,0.000000,0.087086,-0.000000,-0.000000,1.000000;;
        }

        Frame Bip01_L_Forearm {
         

         FrameTransformMatrix {
          0.943939,0.000000,-0.330119,0.000000,0.000000,1.000000,-0.000000,0.000000,0.330119,-0.000000,0.943939,0.000000,0.137062,0.000000,0.000000,1.000000;;
         }

         Frame Bip01_L_Hand {
          

          FrameTransformMatrix {
           1.000000,-0.000000,0.000000,0.000000,0.000000,0.000796,1.000000,0.000000,0.000000,-1.000000,0.000796,0.000000,0.137062,0.000000,0.000000,1.000000;;
          }

          Frame Bip01_L_Finger0 {
           

           FrameTransformMatrix {
            0.690342,-0.181727,0.700288,0.000000,0.558537,0.749101,-0.356210,0.000000,-0.459853,0.637043,0.618637,0.000000,0.057681,-0.023605,-0.000272,1.000000;;
           }
          }

          Frame Bip01_L_Finger1 {
           

           FrameTransformMatrix {
            0.728079,-0.000546,0.685493,0.000000,0.000000,1.000000,0.000796,0.000000,-0.685493,-0.000580,0.728079,0.000000,0.084102,0.000000,0.000000,1.000000;;
           }
          }
         }
        }
       }
      }

      Frame Bip01_R_Clavicle {
       

       FrameTransformMatrix {
        -0.028509,-0.999573,-0.006461,0.000000,-0.965665,0.025871,0.258498,0.000000,-0.258220,0.013609,-0.965990,0.000000,-0.024080,-0.016250,0.001399,1.000000;;
       }

       Frame Bip01_R_UpperArm {
        

        FrameTransformMatrix {
         0.221390,0.975047,0.016433,0.000000,-0.974986,0.221654,-0.016512,0.000000,-0.019742,-0.012366,0.999729,0.000000,0.087086,0.000000,0.000000,1.000000;;
        }

        Frame Bip01_R_Forearm {
         

         FrameTransformMatrix {
          0.915660,-0.000000,-0.401954,0.000000,-0.000000,1.000000,-0.000000,0.000000,0.401954,-0.000000,0.915660,0.000000,0.137062,0.000000,0.000000,1.000000;;
         }

         Frame Bip01_R_Hand {
          

          FrameTransformMatrix {
           0.975195,-0.000000,-0.221346,0.000000,-0.221346,0.000796,-0.975195,0.000000,0.000176,1.000000,0.000777,0.000000,0.137062,-0.000000,0.000000,1.000000;;
          }

          Frame Bip01_R_Finger0 {
           

           FrameTransformMatrix {
            0.417774,-0.116941,0.900994,0.000000,-0.558537,0.749101,0.356210,0.000000,-0.716591,-0.652054,0.247639,0.000000,0.057681,0.023605,-0.000272,1.000000;;
           }
          }

          Frame Bip01_R_Finger1 {
           

           FrameTransformMatrix {
            0.352436,0.000745,0.935835,0.000000,0.000000,1.000000,-0.000796,0.000000,-0.935836,0.000281,0.352436,0.000000,0.084102,0.000000,0.000000,1.000000;;
           }
          }
         }
        }
       }
      }
     }

     Frame Bip01_BackPack {
      

      FrameTransformMatrix {
       0.180560,0.080500,-0.980264,0.000000,0.047560,0.994764,0.090451,0.000000,0.982413,-0.062954,0.175786,0.000000,0.063697,0.000003,-0.088856,1.000000;;
      }
     }
    }

    Frame Bip01_L_Thigh {
     

     FrameTransformMatrix {
      -0.888504,0.030427,0.457858,0.000000,-0.032107,-0.999476,0.004114,0.000000,0.457744,-0.011045,0.889016,0.000000,-0.050843,0.055225,-0.008917,1.000000;;
     }

     Frame Bip01_L_Calf {
      

      FrameTransformMatrix {
       0.942235,-0.000000,-0.334952,0.000000,-0.000000,1.000000,-0.000000,0.000000,0.334952,-0.000000,0.942235,0.000000,0.237500,0.000000,-0.000000,1.000000;;
      }

      Frame Bip01_L_Foot {
       

       FrameTransformMatrix {
        0.924325,-0.026487,0.380687,0.000000,-0.068962,0.969570,0.234901,0.000000,-0.375325,-0.243378,0.894371,0.000000,0.206841,0.000000,0.000000,1.000000;;
       }

       Frame Bip01_L_Toe0 {
        

        FrameTransformMatrix {
         0.000000,0.000000,1.000000,0.000000,0.000000,1.000000,-0.000000,0.000000,-1.000000,0.000000,0.000000,0.000000,0.065373,0.000000,0.066450,1.000000;;
        }
       }
      }
     }
    }

    Frame Bip01_R_Thigh {
     

     FrameTransformMatrix {
      -0.996965,0.030321,-0.071704,0.000000,-0.029454,-0.999480,-0.013113,0.000000,-0.072065,-0.010961,0.997340,0.000000,-0.050843,-0.055225,-0.008917,1.000000;;
     }

     Frame Bip01_R_Calf {
      

      FrameTransformMatrix {
       0.730239,0.000000,-0.683192,0.000000,0.000000,1.000000,0.000000,0.000000,0.683192,0.000000,0.730239,0.000000,0.237500,0.000000,0.000000,1.000000;;
      }

      Frame Bip01_R_Foot {
       

       FrameTransformMatrix {
        0.991957,0.087165,-0.091782,0.000000,-0.093276,0.993546,-0.064539,0.000000,0.085565,0.072581,0.993685,0.000000,0.206841,0.000000,0.000000,1.000000;;
       }

       Frame Bip01_R_Toe0 {
        

        FrameTransformMatrix {
         0.000000,0.000000,1.000000,0.000000,0.000000,1.000000,-0.000000,0.000000,-1.000000,0.000000,0.000000,0.000000,0.065373,0.000000,0.066450,1.000000;;
        }
       }
      }
     }
    }
   }

   Frame Bip01_DressFront {
    

    FrameTransformMatrix {
     -0.880185,-0.088339,0.466338,0.000000,0.121847,0.907542,0.401896,0.000000,-0.458725,0.410564,-0.788041,0.000000,-0.043935,0.001339,0.061057,1.000000;;
    }

    Frame Bip01_DressFront02 {
     

     FrameTransformMatrix {
      0.912593,0.000001,0.408870,0.000000,-0.000001,1.000000,-0.000000,0.000000,-0.408870,-0.000000,0.912593,0.000000,0.183378,-0.000000,-0.000120,1.000000;;
     }
    }
   }

   Frame Bip01_DressBack {
    

    FrameTransformMatrix {
     -0.886023,0.038029,0.462080,0.000000,0.191625,0.937561,0.290274,0.000000,-0.422190,0.345735,-0.837988,0.000000,-0.047673,-0.000048,-0.078302,1.000000;;
    }

    Frame Bip01_DressBack02 {
     

     FrameTransformMatrix {
      0.936852,0.174932,-0.302833,0.000000,-0.166408,0.984581,0.053939,0.000000,0.307600,-0.000139,0.951516,0.000000,0.176125,0.000000,-0.000103,1.000000;;
     }
    }
   }
  }

  Frame Bip01_Prop1 {
   

   FrameTransformMatrix {
    -0.233929,-0.108090,0.966227,0.000000,0.687222,0.684611,0.242967,0.000000,-0.687752,0.720849,-0.085868,0.000000,0.076452,-0.048658,-0.145664,1.000000;;
   }
  }

  Frame Bip01_Prop2 {
   

   FrameTransformMatrix {
    -0.163643,-0.967062,0.194966,0.000000,0.985576,-0.168906,-0.010564,0.000000,0.043147,0.190425,0.980753,0.000000,-0.138405,-0.102098,0.114818,1.000000;;
   }
  }
 }
}

Frame Translation_Data {
 

 FrameTransformMatrix {
  -0.000000,0.000000,-1.000000,0.000000,-1.000000,-0.000000,0.000000,0.000000,-0.000000,1.000000,0.000000,0.000000,0.000000,-0.000000,0.000000,1.000000;;
 }
}

Frame Bob_WeddingJacket {
 

 FrameTransformMatrix {
  1.000000,0.000000,0.000000,0.000000,0.000000,1.000000,0.000000,0.000000,0.000000,0.000000,1.000000,0.000000,0.000000,0.000000,0.000000,1.000000;;
 }

 Mesh Bob_WeddingJacket {
  269;
  0.068560;0.779957;0.011864;,
  0.036752;0.772306;0.002508;,
  0.042244;0.795561;0.024679;,
  0.079890;0.762958;-0.001724;,
  0.088362;0.742222;-0.007059;,
  0.056321;0.711828;-0.037124;,
  0.041879;0.745529;-0.021951;,
  0.096011;0.706375;-0.003164;,
  0.031559;0.807973;0.073965;,
  0.078251;0.778929;0.093589;,
  0.065500;0.796151;0.063869;,
  0.047238;0.779946;0.100535;,
  0.111061;0.553529;0.060423;,
  0.061462;0.561476;0.106119;,
  0.064953;0.549935;0.105446;,
  0.111273;0.563973;0.060158;,
  0.101017;0.566538;-0.015645;,
  0.108706;0.539828;0.006000;,
  0.059921;0.561461;-0.051305;,
  0.085986;0.515999;-0.029363;,
  0.049821;0.506034;-0.047246;,
  0.025532;0.711985;-0.040738;,
  0.031831;0.746038;-0.022476;,
  -0.000004;0.558811;0.112351;,
  -0.000004;0.545623;0.111122;,
  0.064159;0.648206;0.095443;,
  0.000000;0.681976;0.104664;,
  -0.000000;0.649023;0.101023;,
  0.066477;0.684716;0.100452;,
  0.080779;0.463181;-0.040064;,
  0.129155;0.383320;0.001485;,
  0.083731;0.380286;-0.040372;,
  0.118342;0.467605;0.003843;,
  0.114879;0.460314;0.063035;,
  0.119517;0.388328;0.072970;,
  0.131852;0.313174;0.024713;,
  0.122974;0.286482;0.085633;,
  0.113087;0.511765;0.012014;,
  0.108642;0.505251;0.062616;,
  0.060184;0.503584;0.106227;,
  0.064084;0.460870;0.108104;,
  0.126713;0.265189;0.085817;,
  0.063375;0.604954;0.101049;,
  0.091552;0.649541;0.071822;,
  0.104824;0.657881;0.049166;,
  0.095985;0.618793;-0.011834;,
  0.097604;0.671405;-0.006690;,
  0.106837;0.609289;0.062254;,
  0.059088;0.676100;-0.045178;,
  0.063645;0.618865;-0.049331;,
  0.134853;0.792611;0.002634;,
  0.185388;0.790208;0.010223;,
  0.117527;0.727913;0.007296;,
  0.234412;0.715459;0.012418;,
  0.177868;0.720860;0.010253;,
  0.240149;0.783388;0.012466;,
  0.123431;0.730267;0.071732;,
  0.177868;0.720860;0.010253;,
  0.172795;0.721357;0.084247;,
  0.225175;0.715870;0.086838;,
  0.234412;0.715459;0.012418;,
  0.126148;0.737089;0.085409;,
  0.179939;0.790759;0.084331;,
  0.130003;0.792735;0.079025;,
  0.230973;0.783418;0.086957;,
  0.133355;0.802657;0.035994;,
  0.265709;0.778814;0.012920;,
  0.323018;0.710985;0.014236;,
  0.262810;0.713329;0.014039;,
  0.322925;0.768664;0.013293;,
  0.363120;0.706000;0.011586;,
  0.371424;0.758136;0.010721;,
  0.262810;0.713329;0.014039;,
  0.320511;0.712734;0.078692;,
  0.258747;0.714015;0.084641;,
  0.323018;0.710985;0.014236;,
  0.363891;0.712260;0.076629;,
  0.363120;0.706000;0.011586;,
  0.320094;0.769319;0.077463;,
  0.261599;0.779094;0.083718;,
  0.371291;0.759115;0.074037;,
  0.096504;0.799232;0.066121;,
  0.101665;0.808454;0.035020;,
  0.065500;0.796151;0.063869;,
  0.065881;0.807781;0.036404;,
  0.098008;0.691220;0.082446;,
  0.042361;0.807652;0.041969;,
  0.096034;0.793538;0.006698;,
  0.079890;0.762958;-0.001724;,
  0.068560;0.779957;0.011864;,
  0.104263;0.762163;0.000077;,
  0.101306;0.734805;0.089762;,
  0.058864;0.722048;0.105580;,
  0.104281;0.738967;0.087419;,
  0.000000;0.716395;0.107899;,
  0.000000;0.776462;0.094340;,
  0.078251;0.778929;0.093589;,
  0.104281;0.738967;0.087419;,
  0.105685;0.725368;0.023693;,
  0.111253;0.729243;0.072834;,
  0.117527;0.727913;0.007296;,
  0.107310;0.695339;0.045190;,
  0.100565;0.699151;0.011666;,
  0.088362;0.742222;-0.007059;,
  0.106909;0.694518;0.063143;,
  0.065881;0.807781;0.036404;,
  -0.000001;0.560340;-0.055938;,
  -0.001491;0.499247;-0.057409;,
  -0.000024;0.500968;0.111839;,
  0.000012;0.460444;0.113255;,
  -0.000004;0.604217;0.104763;,
  0.042361;0.807652;0.041969;,
  0.065881;0.807781;0.036404;,
  0.111253;0.729243;0.072834;,
  0.000000;0.807498;0.080455;,
  0.108492;0.725329;0.041183;,
  0.105685;0.725368;0.023693;,
  0.018180;0.676131;-0.048642;,
  0.088362;0.742222;-0.007059;,
  0.000001;0.614738;-0.056052;,
  0.024726;0.458475;-0.058415;,
  0.009951;0.292858;0.111824;,
  0.063313;0.234472;0.107460;,
  0.085593;0.290329;0.104018;,
  0.025991;0.258503;0.110951;,
  0.076350;0.383659;0.107028;,
  0.004587;0.385278;0.113368;,
  0.108492;0.725329;0.041183;,
  -0.067199;0.782550;0.006974;,
  -0.036752;0.772305;0.002508;,
  -0.079890;0.762958;-0.001724;,
  -0.042244;0.795561;0.024679;,
  -0.088362;0.742222;-0.007059;,
  -0.056321;0.711828;-0.037124;,
  -0.096011;0.706375;-0.003164;,
  -0.041879;0.745530;-0.021951;,
  -0.031257;0.808085;0.074048;,
  -0.078409;0.778600;0.093704;,
  -0.047238;0.779946;0.100534;,
  -0.065604;0.803534;0.063693;,
  -0.111068;0.553530;0.060423;,
  -0.061469;0.561476;0.106119;,
  -0.111281;0.563973;0.060158;,
  -0.064961;0.549936;0.105446;,
  -0.101025;0.566538;-0.015645;,
  -0.108713;0.539830;0.006000;,
  -0.059928;0.561462;-0.051305;,
  -0.086033;0.516002;-0.029363;,
  -0.049901;0.506028;-0.047235;,
  -0.000004;0.558811;0.112351;,
  -0.000004;0.545623;0.111122;,
  -0.064159;0.648206;0.095443;,
  0.000000;0.681976;0.104664;,
  -0.066477;0.684716;0.100453;,
  -0.000000;0.649023;0.101023;,
  -0.080756;0.463185;-0.040064;,
  -0.130422;0.383320;0.001485;,
  -0.118317;0.467612;0.003845;,
  -0.083726;0.380286;-0.040372;,
  -0.131840;0.313174;0.024713;,
  -0.114855;0.460321;0.063034;,
  -0.119512;0.388328;0.072970;,
  -0.122962;0.286482;0.085633;,
  -0.113134;0.511771;0.012015;,
  -0.108689;0.505255;0.062617;,
  -0.060231;0.503586;0.106227;,
  -0.064061;0.460873;0.108104;,
  -0.063382;0.604954;0.101049;,
  -0.091552;0.649541;0.071822;,
  -0.104824;0.657881;0.049166;,
  -0.095985;0.618793;-0.011834;,
  -0.106844;0.609289;0.062254;,
  -0.097604;0.671405;-0.006690;,
  -0.059088;0.676100;-0.045178;,
  -0.063645;0.618865;-0.049331;,
  -0.134853;0.792611;0.002634;,
  -0.117527;0.727913;0.007296;,
  -0.185388;0.790208;0.010223;,
  -0.234412;0.715459;0.012418;,
  -0.240149;0.783388;0.012466;,
  -0.177868;0.720860;0.010253;,
  -0.122140;0.725173;0.075618;,
  -0.172795;0.721357;0.084247;,
  -0.177868;0.720860;0.010253;,
  -0.225175;0.715870;0.086838;,
  -0.234412;0.715459;0.012418;,
  -0.126148;0.737089;0.085409;,
  -0.179939;0.790759;0.084331;,
  -0.130003;0.792735;0.079025;,
  -0.230973;0.783418;0.086957;,
  -0.133355;0.802657;0.035994;,
  -0.265709;0.778814;0.012920;,
  -0.323018;0.710985;0.014236;,
  -0.322924;0.768664;0.013293;,
  -0.262810;0.713329;0.014039;,
  -0.363127;0.706110;0.011475;,
  -0.371424;0.758136;0.010721;,
  -0.262810;0.713329;0.014039;,
  -0.320362;0.712788;0.078749;,
  -0.323018;0.710985;0.014236;,
  -0.258747;0.714015;0.084641;,
  -0.363539;0.708263;0.076398;,
  -0.363127;0.706110;0.011475;,
  -0.320094;0.769319;0.077463;,
  -0.261599;0.779094;0.083718;,
  -0.371288;0.759093;0.074061;,
  -0.097001;0.799156;0.066293;,
  -0.101665;0.808454;0.035020;,
  -0.065604;0.803534;0.063693;,
  -0.065781;0.807612;0.035681;,
  -0.098008;0.691220;0.082446;,
  -0.042046;0.807780;0.041611;,
  -0.096034;0.793538;0.006698;,
  -0.079890;0.762958;-0.001724;,
  -0.104263;0.762163;0.000077;,
  -0.067199;0.782550;0.006974;,
  -0.101306;0.734805;0.089762;,
  -0.104281;0.738967;0.087419;,
  -0.058864;0.722048;0.105580;,
  0.000000;0.716395;0.107899;,
  0.000000;0.776462;0.094340;,
  -0.078409;0.778600;0.093704;,
  -0.104281;0.738967;0.087419;,
  -0.105685;0.725368;0.023693;,
  -0.117527;0.727913;0.007296;,
  -0.111253;0.729243;0.072834;,
  -0.107321;0.695339;0.045190;,
  -0.100576;0.699151;0.011666;,
  -0.088362;0.742222;-0.007059;,
  -0.106909;0.694518;0.063143;,
  -0.034000;0.459864;-0.050963;,
  -0.065781;0.807612;0.035681;,
  -0.000024;0.500968;0.111839;,
  0.000012;0.460444;0.113255;,
  -0.000004;0.604217;0.104763;,
  -0.042046;0.807780;0.041611;,
  -0.065781;0.807612;0.035681;,
  -0.111253;0.729243;0.072834;,
  0.000000;0.807498;0.080455;,
  -0.108492;0.725329;0.041183;,
  -0.105685;0.725368;0.023693;,
  -0.088362;0.742222;-0.007059;,
  -0.034000;0.459864;-0.050963;,
  -0.049901;0.506028;-0.047235;,
  -0.122962;0.286482;0.085633;,
  -0.070670;0.232399;0.108535;,
  -0.085540;0.291798;0.107788;,
  -0.119512;0.388328;0.072970;,
  -0.076226;0.382993;0.109897;,
  0.000012;0.460444;0.113255;,
  -0.064061;0.460873;0.108104;,
  0.000689;0.439293;0.113851;,
  -0.108492;0.725329;0.041183;,
  -0.002331;0.479218;-0.055699;,
  0.119517;0.388328;0.072970;,
  0.064084;0.460870;0.108104;,
  0.114879;0.460314;0.063035;,
  0.122974;0.286482;0.085633;,
  0.126713;0.265189;0.085817;,
  -0.016878;0.292858;0.111824;,
  -0.007426;0.385278;0.113368;,
  -0.034533;0.258503;0.110951;,
  -0.114855;0.460321;0.063034;,
  -0.032498;0.746009;-0.022447;,
  -0.027117;0.711976;-0.040509;,
  -0.020996;0.676127;-0.048281;,
  -0.126699;0.265189;0.085817;,
  -0.126699;0.265189;0.085817;,
  -0.076226;0.382993;0.109897;;
  377;
  3;0,1,2;,
  3;1,0,3;,
  3;4,5,6;,
  3;5,4,7;,
  3;8,9,10;,
  3;9,8,11;,
  3;12,13,14;,
  3;13,12,15;,
  3;16,12,17;,
  3;12,16,15;,
  3;18,19,20;,
  3;19,18,16;,
  3;21,6,5;,
  3;6,21,22;,
  3;14,23,24;,
  3;23,14,13;,
  3;25,26,27;,
  3;26,25,28;,
  3;29,30,31;,
  3;30,29,32;,
  3;33,30,32;,
  3;30,33,34;,
  3;34,35,30;,
  3;35,34,36;,
  3;32,19,37;,
  3;19,32,29;,
  3;14,38,12;,
  3;38,14,39;,
  3;39,33,38;,
  3;33,39,40;,
  3;36,41,35;,
  3;12,37,17;,
  3;37,12,38;,
  3;38,32,37;,
  3;32,38,33;,
  3;42,43,25;,
  3;44,45,46;,
  3;45,44,47;,
  3;45,48,46;,
  3;48,45,49;,
  3;50,51,52;,
  3;51,53,54;,
  3;53,51,55;,
  3;56,57,58;,
  3;57,59,58;,
  3;59,57,60;,
  3;61,62,63;,
  3;61,58,62;,
  3;61,56,58;,
  3;58,64,62;,
  3;64,58,59;,
  3;65,62,51;,
  3;62,55,51;,
  3;55,62,64;,
  3;66,67,68;,
  3;67,66,69;,
  3;69,70,67;,
  3;70,69,71;,
  3;72,73,74;,
  3;73,72,75;,
  3;75,76,73;,
  3;76,75,77;,
  3;74,78,79;,
  3;78,74,73;,
  3;73,80,78;,
  3;80,73,76;,
  3;79,69,66;,
  3;69,79,78;,
  3;78,71,69;,
  3;71,78,80;,
  3;64,66,55;,
  3;66,64,79;,
  3;55,68,53;,
  3;68,55,66;,
  3;59,72,74;,
  3;72,59,60;,
  3;74,64,59;,
  3;64,74,79;,
  3;81,65,82;,
  3;65,81,63;,
  3;82,83,81;,
  3;83,82,84;,
  3;43,28,25;,
  3;28,43,85;,
  3;10,86,8;,
  3;87,88,89;,
  3;88,87,90;,
  3;50,90,87;,
  3;91,11,92;,
  3;91,9,11;,
  3;91,93,9;,
  3;94,11,95;,
  3;11,94,92;,
  3;81,83,96;,
  3;63,97,61;,
  3;63,96,97;,
  3;63,81,96;,
  3;98,56,99;,
  3;56,98,100;,
  3;46,101,44;,
  3;101,46,102;,
  3;103,100,98;,
  3;7,102,46;,
  3;101,104,44;,
  3;19,29,20;,
  3;16,17,19;,
  3;17,37,19;,
  3;86,10,105;,
  3;20,106,18;,
  3;106,20,107;,
  3;24,39,14;,
  3;39,24,108;,
  3;39,109,40;,
  3;109,39,108;,
  3;57,56,100;,
  3;52,51,54;,
  3;49,16,18;,
  3;16,49,45;,
  3;45,15,16;,
  3;15,45,47;,
  3;15,42,13;,
  3;42,15,47;,
  3;13,110,23;,
  3;110,13,42;,
  3;111,112,2;,
  3;2,112,0;,
  3;89,82,87;,
  3;82,89,84;,
  3;87,65,50;,
  3;65,87,82;,
  3;65,51,50;,
  3;62,65,63;,
  3;47,44,43;,
  3;91,113,93;,
  3;44,85,43;,
  3;85,44,104;,
  3;43,42,47;,
  3;114,11,8;,
  3;28,94,26;,
  3;94,28,92;,
  3;92,85,91;,
  3;85,92,28;,
  3;85,113,91;,
  3;113,85,104;,
  3;113,101,115;,
  3;101,113,104;,
  3;115,102,116;,
  3;102,115,101;,
  3;7,116,102;,
  3;116,7,4;,
  3;48,21,5;,
  3;21,48,117;,
  3;48,7,46;,
  3;7,48,5;,
  3;6,3,4;,
  3;3,6,1;,
  3;118,90,52;,
  3;90,118,88;,
  3;90,50,52;,
  3;61,99,56;,
  3;99,61,97;,
  3;22,1,6;,
  3;27,42,25;,
  3;42,27,110;,
  3;114,95,11;,
  3;18,119,49;,
  3;119,18,106;,
  3;31,120,29;,
  3;29,120,20;,
  3;121,122,123;,
  3;122,121,124;,
  3;125,121,123;,
  3;121,125,126;,
  3;98,99,127;,
  3;128,129,130;,
  3;129,128,131;,
  3;132,133,134;,
  3;133,132,135;,
  3;136,137,138;,
  3;137,136,139;,
  3;140,141,142;,
  3;141,140,143;,
  3;144,140,142;,
  3;140,144,145;,
  3;146,147,144;,
  3;147,146,148;,
  3;143,149,141;,
  3;149,143,150;,
  3;151,152,153;,
  3;152,151,154;,
  3;155,156,157;,
  3;156,155,158;,
  3;158,159,156;,
  3;160,156,161;,
  3;156,160,157;,
  3;161,159,162;,
  3;159,161,156;,
  3;157,147,155;,
  3;147,157,163;,
  3;143,164,165;,
  3;164,143,140;,
  3;165,160,166;,
  3;160,165,164;,
  3;140,163,164;,
  3;163,140,145;,
  3;164,157,160;,
  3;157,164,163;,
  3;167,151,168;,
  3;169,170,171;,
  3;170,169,172;,
  3;170,173,174;,
  3;173,170,172;,
  3;175,176,177;,
  3;177,178,179;,
  3;178,177,180;,
  3;181,182,183;,
  3;183,184,185;,
  3;184,183,182;,
  3;186,182,181;,
  3;186,187,182;,
  3;186,188,187;,
  3;182,189,184;,
  3;189,182,187;,
  3;190,177,187;,
  3;187,179,189;,
  3;179,187,177;,
  3;191,192,193;,
  3;192,191,194;,
  3;193,195,196;,
  3;195,193,192;,
  3;197,198,199;,
  3;198,197,200;,
  3;199,201,202;,
  3;201,199,198;,
  3;200,203,198;,
  3;203,200,204;,
  3;198,205,201;,
  3;205,198,203;,
  3;204,193,203;,
  3;193,204,191;,
  3;203,196,205;,
  3;196,203,193;,
  3;189,191,204;,
  3;191,189,179;,
  3;179,194,191;,
  3;194,179,178;,
  3;184,197,185;,
  3;197,184,200;,
  3;200,189,204;,
  3;189,200,184;,
  3;206,190,188;,
  3;190,206,207;,
  3;207,208,209;,
  3;208,207,206;,
  3;168,153,210;,
  3;153,168,151;,
  3;139,136,211;,
  3;212,213,214;,
  3;213,212,215;,
  3;175,212,214;,
  3;216,137,217;,
  3;216,138,137;,
  3;216,218,138;,
  3;219,138,218;,
  3;138,219,220;,
  3;206,221,208;,
  3;188,221,206;,
  3;188,222,221;,
  3;188,186,222;,
  3;223,181,224;,
  3;181,223,225;,
  3;172,226,227;,
  3;226,172,169;,
  3;228,223,224;,
  3;134,172,227;,
  3;226,169,229;,
  3;148,230,155;,
  3;147,148,155;,
  3;144,147,145;,
  3;145,147,163;,
  3;211,231,139;,
  3;148,106,107;,
  3;106,148,146;,
  3;150,165,232;,
  3;165,150,143;,
  3;165,233,232;,
  3;233,165,166;,
  3;183,224,181;,
  3;176,180,177;,
  3;174,144,170;,
  3;144,174,146;,
  3;170,142,171;,
  3;142,170,144;,
  3;142,167,171;,
  3;167,142,141;,
  3;141,234,167;,
  3;234,141,149;,
  3;235,131,236;,
  3;131,128,236;,
  3;215,207,209;,
  3;207,215,212;,
  3;212,190,207;,
  3;190,212,175;,
  3;190,175,177;,
  3;187,188,190;,
  3;171,168,169;,
  3;216,217,237;,
  3;169,210,229;,
  3;210,169,168;,
  3;168,171,167;,
  3;238,136,138;,
  3;153,219,218;,
  3;219,153,152;,
  3;218,210,153;,
  3;210,218,216;,
  3;210,237,229;,
  3;237,210,216;,
  3;237,226,229;,
  3;226,237,239;,
  3;239,227,226;,
  3;227,239,240;,
  3;134,240,132;,
  3;240,134,227;,
  3;173,134,133;,
  3;134,173,172;,
  3;135,130,129;,
  3;130,135,132;,
  3;241,214,213;,
  3;214,241,176;,
  3;214,176,175;,
  3;186,225,222;,
  3;225,186,181;,
  3;154,167,234;,
  3;167,154,151;,
  3;238,138,220;,
  3;119,146,174;,
  3;146,119,106;,
  3;107,242,243;,
  3;244,245,246;,
  3;246,247,244;,
  3;247,246,248;,
  3;249,250,251;,
  3;223,252,225;,
  3;243,242,155;,
  3;242,107,253;,
  3;107,120,253;,
  3;120,107,20;,
  3;254,255,125;,
  3;255,254,256;,
  3;254,123,257;,
  3;123,254,125;,
  3;258,257,122;,
  3;259,248,246;,
  3;248,259,260;,
  3;245,259,246;,
  3;259,245,261;,
  3;255,249,251;,
  3;250,247,248;,
  3;247,250,262;,
  3;129,263,135;,
  3;135,264,133;,
  3;264,135,263;,
  3;264,173,133;,
  3;173,264,265;,
  3;265,174,173;,
  3;174,265,119;,
  3;49,117,48;,
  3;117,49,119;,
  3;122,257,123;,
  3;245,244,266;,
  3;35,31,30;,
  3;242,158,155;,
  3;159,267,162;,
  3;250,260,251;,
  3;260,250,268;,
  3;255,126,125;,
  3;126,255,251;;

  MeshNormals {
   269;
   -0.056193;0.631809;-0.773085;,
   0.105159;0.628648;-0.770547;,
   -0.010173;0.713800;-0.700276;,
   0.084788;0.427673;-0.899948;,
   0.433892;0.174678;-0.883870;,
   0.371333;0.280054;-0.885258;,
   0.197253;0.508838;-0.837959;,
   0.814988;0.149750;-0.559794;,
   0.243055;0.828038;0.505250;,
   0.213013;0.458503;0.862787;,
   0.115520;0.907115;0.404720;,
   0.149263;0.459670;0.875457;,
   0.927039;0.067813;0.368781;,
   0.368125;0.050586;0.928399;,
   0.447753;0.006542;0.894134;,
   0.937982;0.105161;0.330350;,
   0.871522;0.024381;-0.489749;,
   0.966310;0.024627;-0.256202;,
   0.394433;-0.012055;-0.918846;,
   0.680797;0.023815;-0.732085;,
   0.312589;0.036627;-0.949182;,
   0.097671;0.316491;-0.943554;,
   0.086835;0.560438;-0.823632;,
   0.000000;0.035464;0.999371;,
   0.000015;-0.024133;0.999709;,
   0.370369;-0.039678;0.928037;,
   -0.000000;-0.118011;0.993012;,
   0.000002;-0.011659;0.999932;,
   0.317108;-0.150294;0.936405;,
   0.544523;0.076676;-0.835234;,
   0.930195;-0.004570;-0.367037;,
   0.631416;-0.014878;-0.775302;,
   0.941542;0.111549;-0.317892;,
   0.890002;0.117093;0.440665;,
   0.859967;0.099246;0.500607;,
   0.999635;0.022974;-0.014187;,
   0.775091;0.086963;0.625837;,
   0.967683;0.075205;-0.240693;,
   0.895857;0.059419;0.440351;,
   0.386348;0.032872;0.921767;,
   0.380039;0.066704;0.922562;,
   0.588520;0.110255;0.800930;,
   0.390803;0.095234;0.915535;,
   0.752270;-0.038246;0.657744;,
   0.991511;-0.043754;0.122444;,
   0.894965;0.057232;-0.442450;,
   0.890765;0.055823;-0.451023;,
   0.927377;0.076934;0.366133;,
   0.419789;0.141150;-0.896579;,
   0.442654;0.060065;-0.894679;,
   0.106597;0.541417;-0.833969;,
   0.160254;0.686983;-0.708782;,
   0.008014;-0.748221;-0.663401;,
   -0.030166;-0.708231;-0.705336;,
   -0.055462;-0.712536;-0.699440;,
   0.131491;0.707377;-0.694499;,
   -0.009960;-0.912834;0.408210;,
   -0.055462;-0.712536;-0.699440;,
   -0.133069;-0.693040;0.708512;,
   -0.046268;-0.697990;0.714611;,
   -0.030166;-0.708231;-0.705336;,
   0.035454;-0.221792;0.974449;,
   0.056143;0.679533;0.731494;,
   0.067160;0.630067;0.773631;,
   0.108862;0.678774;0.726233;,
   0.117154;0.991856;-0.049975;,
   0.132157;0.694996;-0.706764;,
   -0.054836;-0.723302;-0.688351;,
   -0.019216;-0.724614;-0.688887;,
   0.117980;0.700507;-0.703826;,
   -0.088667;-0.706055;-0.702585;,
   0.094618;0.663911;-0.741802;,
   -0.019216;-0.724614;-0.688887;,
   0.025613;-0.692081;0.721365;,
   0.032002;-0.702475;0.710989;,
   -0.054836;-0.723302;-0.688351;,
   0.002790;-0.648785;0.760967;,
   -0.088667;-0.706055;-0.702585;,
   0.188078;0.706440;0.682326;,
   0.178219;0.695318;0.696255;,
   0.184871;0.709573;0.679947;,
   0.043513;0.827566;0.559680;,
   -0.015474;0.993749;-0.110556;,
   0.115520;0.907115;0.404720;,
   -0.075941;0.977426;-0.197156;,
   0.719280;-0.191465;0.667816;,
   0.098516;0.991868;-0.080575;,
   -0.116256;0.629011;-0.768654;,
   0.084788;0.427673;-0.899948;,
   -0.056193;0.631809;-0.773085;,
   0.120156;0.091267;-0.988551;,
   0.563983;-0.067352;0.823035;,
   0.190544;0.002391;0.981676;,
   0.386176;-0.088257;0.918193;,
   -0.000000;0.012832;0.999918;,
   -0.000001;0.279316;0.960199;,
   0.213013;0.458503;0.862787;,
   0.386176;-0.088257;0.918193;,
   0.706771;-0.659178;-0.256827;,
   0.628541;-0.681244;0.375290;,
   0.008014;-0.748221;-0.663401;,
   0.993227;-0.068120;-0.094131;,
   0.968139;0.007134;-0.250312;,
   0.433892;0.174678;-0.883870;,
   0.963985;-0.146618;0.221893;,
   -0.075941;0.977426;-0.197156;,
   0.000193;-0.010491;-0.999945;,
   -0.028804;-0.005151;-0.999572;,
   -0.000036;0.028109;0.999605;,
   -0.000803;0.035761;0.999360;,
   -0.000002;0.122381;0.992483;,
   0.098516;0.991868;-0.080575;,
   -0.075941;0.977426;-0.197156;,
   0.628541;-0.681244;0.375290;,
   0.000499;0.559646;0.828732;,
   0.969518;0.205483;-0.133460;,
   0.706771;-0.659178;-0.256827;,
   0.094848;0.138752;-0.985775;,
   0.433892;0.174678;-0.883870;,
   0.000896;0.044454;-0.999011;,
   0.220240;0.057893;-0.973726;,
   0.098792;-0.001789;0.995107;,
   0.207108;-0.006924;0.978294;,
   0.329465;-0.012545;0.944084;,
   0.104399;0.021087;0.994312;,
   0.359418;0.046484;0.932018;,
   0.091965;-0.008439;0.995727;,
   0.969518;0.205483;-0.133460;,
   0.084465;0.603156;-0.793139;,
   -0.036232;0.581784;-0.812536;,
   -0.104685;0.390025;-0.914834;,
   0.095009;0.717731;-0.689809;,
   -0.433875;0.174704;-0.883873;,
   -0.370651;0.279884;-0.885598;,
   -0.814881;0.149818;-0.559931;,
   -0.197220;0.508546;-0.838144;,
   -0.169821;0.831802;0.528457;,
   -0.219241;0.422891;0.879260;,
   -0.124745;0.436771;0.890881;,
   -0.116697;0.921768;0.369764;,
   -0.927001;0.068205;0.368804;,
   -0.368126;0.050587;0.928399;,
   -0.937983;0.105186;0.330340;,
   -0.447672;0.006736;0.894173;,
   -0.871548;0.024612;-0.489692;,
   -0.966318;0.025265;-0.256109;,
   -0.395066;-0.011124;-0.918585;,
   -0.680982;0.023719;-0.731916;,
   -0.323210;0.006902;-0.946302;,
   0.000000;0.035464;0.999371;,
   0.000015;-0.024133;0.999709;,
   -0.370354;-0.039644;0.928044;,
   -0.000000;-0.118011;0.993012;,
   -0.317108;-0.150294;0.936405;,
   0.000002;-0.011659;0.999932;,
   -0.475360;0.058120;-0.877870;,
   -0.930325;-0.006663;-0.366676;,
   -0.941072;0.114571;-0.318209;,
   -0.623461;-0.017836;-0.781651;,
   -0.999823;0.014539;-0.011914;,
   -0.889862;0.122481;0.439482;,
   -0.865705;0.104707;0.489480;,
   -0.793998;0.084749;0.601984;,
   -0.967704;0.075047;-0.240658;,
   -0.895959;0.059089;0.440190;,
   -0.386563;0.032725;0.921682;,
   -0.379651;0.074908;0.922092;,
   -0.390814;0.095263;0.915527;,
   -0.752261;-0.038181;0.657758;,
   -0.991505;-0.043793;0.122475;,
   -0.894949;0.057292;-0.442474;,
   -0.927379;0.077011;0.366111;,
   -0.890731;0.055775;-0.451096;,
   -0.419067;0.141452;-0.896869;,
   -0.442420;0.060352;-0.894775;,
   -0.106597;0.541418;-0.833969;,
   0.026029;-0.733325;-0.679379;,
   -0.160253;0.686984;-0.708782;,
   0.030164;-0.708231;-0.705336;,
   -0.131490;0.707377;-0.694499;,
   0.039283;-0.706531;-0.706591;,
   0.112529;-0.873617;0.473425;,
   0.096398;-0.689394;0.717944;,
   0.039283;-0.706531;-0.706591;,
   0.046266;-0.697991;0.714610;,
   0.030164;-0.708231;-0.705336;,
   0.020708;-0.142033;0.989645;,
   -0.059898;0.684269;0.726766;,
   -0.071077;0.634281;0.769829;,
   -0.108861;0.678775;0.726233;,
   -0.117312;0.991832;-0.050074;,
   -0.132157;0.694996;-0.706764;,
   0.072718;-0.716464;-0.693824;,
   -0.117734;0.700727;-0.703648;,
   0.019064;-0.724686;-0.688815;,
   0.121304;-0.690291;-0.713291;,
   -0.093989;0.664484;-0.741369;,
   0.019064;-0.724686;-0.688815;,
   -0.012500;-0.685851;0.727635;,
   0.072718;-0.716464;-0.693824;,
   -0.032004;-0.702517;0.710947;,
   0.032053;-0.685021;0.727818;,
   0.121304;-0.690291;-0.713291;,
   -0.189245;0.705902;0.682560;,
   -0.178104;0.695386;0.696217;,
   -0.187643;0.706540;0.682342;,
   -0.108710;0.825507;0.553824;,
   -0.029597;0.992295;-0.120308;,
   -0.116697;0.921768;0.369764;,
   0.052599;0.966411;-0.251561;,
   -0.719279;-0.191466;0.667816;,
   -0.005108;0.982933;-0.183896;,
   0.063212;0.638367;-0.767132;,
   -0.104685;0.390025;-0.914834;,
   -0.143975;0.079060;-0.986418;,
   0.084465;0.603156;-0.793139;,
   -0.563538;-0.068051;0.823282;,
   -0.350334;-0.068420;0.934123;,
   -0.190278;0.002010;0.981728;,
   -0.000000;0.012832;0.999918;,
   -0.000001;0.279316;0.960199;,
   -0.219241;0.422891;0.879260;,
   -0.350334;-0.068420;0.934123;,
   -0.640632;-0.712591;-0.286017;,
   0.026029;-0.733325;-0.679379;,
   -0.528432;-0.728458;0.436015;,
   -0.993243;-0.068142;-0.093938;,
   -0.968088;0.007159;-0.250508;,
   -0.433875;0.174704;-0.883873;,
   -0.963942;-0.146615;0.222081;,
   -0.226993;0.000459;-0.973896;,
   0.052599;0.966411;-0.251561;,
   -0.000036;0.028109;0.999605;,
   -0.000803;0.035761;0.999360;,
   -0.000002;0.122381;0.992483;,
   -0.005108;0.982933;-0.183896;,
   0.052599;0.966411;-0.251561;,
   -0.528432;-0.728458;0.436015;,
   0.000499;0.559646;0.828732;,
   -0.969496;0.205633;-0.133391;,
   -0.640632;-0.712591;-0.286017;,
   -0.433875;0.174704;-0.883873;,
   -0.208782;-0.001250;-0.977961;,
   -0.215128;0.004762;-0.976574;,
   -0.793998;0.084749;0.601984;,
   -0.227196;-0.024054;0.973552;,
   -0.338715;-0.009936;0.940837;,
   -0.865705;0.104707;0.489480;,
   -0.439978;0.067589;0.895461;,
   -0.000803;0.035761;0.999360;,
   -0.379651;0.074908;0.922092;,
   0.008681;0.017129;0.999816;,
   -0.969496;0.205633;-0.133391;,
   -0.128716;-0.079019;-0.988528;,
   0.859967;0.099246;0.500607;,
   0.380039;0.066704;0.922562;,
   0.890002;0.117093;0.440665;,
   0.775091;0.086963;0.625837;,
   0.588520;0.110255;0.800930;,
   -0.057068;-0.008550;0.998334;,
   -0.060672;0.004579;0.998147;,
   -0.061574;0.000479;0.998102;,
   -0.889862;0.122481;0.439482;,
   -0.086678;0.561501;-0.822924;,
   -0.096118;0.318186;-0.943143;,
   -0.093335;0.139376;-0.985831;,
   -0.608067;0.113508;0.785729;,
   -0.608067;0.113508;0.785729;,
   -0.065965;0.020050;0.997621;;
   377;
   3;0,1,2;,
   3;1,0,3;,
   3;4,5,6;,
   3;5,4,7;,
   3;8,9,10;,
   3;9,8,11;,
   3;12,13,14;,
   3;13,12,15;,
   3;16,12,17;,
   3;12,16,15;,
   3;18,19,20;,
   3;19,18,16;,
   3;21,6,5;,
   3;6,21,22;,
   3;14,23,24;,
   3;23,14,13;,
   3;25,26,27;,
   3;26,25,28;,
   3;29,30,31;,
   3;30,29,32;,
   3;33,30,32;,
   3;30,33,34;,
   3;34,35,30;,
   3;35,34,36;,
   3;32,19,37;,
   3;19,32,29;,
   3;14,38,12;,
   3;38,14,39;,
   3;39,33,38;,
   3;33,39,40;,
   3;36,41,35;,
   3;12,37,17;,
   3;37,12,38;,
   3;38,32,37;,
   3;32,38,33;,
   3;42,43,25;,
   3;44,45,46;,
   3;45,44,47;,
   3;45,48,46;,
   3;48,45,49;,
   3;50,51,52;,
   3;51,53,54;,
   3;53,51,55;,
   3;56,57,58;,
   3;57,59,58;,
   3;59,57,60;,
   3;61,62,63;,
   3;61,58,62;,
   3;61,56,58;,
   3;58,64,62;,
   3;64,58,59;,
   3;65,62,51;,
   3;62,55,51;,
   3;55,62,64;,
   3;66,67,68;,
   3;67,66,69;,
   3;69,70,67;,
   3;70,69,71;,
   3;72,73,74;,
   3;73,72,75;,
   3;75,76,73;,
   3;76,75,77;,
   3;74,78,79;,
   3;78,74,73;,
   3;73,80,78;,
   3;80,73,76;,
   3;79,69,66;,
   3;69,79,78;,
   3;78,71,69;,
   3;71,78,80;,
   3;64,66,55;,
   3;66,64,79;,
   3;55,68,53;,
   3;68,55,66;,
   3;59,72,74;,
   3;72,59,60;,
   3;74,64,59;,
   3;64,74,79;,
   3;81,65,82;,
   3;65,81,63;,
   3;82,83,81;,
   3;83,82,84;,
   3;43,28,25;,
   3;28,43,85;,
   3;10,86,8;,
   3;87,88,89;,
   3;88,87,90;,
   3;50,90,87;,
   3;91,11,92;,
   3;91,9,11;,
   3;91,93,9;,
   3;94,11,95;,
   3;11,94,92;,
   3;81,83,96;,
   3;63,97,61;,
   3;63,96,97;,
   3;63,81,96;,
   3;98,56,99;,
   3;56,98,100;,
   3;46,101,44;,
   3;101,46,102;,
   3;103,100,98;,
   3;7,102,46;,
   3;101,104,44;,
   3;19,29,20;,
   3;16,17,19;,
   3;17,37,19;,
   3;86,10,105;,
   3;20,106,18;,
   3;106,20,107;,
   3;24,39,14;,
   3;39,24,108;,
   3;39,109,40;,
   3;109,39,108;,
   3;57,56,100;,
   3;52,51,54;,
   3;49,16,18;,
   3;16,49,45;,
   3;45,15,16;,
   3;15,45,47;,
   3;15,42,13;,
   3;42,15,47;,
   3;13,110,23;,
   3;110,13,42;,
   3;111,112,2;,
   3;2,112,0;,
   3;89,82,87;,
   3;82,89,84;,
   3;87,65,50;,
   3;65,87,82;,
   3;65,51,50;,
   3;62,65,63;,
   3;47,44,43;,
   3;91,113,93;,
   3;44,85,43;,
   3;85,44,104;,
   3;43,42,47;,
   3;114,11,8;,
   3;28,94,26;,
   3;94,28,92;,
   3;92,85,91;,
   3;85,92,28;,
   3;85,113,91;,
   3;113,85,104;,
   3;113,101,115;,
   3;101,113,104;,
   3;115,102,116;,
   3;102,115,101;,
   3;7,116,102;,
   3;116,7,4;,
   3;48,21,5;,
   3;21,48,117;,
   3;48,7,46;,
   3;7,48,5;,
   3;6,3,4;,
   3;3,6,1;,
   3;118,90,52;,
   3;90,118,88;,
   3;90,50,52;,
   3;61,99,56;,
   3;99,61,97;,
   3;22,1,6;,
   3;27,42,25;,
   3;42,27,110;,
   3;114,95,11;,
   3;18,119,49;,
   3;119,18,106;,
   3;31,120,29;,
   3;29,120,20;,
   3;121,122,123;,
   3;122,121,124;,
   3;125,121,123;,
   3;121,125,126;,
   3;98,99,127;,
   3;128,129,130;,
   3;129,128,131;,
   3;132,133,134;,
   3;133,132,135;,
   3;136,137,138;,
   3;137,136,139;,
   3;140,141,142;,
   3;141,140,143;,
   3;144,140,142;,
   3;140,144,145;,
   3;146,147,144;,
   3;147,146,148;,
   3;143,149,141;,
   3;149,143,150;,
   3;151,152,153;,
