xof 0303txt 0032
template ColorRGBA {
 <35ff44e0-6c7c-11cf-8f52-0040333594a3>
 FLOAT red;
 FLOAT green;
 FLOAT blue;
 FLOAT alpha;
}

template ColorRGB {
 <d3e16e81-7835-11cf-8f52-0040333594a3>
 FLOAT red;
 FLOAT green;
 FLOAT blue;
}

template Material {
 <3d82ab4d-62da-11cf-ab39-0020af71e433>
 ColorRGBA faceColor;
 FLOAT power;
 ColorRGB specularColor;
 ColorRGB emissiveColor;
 [...]
}

template TextureFilename {
 <a42790e1-7810-11cf-8f52-0040333594a3>
 STRING filename;
}

template Frame {
 <3d82ab46-62da-11cf-ab39-0020af71e433>
 [...]
}

template Matrix4x4 {
 <f6f23f45-7686-11cf-8f52-0040333594a3>
 array FLOAT matrix[16];
}

template FrameTransformMatrix {
 <f6f23f41-7686-11cf-8f52-0040333594a3>
 Matrix4x4 frameMatrix;
}

template Vector {
 <3d82ab5e-62da-11cf-ab39-0020af71e433>
 FLOAT x;
 FLOAT y;
 FLOAT z;
}

template MeshFace {
 <3d82ab5f-62da-11cf-ab39-0020af71e433>
 DWORD nFaceVertexIndices;
 array DWORD faceVertexIndices[nFaceVertexIndices];
}

template Mesh {
 <3d82ab44-62da-11cf-ab39-0020af71e433>
 DWORD nVertices;
 array Vector vertices[nVertices];
 DWORD nFaces;
 array MeshFace faces[nFaces];
 [...]
}

template MeshNormals {
 <f6f23f43-7686-11cf-8f52-0040333594a3>
 DWORD nNormals;
 array Vector normals[nNormals];
 DWORD nFaceNormals;
 array MeshFace faceNormals[nFaceNormals];
}

template MeshMaterialList {
 <f6f23f42-7686-11cf-8f52-0040333594a3>
 DWORD nMaterials;
 DWORD nFaceIndexes;
 array DWORD faceIndexes[nFaceIndexes];
 [Material <3d82ab4d-62da-11cf-ab39-0020af71e433>]
}

template Coords2d {
 <f6f23f44-7686-11cf-8f52-0040333594a3>
 FLOAT u;
 FLOAT v;
}

template MeshTextureCoords {
 <f6f23f40-7686-11cf-8f52-0040333594a3>
 DWORD nTextureCoords;
 array Coords2d textureCoords[nTextureCoords];
}

template XSkinMeshHeader {
 <3cf169ce-ff7c-44ab-93c0-f78f62d172e2>
 WORD nMaxSkinWeightsPerVertex;
 WORD nMaxSkinWeightsPerFace;
 WORD nBones;
}

template SkinWeights {
 <6f0d123b-bad2-4167-a0d0-80224f25fabb>
 STRING transformNodeName;
 DWORD nWeights;
 array DWORD vertexIndices[nWeights];
 array FLOAT weights[nWeights];
 Matrix4x4 matrixOffset;
}

template AnimTicksPerSecond {
 <9e415a43-7ba6-4a73-8743-b73d47e88476>
 DWORD AnimTicksPerSecond;
}

template Animation {
 <3d82ab4f-62da-11cf-ab39-0020af71e433>
 [...]
}

template AnimationSet {
 <3d82ab50-62da-11cf-ab39-0020af71e433>
 [Animation <3d82ab4f-62da-11cf-ab39-0020af71e433>]
}

template FloatKeys {
 <10dd46a9-775b-11cf-8f52-0040333594a3>
 DWORD nValues;
 array FLOAT values[nValues];
}

template TimedFloatKeys {
 <f406b180-7b3b-11cf-8f52-0040333594a3>
 DWORD time;
 FloatKeys tfkeys;
}

template AnimationKey {
 <10dd46a8-775b-11cf-8f52-0040333594a3>
 DWORD keyType;
 DWORD nKeys;
 array TimedFloatKeys keys[nKeys];
}


Material _03_-_Defaultwww {
 1.000000;1.000000;1.000000;1.000000;;
 9.999999;
 0.000000;0.000000;0.000000;;
 0.000000;0.000000;0.000000;;

 TextureFilename {
  "LongCoat_Brown.png";
 }
}

Frame Dummy01 {
 

 FrameTransformMatrix {
  1.000000,0.000000,0.000000,0.000000,0.000000,-0.000000,-1.000000,0.000000,0.000000,1.000000,-0.000000,0.000000,0.000000,0.000000,0.000000,1.000000;;
 }

 Frame Bip01 {
  

  FrameTransformMatrix {
   -0.086823,0.993118,-0.078605,0.000000,0.007596,0.079560,0.996801,0.000000,0.996195,0.085948,-0.014451,0.000000,-0.010000,-0.012284,0.487369,1.000000;;
  }

  Frame Bip01_Pelvis {
   

   FrameTransformMatrix {
    -0.042264,0.984200,0.171942,0.000000,0.027524,-0.170883,0.984907,0.000000,0.998727,0.046358,-0.019867,0.000000,0.000000,0.000000,0.000000,1.000000;;
   }

   Frame Bip01_Spine {
    

    FrameTransformMatrix {
     0.987767,-0.086566,-0.129706,0.000000,0.086190,0.996242,-0.008523,0.000000,0.129957,-0.002760,0.991516,0.000000,0.050807,-0.008823,0.002310,1.000000;;
    }

    Frame Bip01_Spine1 {
     

     FrameTransformMatrix {
      0.988533,-0.132590,0.072259,0.000000,0.142448,0.977605,-0.154911,0.000000,-0.050101,0.163428,0.985282,0.000000,0.106484,-0.000014,-0.000084,1.000000;;
     }

     Frame Bip01_Neck {
      

      FrameTransformMatrix {
       0.917306,0.000001,0.398183,0.000000,-0.000001,1.000000,-0.000000,0.000000,-0.398183,-0.000000,0.917306,0.000000,0.130515,0.000000,0.004627,1.000000;;
      }

      Frame Bip01_Head {
       

       FrameTransformMatrix {
        0.976746,-0.007464,-0.214270,0.000000,0.023983,0.996925,0.074597,0.000000,0.213054,-0.078002,0.973922,0.000000,0.033674,0.000000,-0.000000,1.000000;;
       }

       Frame Bip01_HeadNub {
        

        FrameTransformMatrix {
         1.000000,0.000000,0.000000,0.000000,0.000000,1.000000,-0.000000,0.000000,0.000000,0.000000,1.000000,0.000000,0.169824,0.000000,-0.000000,1.000000;;
        }
       }
      }

      Frame Bip01_L_Clavicle {
       

       FrameTransformMatrix {
        -0.253901,0.960903,0.110451,0.000000,0.881137,0.276885,-0.383317,0.000000,-0.398913,-0.000003,-0.916989,0.000000,-0.023890,0.015715,0.005326,1.000000;;
       }

       Frame Bip01_L_UpperArm {
        

        FrameTransformMatrix {
         0.328221,-0.888363,0.321064,0.000000,0.922887,0.374043,0.091495,0.000000,-0.201373,0.266276,0.942627,0.000000,0.087086,0.000000,0.000000,1.000000;;
        }

        Frame Bip01_L_Forearm {
         

         FrameTransformMatrix {
          0.943939,0.000000,-0.330119,0.000000,-0.000000,1.000000,0.000000,0.000000,0.330119,0.000000,0.943939,0.000000,0.137062,0.000000,0.000000,1.000000;;
         }

         Frame Bip01_L_Hand {
          

          FrameTransformMatrix {
           1.000000,0.000000,-0.000000,0.000000,-0.000000,0.000796,1.000000,0.000000,0.000000,-1.000000,0.000796,0.000000,0.137062,0.000000,-0.000000,1.000000;;
          }

          Frame Bip01_L_Finger0 {
           

           FrameTransformMatrix {
            0.690342,-0.181728,0.700288,0.000000,0.558537,0.749101,-0.356210,0.000000,-0.459853,0.637043,0.618637,0.000000,0.057681,-0.023605,-0.000272,1.000000;;
           }

           Frame Bip01_L_Finger0Nub {
            

            FrameTransformMatrix {
             1.000000,-0.000000,0.000000,0.000000,-0.000000,1.000000,0.000000,0.000000,0.000000,0.000000,1.000000,0.000000,0.029435,-0.000000,0.000000,1.000000;;
            }
           }
          }

          Frame Bip01_L_Finger1 {
           

           FrameTransformMatrix {
            0.728079,-0.000546,0.685493,0.000000,-0.000000,1.000000,0.000796,0.000000,-0.685493,-0.000580,0.728079,0.000000,0.084102,0.000000,0.000000,1.000000;;
           }

           Frame Bip01_L_Finger1Nub {
            

            FrameTransformMatrix {
             1.000000,0.000000,0.000000,0.000000,0.000000,1.000000,0.000000,0.000000,-0.000000,0.000000,1.000000,0.000000,0.047988,0.000000,0.000000,1.000000;;
            }
           }
          }
         }
        }
       }
      }

      Frame Bip01_R_Clavicle {
       

       FrameTransformMatrix {
        -0.126461,-0.990445,0.055016,0.000000,-0.908227,0.137910,0.395101,0.000000,-0.398913,-0.000003,-0.916989,0.000000,-0.023890,-0.015714,0.005326,1.000000;;
       }

       Frame Bip01_R_UpperArm {
        

        FrameTransformMatrix {
         0.344214,0.938788,0.013900,0.000000,-0.909330,0.329655,0.253862,0.000000,0.233741,-0.100022,0.967141,0.000000,0.087086,0.000000,0.000000,1.000000;;
        }

        Frame Bip01_R_Forearm {
         

         FrameTransformMatrix {
          0.971548,-0.000000,-0.236845,0.000000,0.000000,1.000000,-0.000000,0.000000,0.236845,0.000000,0.971547,0.000000,0.137062,0.000000,-0.000000,1.000000;;
         }

         Frame Bip01_R_Hand {
          

          FrameTransformMatrix {
           0.975195,0.000000,-0.221346,0.000000,-0.221346,0.000796,-0.975195,0.000000,0.000176,1.000000,0.000777,0.000000,0.137062,0.000000,-0.000000,1.000000;;
          }

          Frame Bip01_R_Finger0 {
           

           FrameTransformMatrix {
            0.417774,-0.116941,0.900994,0.000000,-0.558537,0.749101,0.356210,0.000000,-0.716591,-0.652054,0.247639,0.000000,0.057681,0.023605,-0.000272,1.000000;;
           }

           Frame Bip01_R_Finger0Nub {
            

            FrameTransformMatrix {
             -1.000000,-0.000000,0.000000,0.000000,-0.000000,1.000000,0.000000,0.000000,0.000000,0.000000,-1.000000,0.000000,0.029435,0.000000,0.000000,1.000000;;
            }
           }
          }

          Frame Bip01_R_Finger1 {
           

           FrameTransformMatrix {
            0.352436,0.000745,0.935835,0.000000,-0.081563,0.996219,0.029924,0.000000,-0.932275,-0.086876,0.351165,0.000000,0.084102,0.000000,0.000000,1.000000;;
           }

           Frame Bip01_R_Finger1Nub {
            

            FrameTransformMatrix {
             -1.000000,0.000000,0.000000,0.000000,-0.000000,1.000000,0.000000,0.000000,0.000000,-0.000000,-1.000000,0.000000,0.047988,0.000000,0.000000,1.000000;;
            }
           }
          }
         }
        }
       }
      }
     }

     Frame Bip01_BackPack {
      

      FrameTransformMatrix {
       0.180560,0.080500,-0.980264,0.000000,0.047560,0.994765,0.090451,0.000000,0.982413,-0.062954,0.175786,0.000000,0.063697,0.000003,-0.088856,1.000000;;
      }

      Frame Bip01_BackPackNub {
       

       FrameTransformMatrix {
        0.000796,0.000003,1.000000,0.000000,0.000000,-1.000000,0.000003,0.000000,1.000000,-0.000000,-0.000796,0.000000,0.053240,0.000000,0.000000,1.000000;;
       }
      }
     }
    }

    Frame Bip01_L_Thigh {
     

     FrameTransformMatrix {
      -0.896114,0.099687,0.432484,0.000000,-0.110664,-0.993858,-0.000216,0.000000,0.429806,-0.048054,0.901641,0.000000,-0.055430,0.059448,-0.009069,1.000000;;
     }

     Frame Bip01_L_Calf {
      

      FrameTransformMatrix {
       0.925355,-0.000000,-0.379102,0.000000,0.000000,1.000000,-0.000000,0.000000,0.379102,-0.000000,0.925355,0.000000,0.237500,0.000000,0.000000,1.000000;;
      }

      Frame Bip01_L_Foot {
       

       FrameTransformMatrix {
        0.972362,-0.021824,0.232456,0.000000,0.014595,0.999356,0.032776,0.000000,-0.233022,-0.028477,0.972054,0.000000,0.206841,0.000000,0.000000,1.000000;;
       }

       Frame Bip01_L_Toe0 {
        

        FrameTransformMatrix {
         0.203422,-0.052732,0.977670,0.000000,0.010742,0.998609,0.051627,0.000000,-0.979032,-0.000000,0.203705,0.000000,0.065373,-0.000000,0.066450,1.000000;;
        }

        Frame Bip01_L_Toe0Nub {
         

         FrameTransformMatrix {
          -1.000000,0.000000,0.000000,0.000000,0.000000,1.000000,0.000000,0.000000,-0.000000,0.000000,-1.000000,0.000000,0.006735,0.000000,-0.000000,1.000000;;
         }
        }
       }
      }
     }
    }

    Frame Bip01_R_Thigh {
     

     FrameTransformMatrix {
      -0.973817,0.129476,-0.186863,0.000000,-0.128549,-0.991556,-0.017118,0.000000,-0.187501,0.007351,0.982237,0.000000,-0.045868,-0.050587,-0.008765,1.000000;;
     }

     Frame Bip01_R_Calf {
      

      FrameTransformMatrix {
       0.781916,0.000000,-0.623383,0.000000,0.000000,1.000000,-0.000000,0.000000,0.623384,0.000000,0.781916,0.000000,0.237500,0.000000,0.000000,1.000000;;
      }

      Frame Bip01_R_Foot {
       

       FrameTransformMatrix {
        0.985240,0.095666,-0.141951,0.000000,-0.074722,0.986433,0.146169,0.000000,0.154009,-0.133405,0.979022,0.000000,0.206841,0.000000,-0.000000,1.000000;;
       }

       Frame Bip01_R_Toe0 {
        

        FrameTransformMatrix {
         0.000001,0.000002,1.000000,0.000000,0.000001,1.000000,-0.000002,0.000000,-1.000000,0.000001,0.000001,0.000000,0.065373,-0.000000,0.066450,1.000000;;
        }

        Frame Bip01_R_Toe0Nub {
         

         FrameTransformMatrix {
          1.000000,0.000000,0.000000,0.000000,-0.000000,1.000000,0.000000,0.000000,-0.000000,-0.000000,1.000000,0.000000,0.006735,0.000000,0.000000,1.000000;;
         }
        }
       }
      }
     }
    }
   }

   Frame Bip01_DressFront {
    

    FrameTransformMatrix {
     -0.934132,0.128225,0.333101,0.000000,0.240714,0.915391,0.322671,0.000000,-0.263543,0.381599,-0.885961,0.000000,-0.043963,0.001344,0.061071,1.000000;;
    }

    Frame Bip01_DressFront02 {
     

     FrameTransformMatrix {
      0.912593,0.000001,0.408870,0.000000,-0.000001,1.000000,-0.000000,0.000000,-0.408870,-0.000000,0.912593,0.000000,0.183378,-0.000000,-0.000120,1.000000;;
     }

     Frame Bip01_DressFrontNub {
      

      FrameTransformMatrix {
       0.000796,0.000003,1.000000,0.000000,-0.000000,-1.000000,0.000003,0.000000,1.000000,0.000000,-0.000796,0.000000,0.165302,-0.000000,0.000000,1.000000;;
      }
     }
    }
   }

   Frame Bip01_DressBack {
    

    FrameTransformMatrix {
     -0.858478,0.255632,0.444600,0.000000,0.369004,0.909942,0.189318,0.000000,-0.356164,0.326584,-0.875494,0.000000,-0.047682,-0.000046,-0.078297,1.000000;;
    }

    Frame Bip01_DressBack02 {
     

     FrameTransformMatrix {
      0.933670,-0.058589,0.353309,0.000000,0.015064,0.992079,0.124707,0.000000,-0.357817,-0.111113,0.927157,0.000000,0.176198,0.000012,-0.000101,1.000000;;
     }

     Frame Bip01_DressBackNub {
      

      FrameTransformMatrix {
       0.000796,0.000003,1.000000,0.000000,0.000000,-1.000000,0.000003,0.000000,1.000000,0.000000,-0.000796,0.000000,0.136508,0.000000,-0.000000,1.000000;;
      }
     }
    }
   }
  }

  Frame Bip01_Prop1 {
   

   FrameTransformMatrix {
    0.449916,-0.886582,0.107463,0.000000,0.798979,0.453351,0.395101,0.000000,-0.399008,-0.091902,0.912330,0.000000,0.046954,-0.088180,-0.111402,1.000000;;
   }
  }

  Frame Bip01_Prop2 {
   

   FrameTransformMatrix {
    0.270457,0.549392,-0.790583,0.000000,0.312120,-0.826870,-0.467833,0.000000,-0.910732,-0.120228,-0.395110,0.000000,-0.061738,-0.027278,0.132557,1.000000;;
   }
  }
 }
}

Frame Translation_Data {
 

 FrameTransformMatrix {
  1.000000,0.000000,0.000000,0.000000,0.000000,-0.000000,-1.000000,0.000000,0.000000,1.000000,-0.000000,0.000000,0.000000,0.000000,0.000000,1.000000;;
 }
}

Frame Kate_LongCoat {
 

 FrameTransformMatrix {
  1.000000,0.000000,0.000000,0.000000,0.000000,1.000000,0.000000,0.000000,0.000000,0.000000,1.000000,0.000000,0.000000,0.000000,0.000000,1.000000;;
 }

 Mesh Kate_LongCoat {
  289;
  0.067587;0.754794;-0.020880;,
  0.032875;0.750935;-0.026370;,
  0.040551;0.774489;-0.006018;,
  0.078854;0.733339;-0.027250;,
  0.083760;0.715038;-0.030276;,
  0.053583;0.683546;-0.054043;,
  0.044327;0.717610;-0.042795;,
  0.084001;0.684552;-0.017133;,
  0.026208;0.796393;0.043907;,
  0.071245;0.765117;0.071433;,
  0.064804;0.777999;0.038752;,
  0.040182;0.773126;0.076637;,
  0.091432;0.533055;0.044574;,
  0.054547;0.546064;0.077890;,
  0.054045;0.532911;0.087133;,
  0.086259;0.544606;0.041786;,
  0.075760;0.544777;-0.013039;,
  0.085341;0.510976;0.004510;,
  0.043628;0.543032;-0.044262;,
  0.065071;0.489836;-0.028061;,
  0.027649;0.484397;-0.045822;,
  0.006127;0.551224;0.082957;,
  0.005262;0.537610;0.091526;,
  0.043447;0.635944;0.083169;,
  -0.003347;0.673147;0.090196;,
  -0.001514;0.636470;0.085641;,
  0.045622;0.676045;0.088456;,
  0.036721;0.452692;-0.053562;,
  0.093021;0.354326;-0.074041;,
  0.033597;0.380969;-0.102531;,
  0.094991;0.426902;-0.011762;,
  0.025872;0.295933;-0.153022;,
  0.084234;0.274229;-0.118763;,
  0.100809;0.387958;0.052290;,
  0.098525;0.315877;-0.008093;,
  0.092216;0.252229;-0.047480;,
  0.092662;0.475115;0.005928;,
  0.100412;0.469689;0.066516;,
  0.047047;0.484495;0.106564;,
  0.101470;0.401820;0.063528;,
  0.039535;0.418152;0.105229;,
  0.025638;0.248515;-0.166790;,
  0.080970;0.223409;-0.133908;,
  0.084825;0.199680;-0.061333;,
  0.050324;0.586563;0.073193;,
  0.073081;0.635179;0.067514;,
  0.081198;0.641218;0.045335;,
  0.068722;0.593905;-0.008451;,
  0.078950;0.647015;-0.016566;,
  0.081275;0.586223;0.037360;,
  0.053763;0.647168;-0.057549;,
  0.046313;0.593421;-0.041453;,
  0.006435;0.646093;-0.067755;,
  0.001107;0.591610;-0.044663;,
  0.136040;0.698862;0.002900;,
  0.146790;0.642991;0.033518;,
  0.086523;0.707413;-0.018218;,
  0.094014;0.594558;0.034976;,
  0.088720;0.634966;0.017655;,
  0.147080;0.603125;0.049400;,
  0.062133;0.714943;0.051142;,
  0.088720;0.634966;0.017655;,
  0.068038;0.652727;0.083530;,
  0.075878;0.609543;0.090794;,
  0.094014;0.594558;0.034976;,
  0.084797;0.715811;0.069095;,
  0.129120;0.663952;0.100666;,
  0.119030;0.728455;0.067837;,
  0.128610;0.617815;0.105198;,
  0.137790;0.707436;0.031196;,
  0.155408;0.580036;0.047372;,
  0.111023;0.508217;0.042832;,
  0.094682;0.567093;0.032152;,
  0.152936;0.519253;0.052830;,
  0.120272;0.471699;0.043371;,
  0.154426;0.470440;0.052329;,
  0.094682;0.567093;0.032152;,
  0.104549;0.514849;0.099364;,
  0.075595;0.574327;0.097679;,
  0.111023;0.508217;0.042832;,
  0.116013;0.474056;0.090555;,
  0.120272;0.471699;0.043371;,
  0.137746;0.524152;0.106569;,
  0.135871;0.587866;0.112935;,
  0.143000;0.472102;0.095164;,
  0.098407;0.767943;0.045168;,
  0.105614;0.769221;0.009510;,
  0.064804;0.777999;0.038752;,
  0.068860;0.776362;0.008424;,
  0.074148;0.686037;0.074040;,
  0.040850;0.788967;0.011266;,
  0.109132;0.750648;-0.017385;,
  0.078854;0.733339;-0.027250;,
  0.067587;0.754794;-0.020880;,
  0.102191;0.725202;-0.023679;,
  0.077804;0.730413;0.073817;,
  0.047218;0.725107;0.083834;,
  0.079870;0.732145;0.071921;,
  -0.005641;0.710027;0.087684;,
  -0.005300;0.769672;0.072119;,
  0.071245;0.765117;0.071433;,
  0.079870;0.732145;0.071921;,
  0.088641;0.707138;0.008483;,
  0.085428;0.720141;0.057176;,
  0.086523;0.707413;-0.018218;,
  0.082300;0.682969;0.033192;,
  0.087079;0.680346;0.001544;,
  0.083760;0.715038;-0.030276;,
  0.079388;0.687903;0.050698;,
  0.068860;0.776362;0.008424;,
  -0.007104;0.549271;-0.044100;,
  -0.019100;0.481629;-0.044706;,
  0.001653;0.495209;0.112116;,
  -0.005829;0.442972;0.117738;,
  0.001863;0.588413;0.076283;,
  0.040850;0.788967;0.011266;,
  0.068860;0.776362;0.008424;,
  0.085428;0.720141;0.057176;,
  -0.004162;0.798028;0.049368;,
  0.085698;0.710484;0.025276;,
  0.088641;0.707138;0.008483;,
  0.007171;0.673834;-0.065097;,
  0.083760;0.715038;-0.030276;,
  0.025872;0.295933;-0.153022;,
  -0.011469;0.236204;-0.144366;,
  -0.011069;0.295354;-0.141319;,
  0.025638;0.248515;-0.166790;,
  0.033597;0.380969;-0.102531;,
  -0.014193;0.380987;-0.098601;,
  0.036721;0.452692;-0.053562;,
  -0.009501;0.450754;-0.062080;,
  0.027649;0.484397;-0.045822;,
  0.002119;0.260046;0.054390;,
  0.016232;0.201043;-0.027220;,
  0.022524;0.245748;-0.019459;,
  0.000385;0.248238;0.058652;,
  0.023831;0.308460;0.026176;,
  0.000041;0.342604;0.080853;,
  -0.009149;0.409812;0.115436;,
  0.085698;0.710484;0.025276;,
  -0.062543;0.756080;-0.029999;,
  -0.026847;0.750900;-0.029563;,
  -0.071394;0.736545;-0.036878;,
  -0.038143;0.774335;-0.011084;,
  -0.073589;0.719263;-0.038599;,
  -0.040780;0.681159;-0.060824;,
  -0.075845;0.681419;-0.027467;,
  -0.034710;0.716296;-0.047568;,
  -0.032834;0.795528;0.039698;,
  -0.079902;0.767130;0.060535;,
  -0.051550;0.771286;0.070131;,
  -0.068947;0.778771;0.029082;,
  -0.085173;0.562889;0.061979;,
  -0.041476;0.561772;0.087384;,
  -0.078468;0.571630;0.057948;,
  -0.042493;0.550781;0.096189;,
  -0.079743;0.570025;0.001576;,
  -0.092784;0.542757;0.020852;,
  -0.056571;0.559043;-0.035242;,
  -0.090363;0.510480;-0.015584;,
  -0.060711;0.493201;-0.037819;,
  0.006127;0.551224;0.082957;,
  0.005262;0.537610;0.091526;,
  -0.045977;0.635226;0.078774;,
  -0.003347;0.673147;0.090196;,
  -0.051743;0.674135;0.082194;,
  -0.001514;0.636470;0.085641;,
  -0.069913;0.445849;-0.025326;,
  -0.113033;0.351594;0.034275;,
  -0.127372;0.457270;0.021133;,
  -0.061302;0.355211;-0.016741;,
  -0.052920;0.252664;-0.004861;,
  -0.103645;0.260627;0.044316;,
  -0.117049;0.437480;0.105200;,
  -0.105338;0.359956;0.109963;,
  -0.100392;0.298295;0.106773;,
  -0.110704;0.508361;0.026161;,
  -0.104472;0.515524;0.089437;,
  -0.043223;0.509983;0.116972;,
  -0.117968;0.450708;0.106197;,
  -0.054382;0.444502;0.124770;,
  -0.051927;0.208069;0.008610;,
  -0.097453;0.215352;0.068008;,
  -0.089517;0.258811;0.136243;,
  -0.046574;0.591511;0.074229;,
  -0.073808;0.633999;0.060293;,
  -0.079762;0.639925;0.037424;,
  -0.065747;0.600319;-0.007061;,
  -0.077991;0.594219;0.039056;,
  -0.071079;0.645810;-0.023941;,
  -0.041725;0.646401;-0.062243;,
  -0.043602;0.597761;-0.040525;,
  -0.121136;0.715817;-0.033888;,
  -0.068864;0.722747;-0.023884;,
  -0.144070;0.655695;-0.027988;,
  -0.097907;0.601827;-0.012988;,
  -0.151136;0.612324;-0.025399;,
  -0.085775;0.645824;-0.014117;,
  -0.082644;0.712576;0.047148;,
  -0.102109;0.645521;0.055280;,
  -0.085775;0.645824;-0.014117;,
  -0.110700;0.604417;0.046293;,
  -0.097907;0.601827;-0.012988;,
  -0.102802;0.714822;0.056265;,
  -0.162546;0.660598;0.042448;,
  -0.136921;0.729948;0.039299;,
  -0.163622;0.614614;0.033967;,
  -0.137331;0.717666;-0.009159;,
  -0.157488;0.589381;-0.035232;,
  -0.116775;0.515542;-0.029010;,
  -0.158075;0.528443;-0.039318;,
  -0.097282;0.573798;-0.020426;,
  -0.125057;0.480199;-0.039096;,
  -0.159117;0.480484;-0.048484;,
  -0.097282;0.573798;-0.020426;,
  -0.139417;0.513524;0.023574;,
  -0.116775;0.515542;-0.029010;,
  -0.113608;0.569116;0.045950;,
  -0.144945;0.475474;0.003708;,
  -0.125057;0.480199;-0.039096;,
  -0.171772;0.524399;0.014892;,
  -0.173508;0.585108;0.031609;,
  -0.170624;0.475103;-0.005978;,
  -0.103396;0.772497;0.029652;,
  -0.103171;0.775969;-0.006434;,
  -0.068947;0.778771;0.029082;,
  -0.067786;0.778076;-0.001279;,
  -0.080595;0.682238;0.065908;,
  -0.041365;0.788713;0.005482;,
  -0.098553;0.759837;-0.034355;,
  -0.071394;0.736545;-0.036878;,
  -0.088002;0.735824;-0.036355;,
  -0.062543;0.756080;-0.029999;,
  -0.095577;0.724552;0.065854;,
  -0.096991;0.726684;0.063207;,
  -0.060621;0.721106;0.080857;,
  -0.005641;0.710027;0.087684;,
  -0.005300;0.769672;0.072119;,
  -0.079902;0.767130;0.060535;,
  -0.096991;0.726684;0.063207;,
  -0.084522;0.707574;0.001147;,
  -0.068864;0.722747;-0.023884;,
  -0.094414;0.715803;0.047391;,
  -0.080260;0.683015;0.027913;,
  -0.081699;0.675731;-0.011014;,
  -0.073589;0.719263;-0.038599;,
  -0.081276;0.686806;0.047034;,
  -0.067786;0.778076;-0.001279;,
  0.001653;0.495209;0.112116;,
  -0.005829;0.442972;0.117738;,
  0.001863;0.588413;0.076283;,
  -0.041365;0.788713;0.005482;,
  -0.067786;0.778076;-0.001279;,
  -0.094414;0.715803;0.047391;,
  -0.004162;0.798028;0.049368;,
  -0.084893;0.709653;0.017516;,
  -0.084522;0.707574;0.001147;,
  -0.073589;0.719263;-0.038599;,
  -0.038205;0.263933;-0.053020;,
  -0.032940;0.221994;-0.106608;,
  -0.032435;0.206813;-0.042735;,
  -0.032664;0.272608;-0.101530;,
  -0.031133;0.360723;-0.053372;,
  -0.029194;0.361682;-0.078404;,
  -0.030051;0.439707;-0.046209;,
  -0.024604;0.432736;-0.054429;,
  -0.019100;0.481629;-0.044706;,
  -0.060711;0.493201;-0.037819;,
  -0.025117;0.300879;0.115762;,
  -0.089517;0.258811;0.136243;,
  -0.021875;0.287146;0.147488;,
  -0.100392;0.298295;0.106773;,
  -0.105338;0.359956;0.109963;,
  -0.024717;0.365210;0.128191;,
  -0.005829;0.442972;0.117738;,
  -0.054382;0.444502;0.124770;,
  -0.084893;0.709653;0.017516;,
  -0.069913;0.445849;-0.025326;,
  -0.061302;0.355211;-0.016741;,
  -0.052920;0.252664;-0.004861;,
  -0.051927;0.208069;0.008610;,
  0.100809;0.387958;0.052290;,
  0.098525;0.315877;-0.008093;,
  0.039535;0.418152;0.105229;,
  0.092216;0.252229;-0.047480;,
  0.084825;0.199680;-0.061333;,
  -0.117049;0.437480;0.105200;,
  -0.010552;0.711174;-0.045307;,
  0.020085;0.711416;-0.043890;;
  410;
  3;0,1,2;,
  3;1,0,3;,
  3;4,5,6;,
  3;5,4,7;,
  3;8,9,10;,
  3;9,8,11;,
  3;12,13,14;,
  3;13,12,15;,
  3;16,12,17;,
  3;12,16,15;,
  3;18,19,20;,
  3;19,18,16;,
  3;14,21,22;,
  3;21,14,13;,
  3;23,24,25;,
  3;24,23,26;,
  3;27,28,29;,
  3;28,27,30;,
  3;28,31,29;,
  3;31,28,32;,
  3;33,28,30;,
  3;28,33,34;,
  3;34,32,28;,
  3;32,34,35;,
  3;30,19,36;,
  3;19,30,27;,
  3;14,37,12;,
  3;37,14,38;,
  3;38,39,37;,
  3;39,38,40;,
  3;33,39,40;,
  3;41,32,42;,
  3;32,41,31;,
  3;42,35,43;,
  3;35,42,32;,
  3;12,36,17;,
  3;36,12,37;,
  3;37,30,36;,
  3;30,37,39;,
  3;39,33,30;,
  3;44,45,23;,
  3;46,47,48;,
  3;47,46,49;,
  3;47,50,48;,
  3;50,47,51;,
  3;52,51,53;,
  3;51,52,50;,
  3;54,55,56;,
  3;55,57,58;,
  3;57,55,59;,
  3;60,61,62;,
  3;61,63,62;,
  3;63,61,64;,
  3;65,66,67;,
  3;65,62,66;,
  3;65,60,62;,
  3;62,68,66;,
  3;68,62,63;,
  3;69,66,55;,
  3;66,59,55;,
  3;59,66,68;,
  3;70,71,72;,
  3;71,70,73;,
  3;73,74,71;,
  3;74,73,75;,
  3;76,77,78;,
  3;77,76,79;,
  3;79,80,77;,
  3;80,79,81;,
  3;78,82,83;,
  3;82,78,77;,
  3;77,84,82;,
  3;84,77,80;,
  3;83,73,70;,
  3;73,83,82;,
  3;82,75,73;,
  3;75,82,84;,
  3;68,70,59;,
  3;70,68,83;,
  3;59,72,57;,
  3;72,59,70;,
  3;63,76,78;,
  3;76,63,64;,
  3;78,68,63;,
  3;68,78,83;,
  3;85,69,86;,
  3;69,85,67;,
  3;86,87,85;,
  3;87,86,88;,
  3;45,26,23;,
  3;26,45,89;,
  3;10,90,8;,
  3;91,92,93;,
  3;92,91,94;,
  3;54,94,91;,
  3;95,11,96;,
  3;95,9,11;,
  3;95,97,9;,
  3;98,11,99;,
  3;11,98,96;,
  3;85,87,100;,
  3;67,101,65;,
  3;67,100,101;,
  3;67,85,100;,
  3;102,60,103;,
  3;60,102,104;,
  3;48,105,46;,
  3;105,48,106;,
  3;107,104,102;,
  3;7,106,48;,
  3;105,108,46;,
  3;19,27,20;,
  3;16,17,19;,
  3;17,36,19;,
  3;90,10,109;,
  3;20,110,18;,
  3;110,20,111;,
  3;22,38,14;,
  3;38,22,112;,
  3;38,113,40;,
  3;113,38,112;,
  3;61,60,104;,
  3;56,55,58;,
  3;51,16,18;,
  3;16,51,47;,
  3;47,15,16;,
  3;15,47,49;,
  3;15,44,13;,
  3;44,15,49;,
  3;13,114,21;,
  3;114,13,44;,
  3;115,116,2;,
  3;2,116,0;,
  3;93,86,91;,
  3;86,93,88;,
  3;91,69,54;,
  3;69,91,86;,
  3;69,55,54;,
  3;66,69,67;,
  3;49,46,45;,
  3;95,117,97;,
  3;46,89,45;,
  3;89,46,108;,
  3;45,44,49;,
  3;118,11,8;,
  3;26,98,24;,
  3;98,26,96;,
  3;96,89,95;,
  3;89,96,26;,
  3;89,117,95;,
  3;117,89,108;,
  3;117,105,119;,
  3;105,117,108;,
  3;119,106,120;,
  3;106,119,105;,
  3;7,120,106;,
  3;120,7,4;,
  3;5,52,121;,
  3;52,5,50;,
  3;50,7,48;,
  3;7,50,5;,
  3;6,3,4;,
  3;3,6,1;,
  3;122,94,56;,
  3;94,122,92;,
  3;94,54,56;,
  3;65,103,60;,
  3;103,65,101;,
  3;25,44,23;,
  3;44,25,114;,
  3;118,99,11;,
  3;18,53,51;,
  3;53,18,110;,
  3;123,124,125;,
  3;124,123,126;,
  3;127,125,128;,
  3;125,127,123;,
  3;129,128,130;,
  3;128,129,127;,
  3;130,131,129;,
  3;132,133,134;,
  3;133,132,135;,
  3;136,132,134;,
  3;132,136,137;,
  3;136,138,137;,
  3;102,103,139;,
  3;140,141,142;,
  3;141,140,143;,
  3;144,145,146;,
  3;145,144,147;,
  3;148,149,150;,
  3;149,148,151;,
  3;152,153,154;,
  3;153,152,155;,
  3;156,152,154;,
  3;152,156,157;,
  3;158,159,156;,
  3;159,158,160;,
  3;155,161,153;,
  3;161,155,162;,
  3;163,164,165;,
  3;164,163,166;,
  3;167,168,169;,
  3;168,167,170;,
  3;168,171,172;,
  3;171,168,170;,
  3;173,168,174;,
  3;168,173,169;,
  3;174,172,175;,
  3;172,174,168;,
  3;169,159,167;,
  3;159,169,176;,
  3;155,177,178;,
  3;177,155,152;,
  3;178,179,180;,
  3;179,178,177;,
  3;173,180,179;,
  3;181,172,171;,
  3;172,181,182;,
  3;182,175,172;,
  3;175,182,183;,
  3;152,176,177;,
  3;176,152,157;,
  3;177,169,179;,
  3;169,177,176;,
  3;179,169,173;,
  3;184,163,185;,
  3;186,187,188;,
  3;187,186,189;,
  3;187,190,191;,
  3;190,187,189;,
  3;52,191,190;,
  3;191,52,53;,
  3;192,193,194;,
  3;194,195,196;,
  3;195,194,197;,
  3;198,199,200;,
  3;200,201,202;,
  3;201,200,199;,
  3;203,199,198;,
  3;203,204,199;,
  3;203,205,204;,
  3;199,206,201;,
  3;206,199,204;,
  3;207,194,204;,
  3;204,196,206;,
  3;196,204,194;,
  3;208,209,210;,
  3;209,208,211;,
  3;210,212,213;,
  3;212,210,209;,
  3;214,215,216;,
  3;215,214,217;,
  3;216,218,219;,
  3;218,216,215;,
  3;217,220,215;,
  3;220,217,221;,
  3;215,222,218;,
  3;222,215,220;,
  3;221,210,220;,
  3;210,221,208;,
  3;220,213,222;,
  3;213,220,210;,
  3;206,208,221;,
  3;208,206,196;,
  3;196,211,208;,
  3;211,196,195;,
  3;201,214,202;,
  3;214,201,217;,
  3;217,206,221;,
  3;206,217,201;,
  3;223,207,205;,
  3;207,223,224;,
  3;224,225,226;,
  3;225,224,223;,
  3;185,165,227;,
  3;165,185,163;,
  3;151,148,228;,
  3;229,230,231;,
  3;230,229,232;,
  3;192,229,231;,
  3;233,149,234;,
  3;233,150,149;,
  3;233,235,150;,
  3;236,150,235;,
  3;150,236,237;,
  3;223,238,225;,
  3;205,238,223;,
  3;205,239,238;,
  3;205,203,239;,
  3;240,198,241;,
  3;198,240,242;,
  3;189,243,244;,
  3;243,189,186;,
  3;245,240,241;,
  3;146,189,244;,
  3;243,186,246;,
  3;159,160,167;,
  3;156,159,157;,
  3;157,159,176;,
  3;228,247,151;,
  3;160,110,111;,
  3;110,160,158;,
  3;162,178,248;,
  3;178,162,155;,
  3;178,249,248;,
  3;249,178,180;,
  3;200,241,198;,
  3;193,197,194;,
  3;191,156,187;,
  3;156,191,158;,
  3;187,154,188;,
  3;154,187,156;,
  3;154,184,188;,
  3;184,154,153;,
  3;153,250,184;,
  3;250,153,161;,
  3;251,143,252;,
  3;143,140,252;,
  3;232,224,226;,
  3;224,232,229;,
  3;229,207,224;,
  3;207,229,192;,
  3;207,192,194;,
  3;204,205,207;,
  3;188,185,186;,
  3;233,234,253;,
  3;186,227,246;,
  3;227,186,185;,
  3;185,188,184;,
  3;254,148,150;,
  3;165,236,235;,
  3;236,165,164;,
  3;235,227,165;,
  3;227,235,233;,
  3;227,253,246;,
  3;253,227,233;,
  3;253,243,246;,
  3;243,253,255;,
  3;255,244,243;,
  3;244,255,256;,
  3;146,256,144;,
  3;256,146,244;,
  3;52,145,121;,
  3;145,52,190;,
  3;190,146,145;,
  3;146,190,189;,
  3;147,142,141;,
  3;142,147,144;,
  3;257,231,230;,
  3;231,257,193;,
  3;231,193,192;,
  3;203,242,239;,
  3;242,203,198;,
  3;166,184,250;,
  3;184,166,163;,
  3;254,150,237;,
  3;53,158,191;,
  3;158,53,110;,
  3;258,259,260;,
  3;259,258,261;,
  3;262,261,258;,
  3;261,262,263;,
  3;264,263,262;,
  3;263,264,265;,
  3;266,264,267;,
  3;268,269,270;,
  3;269,268,271;,
  3;268,272,271;,
  3;272,268,273;,
  3;274,275,138;,
  3;275,273,138;,
  3;240,276,242;,
  3;267,264,277;,
  3;264,266,265;,
  3;262,277,264;,
  3;277,262,278;,
  3;258,278,262;,
  3;278,258,279;,
  3;260,279,258;,
  3;279,260,280;,
  3;266,130,265;,
  3;130,266,131;,
  3;263,130,128;,
  3;130,263,265;,
  3;261,128,125;,
  3;128,261,263;,
  3;259,125,124;,
  3;125,259,261;,
  3;281,136,282;,
  3;136,281,283;,
  3;282,134,284;,
  3;134,282,136;,
  3;134,285,284;,
  3;285,134,133;,
  3;138,273,137;,
  3;132,273,268;,
  3;273,132,137;,
  3;270,132,268;,
  3;132,270,135;,
  3;136,283,138;,
  3;283,274,138;,
  3;286,273,275;,
  3;273,286,272;,
  3;141,287,147;,
  3;287,145,147;,
  3;145,287,121;,
  3;6,121,288;,
  3;121,6,5;,
  3;288,1,6;;

  MeshNormals {
   289;
   0.136524;0.581598;-0.801938;,
   0.073462;0.512054;-0.855806;,
   0.192187;0.726418;-0.659834;,
   0.193947;0.296732;-0.935059;,
   0.557332;-0.078397;-0.826580;,
   0.448548;0.165040;-0.878389;,
   0.121573;0.415054;-0.901637;,
   0.926225;-0.106886;-0.361500;,
   0.291525;0.887980;0.355674;,
   0.327138;0.560377;0.760893;,
   0.347662;0.927721;0.135883;,
   0.138376;0.548481;0.824634;,
   0.921865;0.323969;0.212624;,
   0.480632;0.354427;0.802106;,
   0.424314;0.407395;0.808695;,
   0.920413;0.316625;0.229321;,
   0.873503;0.102054;-0.476002;,
   0.917274;0.118933;-0.380084;,
   0.371135;0.012934;-0.928489;,
   0.659036;0.088181;-0.746924;,
   0.194026;0.172728;-0.965670;,
   0.154520;0.371171;0.915618;,
   0.182004;0.459009;0.869589;,
   0.247971;-0.148802;0.957271;,
   -0.059032;-0.032365;0.997731;,
   -0.035610;-0.147064;0.988486;,
   0.254023;-0.034861;0.966570;,
   0.376090;0.363691;-0.852224;,
   0.858746;0.239287;-0.453098;,
   0.238045;0.497868;-0.833944;,
   0.915956;0.182993;-0.357124;,
   0.102653;0.349072;-0.931456;,
   0.845682;0.148205;-0.512696;,
   0.840121;-0.357315;0.408071;,
   0.863114;-0.336499;0.376567;,
   0.874271;-0.267752;0.404920;,
   0.929709;0.153862;-0.334615;,
   0.905478;0.099812;0.412489;,
   0.389981;0.146293;0.909128;,
   0.823630;-0.267235;0.500219;,
   0.363694;-0.302703;0.880964;,
   0.017289;0.272460;-0.962012;,
   0.876017;0.067521;-0.477531;,
   0.841198;-0.230246;0.489257;,
   0.427042;-0.034394;0.903577;,
   0.754285;-0.121563;0.645195;,
   0.990664;-0.050455;0.126644;,
   0.929932;-0.017437;-0.367318;,
   0.938350;-0.179998;-0.295127;,
   0.985351;0.030111;0.167859;,
   0.544493;-0.122986;-0.829700;,
   0.503891;-0.144295;-0.851630;,
   0.042013;-0.145787;-0.988424;,
   -0.041364;-0.190719;-0.980773;,
   0.794537;-0.046497;-0.605433;,
   0.880981;-0.161256;-0.444824;,
   -0.535325;-0.521879;-0.664131;,
   -0.510270;-0.154130;-0.846090;,
   -0.473692;-0.408455;-0.780244;,
   0.885493;0.087634;-0.456314;,
   -0.822900;0.565648;0.053650;,
   -0.473692;-0.408455;-0.780244;,
   -0.861089;0.011106;0.508334;,
   -0.867229;0.014832;0.497689;,
   -0.510270;-0.154130;-0.846090;,
   -0.496684;0.285533;0.819620;,
   0.473853;0.247945;0.844977;,
   0.606804;0.454409;0.652152;,
   0.436948;0.202323;0.876437;,
   0.947633;0.314532;0.055332;,
   0.858391;0.119746;-0.498824;,
   -0.567326;-0.228148;-0.791258;,
   -0.513478;-0.144715;-0.845812;,
   0.873395;-0.022912;-0.486474;,
   -0.466818;-0.145735;-0.872263;,
   0.866571;0.036476;-0.497720;,
   -0.513478;-0.144715;-0.845812;,
   -0.717409;-0.305755;0.625970;,
   -0.856845;-0.137078;0.497017;,
   -0.567326;-0.228148;-0.791258;,
   -0.747917;-0.331973;0.574817;,
   -0.466818;-0.145735;-0.872263;,
   0.509238;-0.091662;0.855730;,
   0.490254;0.135762;0.860941;,
   0.636077;-0.112816;0.763334;,
   0.549160;0.778927;0.302814;,
   0.573540;0.798652;-0.182225;,
   0.347662;0.927721;0.135883;,
   0.264379;0.903707;-0.336775;,
   0.750043;-0.062424;0.658437;,
   0.384670;0.889915;-0.245114;,
   0.557596;0.491660;-0.668848;,
   0.193947;0.296732;-0.935059;,
   0.136524;0.581598;-0.801938;,
   0.409624;-0.112503;-0.905291;,
   0.570624;-0.006259;0.821188;,
   0.189339;0.109343;0.975805;,
   0.373551;-0.090004;0.923233;,
   -0.051810;0.125578;0.990730;,
   -0.072561;0.444632;0.892770;,
   0.327138;0.560377;0.760893;,
   0.373551;-0.090004;0.923233;,
   0.847533;0.530628;0.011070;,
   0.564770;0.729142;0.386506;,
   -0.535325;-0.521879;-0.664131;,
   0.989490;-0.090311;0.112933;,
   0.987194;-0.159305;0.008344;,
   0.557332;-0.078397;-0.826580;,
   0.971870;-0.116524;0.204673;,
   0.264379;0.903707;-0.336775;,
   -0.088002;0.018826;-0.995942;,
   -0.164039;0.158271;-0.973674;,
   0.179248;0.248308;0.951953;,
   0.174538;-0.010307;0.984597;,
   0.047602;0.017435;0.998714;,
   0.384670;0.889915;-0.245114;,
   0.264379;0.903707;-0.336775;,
   0.564770;0.729142;0.386506;,
   -0.061692;0.737876;0.672111;,
   0.846735;-0.494038;0.197400;,
   0.847533;0.530628;0.011070;,
   0.058861;0.221962;-0.973277;,
   0.557332;-0.078397;-0.826580;,
   0.102653;0.349072;-0.931456;,
   -0.730496;0.087368;-0.677305;,
   -0.608981;0.228868;-0.759448;,
   0.017289;0.272460;-0.962012;,
   0.238045;0.497868;-0.833944;,
   -0.536222;0.407462;-0.739216;,
   0.376090;0.363691;-0.852224;,
   -0.283887;0.375287;-0.882365;,
   0.194026;0.172728;-0.965670;,
   0.945270;-0.092290;0.312966;,
   0.676835;-0.211772;0.705016;,
   0.689201;-0.332402;0.643825;,
   0.969677;-0.056550;0.237756;,
   0.662225;-0.417013;0.622542;,
   0.866196;-0.129305;0.482685;,
   0.380743;-0.139996;0.914022;,
   0.846735;-0.494038;0.197400;,
   0.068466;0.565121;-0.822162;,
   0.075249;0.502152;-0.861500;,
   -0.016341;0.217955;-0.975822;,
   -0.043652;0.727651;-0.684557;,
   -0.730369;-0.005472;-0.683031;,
   -0.320110;0.175260;-0.931028;,
   -0.860037;-0.086586;-0.502832;,
   0.021192;0.380225;-0.924651;,
   -0.334802;0.889307;0.311513;,
   -0.416287;0.617486;0.667395;,
   -0.216208;0.552202;0.805187;,
   -0.300720;0.949144;0.093237;,
   -0.720587;0.591916;0.361096;,
   -0.158690;0.494992;0.854284;,
   -0.733596;0.538815;0.414145;,
   -0.091951;0.551134;0.829335;,
   -0.894922;0.344801;-0.283244;,
   -0.909057;0.380692;-0.169376;,
   -0.517847;0.125006;-0.846291;,
   -0.755537;0.147352;-0.638320;,
   -0.416334;-0.006858;-0.909186;,
   0.154520;0.371171;0.915618;,
   0.182004;0.459009;0.869589;,
   -0.347871;-0.115521;0.930398;,
   -0.059032;-0.032365;0.997731;,
   -0.337726;-0.082688;0.937606;,
   -0.035610;-0.147064;0.988486;,
   -0.594901;-0.097381;-0.797878;,
   -0.929802;-0.144170;-0.338648;,
   -0.939441;0.024874;-0.341807;,
   -0.750462;-0.096658;-0.653808;,
   -0.843831;-0.158945;-0.512529;,
   -0.923146;-0.186115;-0.336397;,
   -0.778374;-0.099805;0.619816;,
   -0.713281;-0.097371;0.694081;,
   -0.793439;0.055251;0.606137;,
   -0.916759;0.361623;-0.169653;,
   -0.739657;0.416270;0.528798;,
   -0.059511;0.313270;0.947798;,
   -0.762846;0.083014;0.641229;,
   -0.087445;0.047446;0.995039;,
   -0.828560;-0.219581;-0.515046;,
   -0.947331;-0.252704;-0.196735;,
   -0.728939;0.354994;0.585343;,
   -0.404145;0.114741;0.907470;,
   -0.805361;-0.145223;0.574721;,
   -0.996757;-0.080375;0.003983;,
   -0.925510;0.021212;-0.378129;,
   -0.994286;-0.065103;0.084603;,
   -0.890861;-0.218435;-0.398313;,
   -0.448701;-0.177571;-0.875863;,
   -0.512084;-0.155437;-0.844754;,
   -0.390516;0.092155;-0.915972;,
   -0.491085;0.275422;-0.826425;,
   -0.531033;0.040693;-0.846373;,
   0.860930;-0.038150;-0.507291;,
   -0.518986;0.248720;-0.817797;,
   0.820327;-0.253527;-0.512629;,
   0.751074;0.489550;0.442977;,
   0.482821;-0.221910;0.847136;,
   0.820327;-0.253527;-0.512629;,
   0.510402;-0.169392;0.843088;,
   0.860930;-0.038150;-0.507291;,
   0.026893;-0.141122;0.989627;,
   -0.845013;0.084637;0.528005;,
   -0.793336;0.427976;0.432959;,
   -0.833378;0.071091;0.548113;,
   -0.875481;0.372047;-0.308405;,
   -0.495410;0.256232;-0.830008;,
   0.886808;-0.159176;-0.433860;,
   -0.513188;0.117627;-0.850178;,
   0.867222;-0.067567;-0.493316;,
   0.840230;-0.058136;-0.539105;,
   -0.501903;0.177692;-0.846474;,
   0.867222;-0.067567;-0.493316;,
   0.308127;-0.450372;0.837987;,
   0.886808;-0.159176;-0.433860;,
   0.496154;-0.283812;0.820538;,
   0.360596;-0.470414;0.805408;,
   0.840230;-0.058136;-0.539105;,
   -0.868554;-0.172099;0.464753;,
   -0.856691;0.044346;0.513920;,
   -0.932412;-0.167572;0.320199;,
   -0.541952;0.805942;0.238214;,
   -0.468641;0.846894;-0.251288;,
   -0.300720;0.949144;0.093237;,
   -0.122015;0.923390;-0.363955;,
   -0.816660;-0.190873;0.544642;,
   -0.303657;0.901468;-0.308461;,
   -0.279734;0.559315;-0.780331;,
   -0.016341;0.217955;-0.975822;,
   -0.044821;-0.172465;-0.983995;,
   0.068466;0.565121;-0.822162;,
   -0.758784;-0.066621;0.647926;,
   -0.681423;-0.043835;0.730576;,
   -0.273000;0.092005;0.957604;,
   -0.051810;0.125578;0.990730;,
   -0.072561;0.444632;0.892770;,
   -0.416287;0.617486;0.667395;,
   -0.681423;-0.043835;0.730576;,
   -0.948006;0.303214;-0.096677;,
   -0.491085;0.275422;-0.826425;,
   -0.694889;0.588481;0.413303;,
   -0.984422;-0.169250;-0.047621;,
   -0.974209;-0.181345;-0.134277;,
   -0.730369;-0.005472;-0.683031;,
   -0.967433;-0.252830;-0.012271;,
