xof 0303txt 0032
template ColorRGBA {
 <35ff44e0-6c7c-11cf-8f52-0040333594a3>
 FLOAT red;
 FLOAT green;
 FLOAT blue;
 FLOAT alpha;
}

template ColorRGB {
 <d3e16e81-7835-11cf-8f52-0040333594a3>
 FLOAT red;
 FLOAT green;
 FLOAT blue;
}

template Material {
 <3d82ab4d-62da-11cf-ab39-0020af71e433>
 ColorRGBA faceColor;
 FLOAT power;
 ColorRGB specularColor;
 ColorRGB emissiveColor;
 [...]
}

template TextureFilename {
 <a42790e1-7810-11cf-8f52-0040333594a3>
 STRING filename;
}

template Frame {
 <3d82ab46-62da-11cf-ab39-0020af71e433>
 [...]
}

template Matrix4x4 {
 <f6f23f45-7686-11cf-8f52-0040333594a3>
 array FLOAT matrix[16];
}

template FrameTransformMatrix {
 <f6f23f41-7686-11cf-8f52-0040333594a3>
 Matrix4x4 frameMatrix;
}

template Vector {
 <3d82ab5e-62da-11cf-ab39-0020af71e433>
 FLOAT x;
 FLOAT y;
 FLOAT z;
}

template MeshFace {
 <3d82ab5f-62da-11cf-ab39-0020af71e433>
 DWORD nFaceVertexIndices;
 array DWORD faceVertexIndices[nFaceVertexIndices];
}

template Mesh {
 <3d82ab44-62da-11cf-ab39-0020af71e433>
 DWORD nVertices;
 array Vector vertices[nVertices];
 DWORD nFaces;
 array MeshFace faces[nFaces];
 [...]
}

template MeshNormals {
 <f6f23f43-7686-11cf-8f52-0040333594a3>
 DWORD nNormals;
 array Vector normals[nNormals];
 DWORD nFaceNormals;
 array MeshFace faceNormals[nFaceNormals];
}

template MeshMaterialList {
 <f6f23f42-7686-11cf-8f52-0040333594a3>
 DWORD nMaterials;
 DWORD nFaceIndexes;
 array DWORD faceIndexes[nFaceIndexes];
 [Material <3d82ab4d-62da-11cf-ab39-0020af71e433>]
}

template Coords2d {
 <f6f23f44-7686-11cf-8f52-0040333594a3>
 FLOAT u;
 FLOAT v;
}

template MeshTextureCoords {
 <f6f23f40-7686-11cf-8f52-0040333594a3>
 DWORD nTextureCoords;
 array Coords2d textureCoords[nTextureCoords];
}

template XSkinMeshHeader {
 <3cf169ce-ff7c-44ab-93c0-f78f62d172e2>
 WORD nMaxSkinWeightsPerVertex;
 WORD nMaxSkinWeightsPerFace;
 WORD nBones;
}

template SkinWeights {
 <6f0d123b-bad2-4167-a0d0-80224f25fabb>
 STRING transformNodeName;
 DWORD nWeights;
 array DWORD vertexIndices[nWeights];
 array FLOAT weights[nWeights];
 Matrix4x4 matrixOffset;
}

template AnimTicksPerSecond {
 <9e415a43-7ba6-4a73-8743-b73d47e88476>
 DWORD AnimTicksPerSecond;
}

template Animation {
 <3d82ab4f-62da-11cf-ab39-0020af71e433>
 [...]
}

template AnimationSet {
 <3d82ab50-62da-11cf-ab39-0020af71e433>
 [Animation <3d82ab4f-62da-11cf-ab39-0020af71e433>]
}

template FloatKeys {
 <10dd46a9-775b-11cf-8f52-0040333594a3>
 DWORD nValues;
 array FLOAT values[nValues];
}

template TimedFloatKeys {
 <f406b180-7b3b-11cf-8f52-0040333594a3>
 DWORD time;
 FloatKeys tfkeys;
}

template AnimationKey {
 <10dd46a8-775b-11cf-8f52-0040333594a3>
 DWORD keyType;
 DWORD nKeys;
 array TimedFloatKeys keys[nKeys];
}


Material _09_-_Default {
 1.000000;1.000000;1.000000;1.000000;;
 9.999999;
 0.000000;0.000000;0.000000;;
 0.000000;0.000000;0.000000;;

 TextureFilename {
  "Apron_MilkMonarchy.png";
 }
}

Frame Dummy01 {
 

 FrameTransformMatrix {
  1.000000,0.000000,0.000000,0.000000,0.000000,-0.000000,-1.000000,0.000000,0.000000,1.000000,-0.000000,0.000000,0.000000,0.000000,0.000000,1.000000;;
 }

 Frame Bip01 {
  

  FrameTransformMatrix {
   -0.087155,0.982405,-0.165183,0.000000,-0.000001,0.165814,0.986157,0.000000,0.996195,0.085949,-0.014450,0.000000,-0.010000,-0.012284,0.490453,1.000000;;
  }

  Frame Bip01_Pelvis {
   

   FrameTransformMatrix {
    0.000000,1.000000,-0.000001,0.000000,-0.000001,0.000001,1.000000,0.000000,1.000000,0.000000,0.000001,0.000000,0.000000,0.000000,0.000000,1.000000;;
   }

   Frame Bip01_Spine {
    

    FrameTransformMatrix {
     0.984686,0.000002,-0.174337,0.000000,-0.000001,1.000000,0.000004,0.000000,0.174337,-0.000004,0.984686,0.000000,0.051619,0.000000,-0.000083,1.000000;;
    }

    Frame Bip01_Spine1 {
     

     FrameTransformMatrix {
      0.997819,0.052687,0.039774,0.000000,-0.044862,0.983198,-0.176942,0.000000,-0.048428,0.174771,0.983417,0.000000,0.106484,-0.000015,-0.000083,1.000000;;
     }

     Frame Bip01_Neck {
      

      FrameTransformMatrix {
       0.966067,-0.020835,0.257451,0.000000,0.025191,0.999590,-0.013632,0.000000,-0.257061,0.019655,0.966195,0.000000,0.130511,-0.000001,0.004626,1.000000;;
      }

      Frame Bip01_Head {
       

       FrameTransformMatrix {
        0.989321,-0.051753,-0.136255,0.000000,0.064251,0.993958,0.088989,0.000000,0.130826,-0.096793,0.986669,0.000000,0.033674,-0.000000,0.000000,1.000000;;
       }
      }

      Frame Bip01_L_Clavicle {
       

       FrameTransformMatrix {
        -0.205975,0.976135,0.068811,0.000000,0.943873,0.216738,-0.249254,0.000000,-0.258220,0.013609,-0.965990,0.000000,-0.024734,0.015166,0.002017,1.000000;;
       }

       Frame Bip01_L_UpperArm {
        

        FrameTransformMatrix {
         0.385871,-0.777669,0.496320,0.000000,0.922466,0.332598,-0.196046,0.000000,-0.012616,0.533487,0.845714,0.000000,0.073469,0.000000,-0.000000,1.000000;;
        }

        Frame Bip01_L_Forearm {
         

         FrameTransformMatrix {
          0.943939,0.000000,-0.330119,0.000000,0.000000,1.000000,-0.000000,0.000000,0.330119,-0.000000,0.943939,0.000000,0.148340,0.000000,-0.000000,1.000000;;
         }

         Frame Bip01_L_Hand {
          

          FrameTransformMatrix {
           1.000000,-0.000000,0.000000,0.000000,0.000000,0.000796,1.000000,0.000000,0.000000,-1.000000,0.000796,0.000000,0.131860,-0.000000,0.000000,1.000000;;
          }

          Frame Bip01_L_Finger0 {
           

           FrameTransformMatrix {
            0.690342,-0.181727,0.700288,0.000000,0.558537,0.749101,-0.356210,0.000000,-0.459853,0.637043,0.618637,0.000000,0.057681,-0.023605,-0.000272,1.000000;;
           }
          }

          Frame Bip01_L_Finger1 {
           

           FrameTransformMatrix {
            0.728079,-0.000546,0.685493,0.000000,0.000000,1.000000,0.000796,0.000000,-0.685493,-0.000580,0.728079,0.000000,0.084102,0.000000,0.000000,1.000000;;
           }
          }
         }
        }
       }
      }

      Frame Bip01_R_Clavicle {
       

       FrameTransformMatrix {
        -0.028509,-0.999573,-0.006461,0.000000,-0.965665,0.025871,0.258498,0.000000,-0.258220,0.013609,-0.965990,0.000000,-0.024080,-0.016250,0.001399,1.000000;;
       }

       Frame Bip01_R_UpperArm {
        

        FrameTransformMatrix {
         0.221390,0.975047,0.016433,0.000000,-0.974986,0.221654,-0.016512,0.000000,-0.019742,-0.012366,0.999728,0.000000,0.073469,0.000000,-0.000000,1.000000;;
        }

        Frame Bip01_R_Forearm {
         

         FrameTransformMatrix {
          0.915660,-0.000000,-0.401954,0.000000,-0.000000,1.000000,-0.000000,0.000000,0.401954,-0.000000,0.915660,0.000000,0.148340,0.000000,-0.000000,1.000000;;
         }

         Frame Bip01_R_Hand {
          

          FrameTransformMatrix {
           0.975195,-0.000000,-0.221346,0.000000,-0.221346,0.000796,-0.975195,0.000000,0.000176,1.000000,0.000777,0.000000,0.131860,0.000000,0.000000,1.000000;;
          }

          Frame Bip01_R_Finger0 {
           

           FrameTransformMatrix {
            0.417774,-0.116941,0.900994,0.000000,-0.558537,0.749101,0.356210,0.000000,-0.716591,-0.652054,0.247639,0.000000,0.057681,0.023605,-0.000272,1.000000;;
           }
          }

          Frame Bip01_R_Finger1 {
           

           FrameTransformMatrix {
            0.352436,0.000745,0.935835,0.000000,-0.000000,1.000000,-0.000796,0.000000,-0.935836,0.000281,0.352436,0.000000,0.084102,-0.000000,0.000000,1.000000;;
           }
          }
         }
        }
       }
      }
     }

     Frame Bip01_BackPack {
      

      FrameTransformMatrix {
       0.180560,0.080500,-0.980264,0.000000,0.047560,0.994764,0.090451,0.000000,0.982413,-0.062954,0.175786,0.000000,0.063697,0.000003,-0.088856,1.000000;;
      }
     }
    }

    Frame Bip01_L_Thigh {
     

     FrameTransformMatrix {
      -0.888504,0.030427,0.457858,0.000000,-0.032107,-0.999476,0.004114,0.000000,0.457744,-0.011045,0.889016,0.000000,-0.050843,0.055225,-0.008917,1.000000;;
     }

     Frame Bip01_L_Calf {
      

      FrameTransformMatrix {
       0.942235,-0.000000,-0.334952,0.000000,-0.000000,1.000000,-0.000000,0.000000,0.334952,-0.000000,0.942235,0.000000,0.237500,0.000000,-0.000000,1.000000;;
      }

      Frame Bip01_L_Foot {
       

       FrameTransformMatrix {
        0.924325,-0.026487,0.380687,0.000000,-0.068962,0.969570,0.234901,0.000000,-0.375325,-0.243378,0.894371,0.000000,0.206841,0.000000,0.000000,1.000000;;
       }

       Frame Bip01_L_Toe0 {
        

        FrameTransformMatrix {
         0.000000,0.000000,1.000000,0.000000,0.000000,1.000000,-0.000000,0.000000,-1.000000,0.000000,0.000000,0.000000,0.065373,0.000000,0.066450,1.000000;;
        }
       }
      }
     }
    }

    Frame Bip01_R_Thigh {
     

     FrameTransformMatrix {
      -0.996965,0.030321,-0.071704,0.000000,-0.029454,-0.999480,-0.013113,0.000000,-0.072065,-0.010961,0.997340,0.000000,-0.050843,-0.055225,-0.008917,1.000000;;
     }

     Frame Bip01_R_Calf {
      

      FrameTransformMatrix {
       0.730239,0.000000,-0.683192,0.000000,0.000000,1.000000,0.000000,0.000000,0.683192,0.000000,0.730239,0.000000,0.237500,0.000000,0.000000,1.000000;;
      }

      Frame Bip01_R_Foot {
       

       FrameTransformMatrix {
        0.991957,0.087165,-0.091782,0.000000,-0.093276,0.993546,-0.064539,0.000000,0.085565,0.072581,0.993685,0.000000,0.206841,0.000000,0.000000,1.000000;;
       }

       Frame Bip01_R_Toe0 {
        

        FrameTransformMatrix {
         0.000000,0.000000,1.000000,0.000000,0.000000,1.000000,-0.000000,0.000000,-1.000000,0.000000,0.000000,0.000000,0.065373,0.000000,0.066450,1.000000;;
        }
       }
      }
     }
    }
   }

   Frame Bip01_DressFront {
    

    FrameTransformMatrix {
     -0.880185,-0.088339,0.466338,0.000000,0.121847,0.907542,0.401896,0.000000,-0.458725,0.410564,-0.788041,0.000000,-0.043935,0.001339,0.061057,1.000000;;
    }

    Frame Bip01_DressFront02 {
     

     FrameTransformMatrix {
      0.912593,0.000001,0.408870,0.000000,-0.000001,1.000000,-0.000000,0.000000,-0.408870,-0.000000,0.912593,0.000000,0.183378,-0.000000,-0.000120,1.000000;;
     }
    }
   }

   Frame Bip01_DressBack {
    

    FrameTransformMatrix {
     -0.886023,0.038029,0.462080,0.000000,0.191625,0.937561,0.290274,0.000000,-0.422190,0.345735,-0.837988,0.000000,-0.047673,-0.000048,-0.078302,1.000000;;
    }

    Frame Bip01_DressBack02 {
     

     FrameTransformMatrix {
      0.936852,0.174932,-0.302833,0.000000,-0.166408,0.984581,0.053939,0.000000,0.307600,-0.000139,0.951516,0.000000,0.176125,0.000000,-0.000103,1.000000;;
     }
    }
   }
  }

  Frame Bip01_Prop1 {
   

   FrameTransformMatrix {
    -0.233929,-0.108090,0.966227,0.000000,0.687222,0.684611,0.242967,0.000000,-0.687752,0.720849,-0.085868,0.000000,0.072994,-0.055506,-0.134034,1.000000;;
   }
  }

  Frame Bip01_Prop2 {
   

   FrameTransformMatrix {
    -0.163643,-0.967062,0.194966,0.000000,0.985576,-0.168906,-0.010564,0.000000,0.043147,0.190425,0.980753,0.000000,-0.140709,-0.103585,0.102365,1.000000;;
   }
  }
 }
}

Frame Translation_Data {
 

 FrameTransformMatrix {
  1.000000,0.000000,0.000000,0.000000,0.000000,-0.000000,-1.000000,0.000000,0.000000,1.000000,-0.000000,0.000000,0.000000,0.000000,0.000000,1.000000;;
 }
}

Frame Kate_Apron {
 

 FrameTransformMatrix {
  1.000000,0.000000,0.000000,0.000000,0.000000,1.000000,0.000000,0.000000,0.000000,0.000000,1.000000,0.000000,0.000000,0.000000,0.000000,1.000000;;
 }

 Mesh Kate_Apron {
  447;
  0.067852;0.770002;-0.007537;,
  0.046407;0.770100;-0.006622;,
  0.065569;0.797329;0.010525;,
  0.065233;0.725726;-0.026694;,
  0.051353;0.701237;-0.059073;,
  0.048789;0.728618;-0.038749;,
  0.069222;0.697761;-0.043918;,
  0.030973;0.813655;0.066578;,
  0.057186;0.802543;0.077345;,
  0.058476;0.809698;0.060472;,
  0.045194;0.798301;0.083498;,
  0.059216;0.567508;-0.038481;,
  0.082928;0.515846;-0.029656;,
  0.047483;0.507080;-0.041044;,
  0.090925;0.575817;-0.004950;,
  0.070764;0.463214;-0.036043;,
  0.123302;0.367701;0.004923;,
  0.085933;0.370659;-0.031697;,
  0.114922;0.465835;0.010584;,
  0.095050;0.274780;-0.029753;,
  0.127669;0.280125;0.011787;,
  0.105913;0.510735;0.010345;,
  0.069978;0.668482;-0.016096;,
  0.045973;0.658214;-0.044940;,
  0.047303;0.663682;-0.045585;,
  0.068919;0.656861;-0.014925;,
  0.023635;0.667998;-0.046702;,
  0.022906;0.663854;-0.044426;,
  0.038962;0.813907;0.043522;,
  0.098002;0.547494;-0.001369;,
  0.061577;0.809943;0.038059;,
  -0.000032;0.560761;-0.048987;,
  -0.000032;0.499458;-0.051394;,
  -0.000024;0.814293;0.071077;,
  -0.000024;0.795527;0.083558;,
  -0.000032;0.610352;-0.047660;,
  0.043709;0.611273;-0.039589;,
  0.079788;0.608622;-0.006035;,
  0.081948;0.589335;0.043659;,
  0.077829;0.604327;0.043666;,
  0.043250;0.601736;0.077589;,
  0.047030;0.591298;0.079156;,
  -0.000032;0.599930;0.079728;,
  -0.000032;0.590291;0.081596;,
  0.038962;0.813907;0.043522;,
  0.061577;0.809943;0.038059;,
  0.045476;0.805024;0.024525;,
  0.025741;0.676166;-0.057065;,
  0.053171;0.673001;-0.057637;,
  0.025587;0.700325;-0.059243;,
  0.070862;0.675035;-0.037306;,
  0.047808;0.741657;-0.029437;,
  0.070302;0.745652;-0.010967;,
  0.078599;0.687293;-0.015964;,
  0.077321;0.715534;-0.015565;,
  0.012855;0.677082;-0.049906;,
  0.012778;0.700980;-0.056038;,
  -0.000032;0.673264;-0.047819;,
  -0.000032;0.701634;-0.054108;,
  -0.066703;0.770002;-0.007537;,
  -0.062809;0.797329;0.010525;,
  -0.045257;0.770100;-0.006622;,
  -0.064084;0.725726;-0.026694;,
  -0.050203;0.701237;-0.059073;,
  -0.068073;0.697761;-0.043918;,
  -0.047616;0.728618;-0.038749;,
  -0.031021;0.813655;0.066578;,
  -0.057234;0.802543;0.077345;,
  -0.045241;0.798301;0.083498;,
  -0.061725;0.809698;0.060472;,
  -0.059279;0.567508;-0.038481;,
  -0.082992;0.515846;-0.029656;,
  -0.087486;0.575817;-0.008337;,
  -0.047547;0.507080;-0.041044;,
  -0.070828;0.463214;-0.036043;,
  -0.123366;0.367701;0.004923;,
  -0.114986;0.465835;0.010584;,
  -0.085996;0.370659;-0.031697;,
  -0.095114;0.274780;-0.029753;,
  -0.127733;0.280125;0.011787;,
  -0.105977;0.510735;0.010345;,
  -0.070042;0.668482;-0.016096;,
  -0.046037;0.658214;-0.044940;,
  -0.068983;0.656861;-0.014925;,
  -0.047367;0.663682;-0.045585;,
  -0.023699;0.667998;-0.046702;,
  -0.022359;0.663854;-0.044426;,
  -0.039010;0.813907;0.043522;,
  -0.094563;0.547494;-0.004756;,
  -0.060024;0.809943;0.038059;,
  -0.000024;0.814293;0.071077;,
  -0.000024;0.795527;0.083558;,
  -0.043773;0.611273;-0.039589;,
  -0.079852;0.608622;-0.006035;,
  -0.082012;0.589335;0.043659;,
  -0.077893;0.604327;0.043666;,
  -0.043314;0.601736;0.077589;,
  -0.047094;0.591298;0.079156;,
  -0.000032;0.599930;0.079728;,
  -0.000032;0.590291;0.081596;,
  -0.039010;0.813907;0.043522;,
  -0.044326;0.805024;0.024525;,
  -0.060024;0.809943;0.038059;,
  -0.025805;0.676166;-0.057065;,
  -0.025651;0.700325;-0.059243;,
  -0.053235;0.673001;-0.057637;,
  -0.070926;0.675035;-0.037306;,
  -0.046658;0.741657;-0.029437;,
  -0.069152;0.745652;-0.010967;,
  -0.078663;0.687293;-0.015964;,
  -0.076196;0.715534;-0.015565;,
  -0.012919;0.677082;-0.049906;,
  -0.012842;0.700980;-0.056038;,
  0.085933;0.370659;-0.031697;,
  0.043045;0.273957;-0.041918;,
  0.022620;0.372560;-0.049276;,
  0.095050;0.274780;-0.029753;,
  0.070764;0.463214;-0.036043;,
  0.013014;0.462195;-0.051557;,
  0.047483;0.507080;-0.041044;,
  -0.024641;0.372486;-0.048915;,
  -0.000032;0.273646;-0.044566;,
  -0.044247;0.273888;-0.041607;,
  -0.000032;0.373220;-0.052501;,
  -0.013572;0.462351;-0.051322;,
  -0.000032;0.460294;-0.051243;,
  -0.000032;0.499458;-0.051394;,
  -0.047547;0.507080;-0.041044;,
  -0.070828;0.463214;-0.036043;,
  -0.085996;0.370659;-0.031697;,
  -0.095114;0.274780;-0.029753;,
  0.064439;0.745316;0.003024;,
  0.067852;0.770002;-0.007537;,
  0.063891;0.767378;0.008855;,
  0.070302;0.745652;-0.010967;,
  0.065569;0.797329;0.010525;,
  0.064119;0.792906;0.018127;,
  0.061577;0.809943;0.038059;,
  0.060952;0.801588;0.039811;,
  0.060952;0.801588;0.039811;,
  0.058476;0.809698;0.060472;,
  0.057884;0.800118;0.060165;,
  0.061577;0.809943;0.038059;,
  0.057186;0.802543;0.077345;,
  0.056608;0.797001;0.077038;,
  0.045194;0.798301;0.083498;,
  0.044742;0.792759;0.082058;,
  -0.000024;0.795527;0.083558;,
  0.000000;0.789986;0.082118;,
  0.000000;0.789986;0.082118;,
  -0.045241;0.798301;0.083498;,
  -0.044742;0.792759;0.082058;,
  -0.000024;0.795527;0.083558;,
  -0.057234;0.802543;0.077345;,
  -0.056608;0.797001;0.077038;,
  -0.061725;0.809698;0.060472;,
  -0.061052;0.800118;0.060165;,
  -0.060024;0.809943;0.038059;,
  -0.059369;0.801588;0.039811;,
  -0.059369;0.801588;0.039811;,
  -0.062809;0.797329;0.010525;,
  -0.062535;0.792906;0.018127;,
  -0.060024;0.809943;0.038059;,
  -0.066703;0.770002;-0.007537;,
  -0.063891;0.767378;0.008855;,
  -0.069152;0.745652;-0.010967;,
  -0.064439;0.745316;0.003024;,
  -0.076196;0.715534;-0.015565;,
  -0.066497;0.715199;-0.000888;,
  -0.078663;0.687293;-0.015964;,
  -0.068091;0.686958;-0.001228;,
  -0.070042;0.668482;-0.016096;,
  -0.060625;0.668146;-0.001340;,
  -0.068983;0.656861;-0.014925;,
  -0.059708;0.656525;-0.000344;,
  -0.079852;0.608622;-0.006035;,
  -0.065006;0.609744;-0.004452;,
  -0.065006;0.609744;-0.004452;,
  -0.077893;0.604327;0.043666;,
  -0.065158;0.603547;0.040473;,
  -0.079852;0.608622;-0.006035;,
  -0.043314;0.601736;0.077589;,
  -0.041630;0.600956;0.069844;,
  -0.000032;0.599930;0.079728;,
  0.000000;0.599150;0.071150;,
  0.000000;0.599150;0.071150;,
  0.043250;0.601736;0.077589;,
  0.040373;0.600956;0.069996;,
  -0.000032;0.599930;0.079728;,
  0.077829;0.604327;0.043666;,
  0.065607;0.603547;0.036133;,
  0.079788;0.608622;-0.006035;,
  0.065006;0.609744;-0.004452;,
  0.065006;0.609744;-0.004452;,
  0.068919;0.656861;-0.014925;,
  0.059708;0.656525;-0.000344;,
  0.079788;0.608622;-0.006035;,
  0.069978;0.668482;-0.016096;,
  0.060625;0.668146;-0.001340;,
  0.078599;0.687293;-0.015964;,
  0.068091;0.686958;-0.001228;,
  0.077321;0.715534;-0.015565;,
  0.066497;0.715199;-0.000888;,
  0.000000;0.811514;0.067619;,
  0.030973;0.813655;0.066578;,
  0.030670;0.809008;0.063603;,
  -0.000024;0.814293;0.071077;,
  0.030670;0.809008;0.063603;,
  0.038962;0.813907;0.043522;,
  0.037047;0.808366;0.043215;,
  0.030973;0.813655;0.066578;,
  0.037047;0.808366;0.043215;,
  0.045476;0.805024;0.024525;,
  0.040010;0.802173;0.028888;,
  0.038962;0.813907;0.043522;,
  0.040010;0.802173;0.028888;,
  0.046407;0.770100;-0.006622;,
  0.040926;0.767476;0.000831;,
  0.045476;0.805024;0.024525;,
  0.040926;0.767476;0.000831;,
  0.047808;0.741657;-0.029437;,
  0.042305;0.741322;-0.023889;,
  0.046407;0.770100;-0.006622;,
  0.042305;0.741322;-0.023889;,
  0.025553;0.741375;-0.030062;,
  0.025242;0.741040;-0.023290;,
  0.047808;0.741657;-0.029437;,
  0.025242;0.741040;-0.023290;,
  0.012744;0.741134;-0.029141;,
  0.012170;0.740799;-0.023413;,
  0.025553;0.741375;-0.030062;,
  0.012170;0.740799;-0.023413;,
  -0.000066;0.740893;-0.028832;,
  -0.000034;0.740557;-0.023391;,
  0.012744;0.741134;-0.029141;,
  -0.000034;0.740557;-0.023391;,
  -0.012876;0.741134;-0.029141;,
  -0.012238;0.740799;-0.023413;,
  -0.000066;0.740893;-0.028832;,
  -0.012238;0.740799;-0.023413;,
  -0.025685;0.741375;-0.030062;,
  -0.025311;0.741040;-0.023290;,
  -0.012876;0.741134;-0.029141;,
  -0.025311;0.741040;-0.023290;,
  -0.046658;0.741657;-0.029437;,
  -0.042305;0.741322;-0.023793;,
  -0.025685;0.741375;-0.030062;,
  -0.042305;0.741322;-0.023793;,
  -0.045257;0.770100;-0.006622;,
  -0.040926;0.767476;0.000831;,
  -0.046658;0.741657;-0.029437;,
  -0.040926;0.767476;0.000831;,
  -0.044326;0.805024;0.024525;,
  -0.040010;0.802173;0.028888;,
  -0.045257;0.770100;-0.006622;,
  -0.040010;0.802173;0.028888;,
  -0.039010;0.813907;0.043522;,
  -0.037047;0.808366;0.043215;,
  -0.044326;0.805024;0.024525;,
  -0.037047;0.808366;0.043215;,
  -0.031021;0.813655;0.066578;,
  -0.030670;0.809008;0.063603;,
  -0.039010;0.813907;0.043522;,
  -0.030670;0.809008;0.063603;,
  -0.000024;0.814293;0.071077;,
  0.000000;0.811514;0.067619;,
  -0.031021;0.813655;0.066578;,
  0.106802;0.367365;0.016111;,
  0.114922;0.465835;0.010584;,
  0.099544;0.465500;0.021362;,
  0.123302;0.367701;0.004923;,
  0.105913;0.510735;0.010345;,
  0.091743;0.510400;0.021159;,
  0.098002;0.547494;-0.001369;,
  0.081653;0.547159;0.011191;,
  0.090925;0.575817;-0.004950;,
  0.072911;0.573990;0.005802;,
  0.072911;0.573990;0.005802;,
  0.081948;0.589335;0.043659;,
  0.076662;0.585354;0.041948;,
  0.090925;0.575817;-0.004950;,
  0.047030;0.591298;0.079156;,
  0.043251;0.586770;0.075998;,
  -0.000032;0.590291;0.081596;,
  0.000000;0.586769;0.077998;,
  0.000000;0.586769;0.077998;,
  -0.047094;0.591298;0.079156;,
  -0.043681;0.586770;0.076224;,
  -0.000032;0.590291;0.081596;,
  -0.082012;0.589335;0.043659;,
  -0.075861;0.585354;0.041948;,
  -0.087486;0.575817;-0.008337;,
  -0.072507;0.573990;-0.002532;,
  -0.072507;0.573990;-0.002532;,
  -0.094563;0.547494;-0.004756;,
  -0.081616;0.547159;0.003802;,
  -0.087486;0.575817;-0.008337;,
  -0.105977;0.510735;0.010345;,
  -0.091743;0.510400;0.021159;,
  -0.114986;0.465835;0.010584;,
  -0.099544;0.465500;0.021362;,
  -0.123366;0.367701;0.004923;,
  -0.106802;0.367365;0.016111;,
  -0.127733;0.280125;0.011787;,
  -0.113141;0.279790;0.021606;,
  -0.113141;0.279790;0.021606;,
  -0.095114;0.274780;-0.029753;,
  -0.095467;0.274194;-0.011775;,
  -0.127733;0.280125;0.011787;,
  -0.095467;0.274194;-0.011775;,
  -0.044247;0.273888;-0.041607;,
  -0.043436;0.273646;-0.021437;,
  -0.095114;0.274780;-0.029753;,
  -0.000032;0.273646;-0.044566;,
  0.000029;0.273712;-0.022256;,
  0.043045;0.273957;-0.041918;,
  0.042743;0.274249;-0.015220;,
  0.095438;0.274776;-0.009476;,
  0.095050;0.274780;-0.029753;,
  0.095438;0.274776;-0.009476;,
  0.127669;0.280125;0.011787;,
  0.113141;0.279790;0.021606;,
  0.095050;0.274780;-0.029753;,
  0.113141;0.279790;0.021606;,
  0.127669;0.280125;0.011787;,
  0.045793;0.700901;-0.053202;,
  0.025277;0.727106;-0.034782;,
  0.022185;0.699990;-0.052470;,
  0.043083;0.728283;-0.034411;,
  0.022185;0.699990;-0.052470;,
  0.012204;0.727760;-0.034905;,
  0.011093;0.700644;-0.050309;,
  0.025277;0.727106;-0.034782;,
  0.011093;0.700644;-0.050309;,
  0.000000;0.728415;-0.034316;,
  0.000000;0.701299;-0.048668;,
  0.012204;0.727760;-0.034905;,
  0.000000;0.701299;-0.048668;,
  -0.012204;0.727760;-0.034905;,
  -0.011093;0.700644;-0.050309;,
  0.000000;0.728415;-0.034316;,
  -0.011093;0.700644;-0.050309;,
  -0.025277;0.727106;-0.034782;,
  -0.022185;0.699990;-0.052470;,
  -0.012204;0.727760;-0.034905;,
  -0.022185;0.699990;-0.052470;,
  -0.043106;0.728283;-0.035874;,
  -0.045793;0.700901;-0.053202;,
  -0.025277;0.727106;-0.034782;,
  -0.025651;0.727441;-0.041554;,
  -0.012842;0.728096;-0.040633;,
  -0.000032;0.728750;-0.039756;,
  0.012778;0.728096;-0.040633;,
  0.025587;0.727441;-0.041554;,
  0.043083;0.728283;-0.034411;,
  0.025242;0.741040;-0.023290;,
  0.025277;0.727106;-0.034782;,
  0.042305;0.741322;-0.023889;,
  0.025277;0.727106;-0.034782;,
  0.012170;0.740799;-0.023413;,
  0.012204;0.727760;-0.034905;,
  0.025242;0.741040;-0.023290;,
  0.012204;0.727760;-0.034905;,
  -0.000034;0.740557;-0.023391;,
  0.000000;0.728415;-0.034316;,
  0.012170;0.740799;-0.023413;,
  0.000000;0.728415;-0.034316;,
  -0.012238;0.740799;-0.023413;,
  -0.012204;0.727760;-0.034905;,
  -0.000034;0.740557;-0.023391;,
  -0.012204;0.727760;-0.034905;,
  -0.025311;0.741040;-0.023290;,
  -0.025277;0.727106;-0.034782;,
  -0.012238;0.740799;-0.023413;,
  -0.025277;0.727106;-0.034782;,
  -0.042305;0.741322;-0.023793;,
  -0.043106;0.728283;-0.035874;,
  -0.025311;0.741040;-0.023290;,
  -0.025685;0.741375;-0.030062;,
  -0.012876;0.741134;-0.029141;,
  -0.000066;0.740893;-0.028832;,
  0.012744;0.741134;-0.029141;,
  0.025553;0.741375;-0.030062;,
  0.059216;0.562933;-0.019449;,
  0.082928;0.515846;-0.008250;,
  0.072911;0.573990;0.005802;,
  0.047483;0.507080;-0.018947;,
  0.070764;0.463214;-0.015113;,
  0.106802;0.367365;0.016111;,
  0.099544;0.465500;0.021362;,
  0.085933;0.370659;-0.010767;,
  0.095438;0.274776;-0.009476;,
  0.113141;0.279790;0.021606;,
  0.091743;0.510400;0.021159;,
  0.081653;0.547159;0.011191;,
  -0.000032;0.560761;-0.026903;,
  -0.000032;0.499458;-0.024883;,
  -0.059279;0.562933;-0.019449;,
  -0.082992;0.515846;-0.008250;,
  -0.047547;0.507080;-0.018947;,
  -0.072507;0.573990;-0.002532;,
  -0.070828;0.463214;-0.015113;,
  -0.106802;0.367365;0.016111;,
  -0.085996;0.370659;-0.010767;,
  -0.099544;0.465500;0.021362;,
  -0.095467;0.274194;-0.011775;,
  -0.113141;0.279790;0.021606;,
  -0.091743;0.510400;0.021159;,
  -0.081616;0.547159;0.003802;,
  0.085933;0.370659;-0.010767;,
  0.042743;0.274249;-0.015220;,
  0.095438;0.274776;-0.009476;,
  0.022620;0.372560;-0.023970;,
  0.070764;0.463214;-0.015113;,
  0.013014;0.462195;-0.023252;,
  0.047483;0.507080;-0.018947;,
  -0.024641;0.372486;-0.023609;,
  0.000029;0.273712;-0.022256;,
  -0.000032;0.373220;-0.027196;,
  -0.043436;0.273646;-0.021437;,
  -0.013572;0.462351;-0.023017;,
  -0.000032;0.460294;-0.026131;,
  -0.000032;0.499458;-0.024883;,
  -0.047547;0.507080;-0.018947;,
  -0.070828;0.463214;-0.015113;,
  -0.085996;0.370659;-0.010767;,
  -0.095467;0.274194;-0.011775;,
  0.060625;0.668146;-0.001340;,
  0.043068;0.658214;-0.023845;,
  0.059708;0.656525;-0.000344;,
  0.044314;0.663682;-0.024490;,
  -0.000032;0.610352;-0.027062;,
  0.059216;0.562933;-0.019449;,
  0.043709;0.611273;-0.021301;,
  -0.000032;0.560761;-0.026903;,
  0.072911;0.573990;0.005802;,
  0.043709;0.611273;-0.021301;,
  0.065006;0.609744;-0.004452;,
  -0.060625;0.668146;-0.001340;,
  -0.043132;0.658214;-0.023845;,
  -0.044378;0.663682;-0.024490;,
  -0.059708;0.656525;-0.000344;,
  -0.059279;0.562933;-0.019449;,
  -0.043773;0.611273;-0.021301;,
  -0.072507;0.573990;-0.002532;,
  -0.043773;0.611273;-0.021301;,
  -0.065006;0.609744;-0.004452;;
  406;
  3;0,1,2;,
  3;3,4,5;,
  3;4,3,6;,
  3;7,8,9;,
  3;8,7,10;,
  3;11,12,13;,
  3;12,11,14;,
  3;15,16,17;,
  3;16,15,18;,
  3;16,19,17;,
  3;19,16,20;,
  3;18,12,21;,
  3;12,18,15;,
  3;22,23,24;,
  3;23,22,25;,
  3;23,26,24;,
  3;26,23,27;,
  3;9,28,7;,
  3;12,15,13;,
  3;14,29,12;,
  3;29,21,12;,
  3;28,9,30;,
  3;13,31,11;,
  3;31,13,32;,
  3;33,34,10;,
  3;35,11,31;,
  3;11,35,36;,
  3;36,14,11;,
  3;14,36,37;,
  3;37,38,14;,
  3;38,37,39;,
  3;38,40,41;,
  3;40,38,39;,
  3;41,42,43;,
  3;42,41,40;,
  3;44,45,46;,
  3;46,45,2;,
  3;33,10,7;,
  3;47,4,48;,
  3;4,47,49;,
  3;48,6,50;,
  3;6,48,4;,
  3;51,0,52;,
  3;0,51,1;,
  3;24,50,22;,
  3;50,24,48;,
  3;53,6,54;,
  3;54,3,52;,
  3;52,5,51;,
  3;5,52,3;,
  3;55,49,47;,
  3;49,55,56;,
  3;24,47,48;,
  3;6,53,50;,
  3;50,53,22;,
  3;47,24,26;,
  3;56,57,58;,
  3;57,56,55;,
  3;47,26,55;,
  3;3,54,6;,
  3;2,1,46;,
  3;27,23,36;,
  3;36,25,37;,
  3;25,36,23;,
  3;35,27,36;,
  3;27,35,57;,
  3;55,27,57;,
  3;27,55,26;,
  3;59,60,61;,
  3;62,63,64;,
  3;63,62,65;,
  3;66,67,68;,
  3;67,66,69;,
  3;70,71,72;,
  3;71,70,73;,
  3;74,75,76;,
  3;75,74,77;,
  3;75,78,79;,
  3;78,75,77;,
  3;76,71,74;,
  3;71,76,80;,
  3;81,82,83;,
  3;82,81,84;,
  3;82,85,86;,
  3;85,82,84;,
  3;69,66,87;,
  3;71,73,74;,
  3;72,71,88;,
  3;88,71,80;,
  3;87,89,69;,
  3;73,31,32;,
  3;31,73,70;,
  3;90,68,91;,
  3;35,70,92;,
  3;70,35,31;,
  3;92,72,93;,
  3;72,92,70;,
  3;93,94,95;,
  3;94,93,72;,
  3;94,96,95;,
  3;96,94,97;,
  3;97,98,96;,
  3;98,97,99;,
  3;100,101,102;,
  3;101,60,102;,
  3;90,66,68;,
  3;103,63,104;,
  3;63,103,105;,
  3;105,64,63;,
  3;64,105,106;,
  3;107,59,61;,
  3;59,107,108;,
  3;84,106,105;,
  3;106,84,81;,
  3;109,110,64;,
  3;110,108,62;,
  3;108,65,62;,
  3;65,108,107;,
  3;111,104,112;,
  3;104,111,103;,
  3;84,105,103;,
  3;64,106,109;,
  3;106,81,109;,
  3;103,85,84;,
  3;112,57,111;,
  3;57,112,58;,
  3;103,111,85;,
  3;62,64,110;,
  3;60,101,61;,
  3;86,92,82;,
  3;92,83,82;,
  3;83,92,93;,
  3;35,92,86;,
  3;86,57,35;,
  3;111,86,85;,
  3;86,111,57;,
  3;113,114,115;,
  3;114,113,116;,
  3;117,115,118;,
  3;115,117,113;,
  3;118,119,117;,
  3;120,121,122;,
  3;121,120,123;,
  3;124,123,120;,
  3;123,124,125;,
  3;126,124,127;,
  3;127,124,128;,
  3;124,126,125;,
  3;120,128,124;,
  3;128,120,129;,
  3;122,129,120;,
  3;129,122,130;,
  3;126,118,125;,
  3;118,126,119;,
  3;123,118,115;,
  3;118,123,125;,
  3;121,115,114;,
  3;115,121,123;,
  3;131,132,133;,
  3;132,131,134;,
  3;133,135,136;,
  3;135,133,132;,
  3;136,137,138;,
  3;137,136,135;,
  3;139,140,141;,
  3;140,139,142;,
  3;141,143,144;,
  3;143,141,140;,
  3;144,145,146;,
  3;145,144,143;,
  3;146,147,148;,
  3;147,146,145;,
  3;149,150,151;,
  3;150,149,152;,
  3;151,153,154;,
  3;153,151,150;,
  3;154,155,156;,
  3;155,154,153;,
  3;156,157,158;,
  3;157,156,155;,
  3;159,160,161;,
  3;160,159,162;,
  3;161,163,164;,
  3;163,161,160;,
  3;164,165,166;,
  3;165,164,163;,
  3;166,167,168;,
  3;167,166,165;,
  3;168,169,170;,
  3;169,168,167;,
  3;170,171,172;,
  3;171,170,169;,
  3;172,173,174;,
  3;173,172,171;,
  3;174,175,176;,
  3;175,174,173;,
  3;177,178,179;,
  3;178,177,180;,
  3;179,181,182;,
  3;181,179,178;,
  3;182,183,184;,
  3;183,182,181;,
  3;185,186,187;,
  3;186,185,188;,
  3;187,189,190;,
  3;189,187,186;,
  3;190,191,192;,
  3;191,190,189;,
  3;193,194,195;,
  3;194,193,196;,
  3;195,197,198;,
  3;197,195,194;,
  3;198,199,200;,
  3;199,198,197;,
  3;200,201,202;,
  3;201,200,199;,
  3;202,134,131;,
  3;134,202,201;,
  3;203,204,205;,
  3;204,203,206;,
  3;207,208,209;,
  3;208,207,210;,
  3;211,212,213;,
  3;212,211,214;,
  3;215,216,217;,
  3;216,215,218;,
  3;219,220,221;,
  3;220,219,222;,
  3;223,224,225;,
  3;224,223,226;,
  3;227,228,229;,
  3;228,227,230;,
  3;231,232,233;,
  3;232,231,234;,
  3;235,236,237;,
  3;236,235,238;,
  3;239,240,241;,
  3;240,239,242;,
  3;243,244,245;,
  3;244,243,246;,
  3;247,248,249;,
  3;248,247,250;,
  3;251,252,253;,
  3;252,251,254;,
  3;255,256,257;,
  3;256,255,258;,
  3;259,260,261;,
  3;260,259,262;,
  3;263,264,265;,
  3;264,263,266;,
  3;267,268,269;,
  3;268,267,270;,
  3;269,271,272;,
  3;271,269,268;,
  3;272,273,274;,
  3;273,272,271;,
  3;274,275,276;,
  3;275,274,273;,
  3;277,278,279;,
  3;278,277,280;,
  3;279,281,282;,
  3;281,279,278;,
  3;282,283,284;,
  3;283,282,281;,
  3;285,286,287;,
  3;286,285,288;,
  3;287,289,290;,
  3;289,287,286;,
  3;290,291,292;,
  3;291,290,289;,
  3;293,294,295;,
  3;294,293,296;,
  3;295,297,298;,
  3;297,295,294;,
  3;298,299,300;,
  3;299,298,297;,
  3;300,301,302;,
  3;301,300,299;,
  3;302,303,304;,
  3;303,302,301;,
  3;305,306,307;,
  3;306,305,308;,
  3;309,310,311;,
  3;310,309,312;,
  3;311,313,314;,
  3;313,311,310;,
  3;314,315,316;,
  3;315,314,313;,
  3;315,317,316;,
  3;317,315,318;,
  3;319,320,321;,
  3;320,319,322;,
  3;323,270,267;,
  3;270,323,324;,
  3;325,326,327;,
  3;326,325,328;,
  3;329,330,331;,
  3;330,329,332;,
  3;333,334,335;,
  3;334,333,336;,
  3;337,338,339;,
  3;338,337,340;,
  3;341,342,343;,
  3;342,341,344;,
  3;345,346,347;,
  3;346,345,348;,
  3;63,349,104;,
  3;349,63,65;,
  3;104,350,112;,
  3;350,104,349;,
  3;112,351,58;,
  3;351,112,350;,
  3;58,352,56;,
  3;352,58,351;,
  3;56,353,49;,
  3;353,56,352;,
  3;49,5,4;,
  3;5,49,353;,
  3;354,355,356;,
  3;355,354,357;,
  3;358,359,360;,
  3;359,358,361;,
  3;362,363,364;,
  3;363,362,365;,
  3;366,367,368;,
  3;367,366,369;,
  3;370,371,372;,
  3;371,370,373;,
  3;374,375,376;,
  3;375,374,377;,
  3;65,378,349;,
  3;378,65,107;,
  3;349,379,350;,
  3;379,349,378;,
  3;350,380,351;,
  3;380,350,379;,
  3;351,381,352;,
  3;381,351,380;,
  3;352,382,353;,
  3;382,352,381;,
  3;353,51,5;,
  3;51,353,382;,
  3;383,384,385;,
  3;384,383,386;,
  3;387,388,389;,
  3;388,387,390;,
  3;388,391,392;,
  3;391,388,390;,
  3;389,384,387;,
  3;384,389,393;,
  3;384,386,387;,
  3;385,384,394;,
  3;394,384,393;,
  3;386,395,396;,
  3;395,386,383;,
  3;397,398,399;,
  3;398,397,400;,
  3;401,402,403;,
  3;402,401,404;,
  3;402,405,403;,
  3;405,402,406;,
  3;404,398,407;,
  3;398,404,401;,
  3;398,401,399;,
  3;400,408,398;,
  3;408,407,398;,
  3;399,395,397;,
  3;395,399,396;,
  3;409,410,411;,
  3;410,409,412;,
  3;413,412,409;,
  3;412,413,414;,
  3;414,413,415;,
  3;416,417,418;,
  3;417,416,419;,
  3;420,418,421;,
  3;418,420,416;,
  3;422,423,420;,
  3;423,424,420;,
  3;420,421,422;,
  3;416,424,425;,
  3;424,416,420;,
  3;419,425,426;,
  3;425,419,416;,
  3;422,421,414;,
  3;414,415,422;,
  3;418,414,421;,
  3;414,418,412;,
  3;417,412,418;,
  3;412,417,410;,
  3;427,428,429;,
  3;428,427,430;,
  3;431,432,433;,
  3;432,431,434;,
  3;433,435,193;,
  3;435,433,432;,
  3;436,429,428;,
  3;429,436,437;,
  3;438,439,440;,
  3;439,438,441;,
  3;431,442,434;,
  3;442,431,443;,
  3;443,444,442;,
  3;444,443,176;,
  3;445,441,446;,
  3;441,445,439;;

  MeshNormals {
   447;
   0.145866;0.499820;-0.853758;,
   0.086198;0.529690;-0.843800;,
   -0.135655;0.713164;-0.687746;,
   0.665162;0.419175;-0.617942;,
   0.343507;0.262903;-0.901602;,
   0.313115;0.561937;-0.765628;,
   0.798361;0.169739;-0.577761;,
   0.134266;0.874511;0.466052;,
   0.151310;0.848431;0.507219;,
   0.166395;0.954846;0.246135;,
   0.109886;0.792611;0.599745;,
   0.438186;0.104086;-0.892838;,
   0.651873;0.060998;-0.755871;,
   0.207993;0.014876;-0.978017;,
   0.813546;0.222643;-0.537190;,
   0.431658;0.026025;-0.901662;,
   0.729764;0.055292;-0.681460;,
   0.484787;0.035510;-0.873911;,
   0.751897;0.053978;-0.657068;,
   0.503967;0.016068;-0.863574;,
   0.744440;0.022680;-0.667304;,
   0.822038;0.019171;-0.569110;,
   0.820545;-0.437310;-0.368058;,
   0.376257;-0.168604;-0.911045;,
   0.346665;-0.615206;-0.708057;,
   0.758592;-0.097237;-0.644270;,
   -0.129046;-0.537152;-0.833556;,
   0.029455;-0.183884;-0.982507;,
   0.137252;0.985982;-0.094874;,
   0.831136;0.093996;-0.548067;,
   0.110498;0.962984;-0.245872;,
   -0.000000;0.026738;-0.999643;,
   -0.000772;-0.000502;-1.000000;,
   0.000000;0.630414;0.776259;,
   0.000000;0.553778;0.832664;,
   -0.000299;0.009391;-0.999956;,
   0.427982;0.033108;-0.903181;,
   0.851065;0.192857;-0.488359;,
   0.887147;0.300238;0.350467;,
   0.862482;0.295772;0.410664;,
   0.348610;0.225202;0.909810;,
   0.443293;0.236522;0.864609;,
   -0.000000;0.176759;0.984254;,
   -0.000000;0.176759;0.984254;,
   0.137252;0.985982;-0.094874;,
   0.110498;0.962984;-0.245872;,
   -0.023452;0.862579;-0.505378;,
   -0.218288;-0.432271;-0.874924;,
   0.350281;-0.482402;-0.802865;,
   -0.129652;0.217422;-0.967429;,
   0.793869;-0.448528;-0.410602;,
   0.321690;0.525343;-0.787737;,
   0.470254;0.424194;-0.773900;,
   0.960868;-0.124365;-0.247520;,
   0.848723;0.254495;-0.463574;,
   -0.205195;-0.351428;-0.913451;,
   -0.184077;0.165965;-0.968799;,
   -0.000504;-0.191865;-0.981421;,
   -0.000000;0.150209;-0.988654;,
   -0.148647;0.498240;-0.854202;,
   0.149892;0.709078;-0.689015;,
   -0.085043;0.527698;-0.845164;,
   -0.664728;0.419370;-0.618276;,
   -0.338287;0.270240;-0.901406;,
   -0.789692;0.192139;-0.582640;,
   -0.313710;0.561853;-0.765445;,
   -0.127988;0.875316;0.466305;,
   -0.143575;0.842230;0.519650;,
   -0.105102;0.788025;0.606606;,
   -0.159753;0.957494;0.240177;,
   -0.434336;0.101881;-0.894971;,
   -0.654611;0.065145;-0.753154;,
   -0.804515;0.199336;-0.559483;,
   -0.205893;0.012741;-0.978492;,
   -0.430799;0.025895;-0.902076;,
   -0.729764;0.055292;-0.681460;,
   -0.751896;0.053978;-0.657068;,
   -0.484539;0.035448;-0.874051;,
   -0.503996;0.015733;-0.863563;,
   -0.744440;0.022680;-0.667305;,
   -0.820706;0.032829;-0.570407;,
   -0.820545;-0.437310;-0.368058;,
   -0.376825;-0.168053;-0.910912;,
   -0.758592;-0.097237;-0.644270;,
   -0.347011;-0.614660;-0.708362;,
   0.128633;-0.533561;-0.835922;,
   -0.031625;-0.184289;-0.982363;,
   -0.131332;0.985114;-0.110920;,
   -0.839128;0.111979;-0.532284;,
   -0.118500;0.962060;-0.245760;,
   0.000000;0.630414;0.776259;,
   0.000000;0.553778;0.832664;,
   -0.427701;0.033382;-0.903304;,
   -0.862947;0.168042;-0.476535;,
   -0.904396;0.259672;0.338583;,
   -0.878872;0.261773;0.398821;,
   -0.348611;0.225202;0.909810;,
   -0.443293;0.236522;0.864609;,
   -0.000000;0.176759;0.984254;,
   -0.000000;0.176759;0.984254;,
   -0.131332;0.985114;-0.110920;,
   0.023886;0.863328;-0.504078;,
   -0.118500;0.962060;-0.245760;,
   0.218356;-0.432330;-0.874878;,
   0.129382;0.217182;-0.967519;,
   -0.358017;-0.474172;-0.804354;,
   -0.799075;-0.432808;-0.417321;,
   -0.322618;0.525007;-0.787582;,
   -0.470100;0.424203;-0.773988;,
   -0.959572;-0.097162;-0.264163;,
   -0.842203;0.265932;-0.469014;,
   0.205008;-0.350671;-0.913784;,
   0.184077;0.165965;-0.968799;,
   0.484787;0.035510;-0.873911;,
   0.180006;-0.034336;-0.983066;,
   0.169282;-0.021457;-0.985334;,
   0.503967;0.016068;-0.863574;,
   0.431658;0.026025;-0.901662;,
   0.146238;0.014850;-0.989138;,
   0.207993;0.014876;-0.978017;,
   -0.174189;-0.020817;-0.984492;,
   -0.002846;-0.067624;-0.997707;,
   -0.182603;-0.034619;-0.982577;,
   -0.003993;-0.033627;-0.999427;,
   -0.152644;0.014868;-0.988169;,
   -0.007071;-0.002328;-0.999972;,
   -0.000772;-0.000502;-1.000000;,
   -0.205893;0.012741;-0.978492;,
   -0.430799;0.025895;-0.902076;,
   -0.484539;0.035448;-0.874051;,
   -0.503996;0.015733;-0.863563;,
   0.917273;0.026448;0.397380;,
   0.964293;-0.027721;0.263383;,
   0.967547;-0.035934;0.250122;,
   0.907561;0.032836;0.418634;,
   0.980776;-0.057113;0.186595;,
   0.982482;-0.052377;0.178847;,
   0.987334;-0.048713;0.150990;,
   0.987385;-0.048991;0.150567;,
   0.987385;-0.048991;0.150567;,
   0.992607;-0.065946;0.101890;,
   0.993297;-0.068209;0.093319;,
   0.987334;-0.048713;0.150990;,
   0.900557;-0.133792;0.413638;,
   0.788863;-0.156543;0.594298;,
   0.277425;-0.217592;0.935783;,
   0.217155;-0.227176;0.949334;,
   -0.000047;-0.252109;0.967699;,
   0.000042;-0.252109;0.967699;,
   0.000042;-0.252109;0.967699;,
   -0.279013;-0.219753;0.934805;,
   -0.216312;-0.229179;0.949045;,
   -0.000047;-0.252109;0.967699;,
   -0.847429;-0.138604;0.512497;,
   -0.741199;-0.158864;0.652216;,
   -0.994766;-0.086606;0.054216;,
   -0.992617;-0.087791;0.083691;,
   -0.999272;-0.034399;0.016529;,
   -0.999268;-0.035749;0.013642;,
   -0.999268;-0.035749;0.013642;,
   -0.991524;0.022191;0.128015;,
   -0.992091;0.019073;0.124062;,
   -0.999272;-0.034399;0.016529;,
   -0.980093;0.020235;0.197506;,
   -0.982668;0.021984;0.184064;,
   -0.932329;0.045994;0.358674;,
   -0.940828;0.039951;0.336521;,
   -0.854989;0.060622;0.515091;,
   -0.859741;0.061960;0.506958;,
   -0.819632;-0.131095;0.557690;,
