xof 0303txt 0032
template ColorRGBA {
 <35ff44e0-6c7c-11cf-8f52-0040333594a3>
 FLOAT red;
 FLOAT green;
 FLOAT blue;
 FLOAT alpha;
}

template ColorRGB {
 <d3e16e81-7835-11cf-8f52-0040333594a3>
 FLOAT red;
 FLOAT green;
 FLOAT blue;
}

template Material {
 <3d82ab4d-62da-11cf-ab39-0020af71e433>
 ColorRGBA faceColor;
 FLOAT power;
 ColorRGB specularColor;
 ColorRGB emissiveColor;
 [...]
}

template TextureFilename {
 <a42790e1-7810-11cf-8f52-0040333594a3>
 STRING filename;
}

template Frame {
 <3d82ab46-62da-11cf-ab39-0020af71e433>
 [...]
}

template Matrix4x4 {
 <f6f23f45-7686-11cf-8f52-0040333594a3>
 array FLOAT matrix[16];
}

template FrameTransformMatrix {
 <f6f23f41-7686-11cf-8f52-0040333594a3>
 Matrix4x4 frameMatrix;
}

template Vector {
 <3d82ab5e-62da-11cf-ab39-0020af71e433>
 FLOAT x;
 FLOAT y;
 FLOAT z;
}

template MeshFace {
 <3d82ab5f-62da-11cf-ab39-0020af71e433>
 DWORD nFaceVertexIndices;
 array DWORD faceVertexIndices[nFaceVertexIndices];
}

template Mesh {
 <3d82ab44-62da-11cf-ab39-0020af71e433>
 DWORD nVertices;
 array Vector vertices[nVertices];
 DWORD nFaces;
 array MeshFace faces[nFaces];
 [...]
}

template MeshNormals {
 <f6f23f43-7686-11cf-8f52-0040333594a3>
 DWORD nNormals;
 array Vector normals[nNormals];
 DWORD nFaceNormals;
 array MeshFace faceNormals[nFaceNormals];
}

template MeshMaterialList {
 <f6f23f42-7686-11cf-8f52-0040333594a3>
 DWORD nMaterials;
 DWORD nFaceIndexes;
 array DWORD faceIndexes[nFaceIndexes];
 [Material <3d82ab4d-62da-11cf-ab39-0020af71e433>]
}

template Coords2d {
 <f6f23f44-7686-11cf-8f52-0040333594a3>
 FLOAT u;
 FLOAT v;
}

template MeshTextureCoords {
 <f6f23f40-7686-11cf-8f52-0040333594a3>
 DWORD nTextureCoords;
 array Coords2d textureCoords[nTextureCoords];
}

template XSkinMeshHeader {
 <3cf169ce-ff7c-44ab-93c0-f78f62d172e2>
 WORD nMaxSkinWeightsPerVertex;
 WORD nMaxSkinWeightsPerFace;
 WORD nBones;
}

template SkinWeights {
 <6f0d123b-bad2-4167-a0d0-80224f25fabb>
 STRING transformNodeName;
 DWORD nWeights;
 array DWORD vertexIndices[nWeights];
 array FLOAT weights[nWeights];
 Matrix4x4 matrixOffset;
}

template AnimTicksPerSecond {
 <9e415a43-7ba6-4a73-8743-b73d47e88476>
 DWORD AnimTicksPerSecond;
}

template Animation {
 <3d82ab4f-62da-11cf-ab39-0020af71e433>
 [...]
}

template AnimationSet {
 <3d82ab50-62da-11cf-ab39-0020af71e433>
 [Animation <3d82ab4f-62da-11cf-ab39-0020af71e433>]
}

template FloatKeys {
 <10dd46a9-775b-11cf-8f52-0040333594a3>
 DWORD nValues;
 array FLOAT values[nValues];
}

template TimedFloatKeys {
 <f406b180-7b3b-11cf-8f52-0040333594a3>
 DWORD time;
 FloatKeys tfkeys;
}

template AnimationKey {
 <10dd46a8-775b-11cf-8f52-0040333594a3>
 DWORD keyType;
 DWORD nKeys;
 array TimedFloatKeys keys[nKeys];
}


Material _24_-_Defaultaaa {
 1.000000;1.000000;1.000000;1.000000;;
 9.999999;
 0.000000;0.000000;0.000000;;
 0.000000;0.000000;0.000000;;

 TextureFilename {
  "Trousers_Ghillie.png";
 }
}

Frame Dummy01 {
 

 FrameTransformMatrix {
  1.000000,0.000000,0.000000,0.000000,0.000000,-0.000000,-1.000000,0.000000,0.000000,1.000000,-0.000000,0.000000,0.000000,0.000000,0.000000,1.000000;;
 }

 Frame Bip01 {
  

  FrameTransformMatrix {
   -0.087155,0.982405,-0.165183,0.000000,-0.000001,0.165814,0.986157,0.000000,0.996195,0.085949,-0.014450,0.000000,-0.010000,-0.012284,0.490453,1.000000;;
  }

  Frame Bip01_Pelvis {
   

   FrameTransformMatrix {
    0.000000,1.000000,-0.000001,0.000000,-0.000001,0.000001,1.000000,0.000000,1.000000,0.000000,0.000001,0.000000,0.000000,0.000000,0.000000,1.000000;;
   }

   Frame Bip01_Spine {
    

    FrameTransformMatrix {
     0.984686,0.000002,-0.174337,0.000000,-0.000001,1.000000,0.000004,0.000000,0.174337,-0.000004,0.984686,0.000000,0.051619,0.000000,-0.000083,1.000000;;
    }

    Frame Bip01_Spine1 {
     

     FrameTransformMatrix {
      0.997819,0.052687,0.039774,0.000000,-0.044862,0.983198,-0.176942,0.000000,-0.048428,0.174771,0.983417,0.000000,0.106484,-0.000015,-0.000083,1.000000;;
     }

     Frame Bip01_Neck {
      

      FrameTransformMatrix {
       0.966067,-0.020835,0.257451,0.000000,0.025191,0.999590,-0.013632,0.000000,-0.257061,0.019655,0.966195,0.000000,0.130511,-0.000001,0.004626,1.000000;;
      }

      Frame Bip01_Head {
       

       FrameTransformMatrix {
        0.989321,-0.051753,-0.136255,0.000000,0.064251,0.993958,0.088989,0.000000,0.130826,-0.096793,0.986669,0.000000,0.033674,-0.000000,0.000000,1.000000;;
       }

       Frame Bip01_HeadNub {
        

        FrameTransformMatrix {
         1.000000,-0.000000,-0.000000,0.000000,-0.000000,1.000000,0.000000,0.000000,0.000000,-0.000000,1.000000,0.000000,0.169824,0.000000,-0.000000,1.000000;;
        }
       }
      }

      Frame Bip01_L_Clavicle {
       

       FrameTransformMatrix {
        -0.205975,0.976135,0.068811,0.000000,0.943873,0.216738,-0.249254,0.000000,-0.258220,0.013609,-0.965990,0.000000,-0.024734,0.015166,0.002017,1.000000;;
       }

       Frame Bip01_L_UpperArm {
        

        FrameTransformMatrix {
         0.385871,-0.777669,0.496320,0.000000,0.922466,0.332598,-0.196046,0.000000,-0.012616,0.533487,0.845714,0.000000,0.073469,0.000000,-0.000000,1.000000;;
        }

        Frame Bip01_L_Forearm {
         

         FrameTransformMatrix {
          0.943939,0.000000,-0.330119,0.000000,0.000000,1.000000,-0.000000,0.000000,0.330119,-0.000000,0.943939,0.000000,0.148340,0.000000,-0.000000,1.000000;;
         }

         Frame Bip01_L_Hand {
          

          FrameTransformMatrix {
           1.000000,-0.000000,0.000000,0.000000,0.000000,0.000796,1.000000,0.000000,0.000000,-1.000000,0.000796,0.000000,0.131860,-0.000000,0.000000,1.000000;;
          }

          Frame Bip01_L_Finger0 {
           

           FrameTransformMatrix {
            0.690342,-0.181727,0.700288,0.000000,0.558537,0.749101,-0.356210,0.000000,-0.459853,0.637043,0.618637,0.000000,0.057681,-0.023605,-0.000272,1.000000;;
           }

           Frame Bip01_L_Finger0Nub {
            

            FrameTransformMatrix {
             1.000000,0.000000,0.000000,0.000000,0.000000,1.000000,0.000000,0.000000,-0.000000,0.000000,1.000000,0.000000,0.029435,0.000000,0.000000,1.000000;;
            }
           }
          }

          Frame Bip01_L_Finger1 {
           

           FrameTransformMatrix {
            0.728079,-0.000546,0.685493,0.000000,0.000000,1.000000,0.000796,0.000000,-0.685493,-0.000580,0.728079,0.000000,0.084102,0.000000,0.000000,1.000000;;
           }

           Frame Bip01_L_Finger1Nub {
            

            FrameTransformMatrix {
             1.000000,0.000000,0.000000,0.000000,-0.000000,1.000000,0.000000,0.000000,-0.000000,0.000000,1.000000,0.000000,0.047988,-0.000000,0.000000,1.000000;;
            }
           }
          }
         }
        }
       }
      }

      Frame Bip01_R_Clavicle {
       

       FrameTransformMatrix {
        -0.028509,-0.999573,-0.006461,0.000000,-0.965665,0.025871,0.258498,0.000000,-0.258220,0.013609,-0.965990,0.000000,-0.024080,-0.016250,0.001399,1.000000;;
       }

       Frame Bip01_R_UpperArm {
        

        FrameTransformMatrix {
         0.221390,0.975047,0.016433,0.000000,-0.974986,0.221654,-0.016512,0.000000,-0.019742,-0.012366,0.999728,0.000000,0.073469,0.000000,-0.000000,1.000000;;
        }

        Frame Bip01_R_Forearm {
         

         FrameTransformMatrix {
          0.915660,-0.000000,-0.401954,0.000000,-0.000000,1.000000,-0.000000,0.000000,0.401954,-0.000000,0.915660,0.000000,0.148340,0.000000,-0.000000,1.000000;;
         }

         Frame Bip01_R_Hand {
          

          FrameTransformMatrix {
           0.975195,-0.000000,-0.221346,0.000000,-0.221346,0.000796,-0.975195,0.000000,0.000176,1.000000,0.000777,0.000000,0.131860,0.000000,0.000000,1.000000;;
          }

          Frame Bip01_R_Finger0 {
           

           FrameTransformMatrix {
            0.417774,-0.116941,0.900994,0.000000,-0.558537,0.749101,0.356210,0.000000,-0.716591,-0.652054,0.247639,0.000000,0.057681,0.023605,-0.000272,1.000000;;
           }

           Frame Bip01_R_Finger0Nub {
            

            FrameTransformMatrix {
             -1.000000,0.000000,0.000000,0.000000,0.000000,1.000000,-0.000000,0.000000,0.000000,0.000000,-1.000000,0.000000,0.029435,0.000000,-0.000000,1.000000;;
            }
           }
          }

          Frame Bip01_R_Finger1 {
           

           FrameTransformMatrix {
            0.352436,0.000745,0.935835,0.000000,-0.000000,1.000000,-0.000796,0.000000,-0.935836,0.000281,0.352436,0.000000,0.084102,-0.000000,0.000000,1.000000;;
           }

           Frame Bip01_R_Finger1Nub {
            

            FrameTransformMatrix {
             -1.000000,0.000000,0.000000,0.000000,0.000000,1.000000,-0.000000,0.000000,-0.000000,0.000000,-1.000000,0.000000,0.047988,0.000000,-0.000000,1.000000;;
            }
           }
          }
         }
        }
       }
      }
     }

     Frame Bip01_BackPack {
      

      FrameTransformMatrix {
       0.180560,0.080500,-0.980264,0.000000,0.047560,0.994764,0.090451,0.000000,0.982413,-0.062954,0.175786,0.000000,0.063697,0.000003,-0.088856,1.000000;;
      }

      Frame Bip01_BackPackNub {
       

       FrameTransformMatrix {
        0.000796,0.000003,1.000000,0.000000,0.000000,-1.000000,0.000003,0.000000,1.000000,-0.000000,-0.000796,0.000000,0.053240,0.000000,0.000000,1.000000;;
       }
      }
     }
    }

    Frame Bip01_L_Thigh {
     

     FrameTransformMatrix {
      -0.888504,0.030427,0.457858,0.000000,-0.032107,-0.999476,0.004114,0.000000,0.457744,-0.011045,0.889016,0.000000,-0.050843,0.055225,-0.008917,1.000000;;
     }

     Frame Bip01_L_Calf {
      

      FrameTransformMatrix {
       0.942235,-0.000000,-0.334952,0.000000,-0.000000,1.000000,-0.000000,0.000000,0.334952,-0.000000,0.942235,0.000000,0.237500,0.000000,-0.000000,1.000000;;
      }

      Frame Bip01_L_Foot {
       

       FrameTransformMatrix {
        0.924325,-0.026487,0.380687,0.000000,-0.068962,0.969570,0.234901,0.000000,-0.375325,-0.243378,0.894371,0.000000,0.206841,0.000000,0.000000,1.000000;;
       }

       Frame Bip01_L_Toe0 {
        

        FrameTransformMatrix {
         0.000000,0.000000,1.000000,0.000000,0.000000,1.000000,-0.000000,0.000000,-1.000000,0.000000,0.000000,0.000000,0.065373,0.000000,0.066450,1.000000;;
        }

        Frame Bip01_L_Toe0Nub {
         

         FrameTransformMatrix {
          -1.000000,0.000000,0.000000,0.000000,0.000000,1.000000,0.000000,0.000000,0.000000,0.000000,-1.000000,0.000000,0.006735,-0.000000,0.000000,1.000000;;
         }
        }
       }
      }
     }
    }

    Frame Bip01_R_Thigh {
     

     FrameTransformMatrix {
      -0.996965,0.030321,-0.071704,0.000000,-0.029454,-0.999480,-0.013113,0.000000,-0.072065,-0.010961,0.997340,0.000000,-0.050843,-0.055225,-0.008917,1.000000;;
     }

     Frame Bip01_R_Calf {
      

      FrameTransformMatrix {
       0.730239,0.000000,-0.683192,0.000000,0.000000,1.000000,0.000000,0.000000,0.683192,0.000000,0.730239,0.000000,0.237500,0.000000,0.000000,1.000000;;
      }

      Frame Bip01_R_Foot {
       

       FrameTransformMatrix {
        0.991957,0.087165,-0.091782,0.000000,-0.093276,0.993546,-0.064539,0.000000,0.085565,0.072581,0.993685,0.000000,0.206841,0.000000,0.000000,1.000000;;
       }

       Frame Bip01_R_Toe0 {
        

        FrameTransformMatrix {
         0.000000,0.000000,1.000000,0.000000,0.000000,1.000000,-0.000000,0.000000,-1.000000,0.000000,0.000000,0.000000,0.065373,0.000000,0.066450,1.000000;;
        }

        Frame Bip01_R_Toe0Nub {
         

         FrameTransformMatrix {
          1.000000,0.000000,0.000000,0.000000,0.000000,1.000000,-0.000000,0.000000,-0.000000,-0.000000,1.000000,0.000000,0.006735,-0.000000,0.000000,1.000000;;
         }
        }
       }
      }
     }
    }
   }

   Frame Bip01_DressFront {
    

    FrameTransformMatrix {
     -0.880185,-0.088339,0.466338,0.000000,0.121847,0.907542,0.401896,0.000000,-0.458725,0.410564,-0.788041,0.000000,-0.043935,0.001339,0.061057,1.000000;;
    }

    Frame Bip01_DressFront02 {
     

     FrameTransformMatrix {
      0.912593,0.000001,0.408870,0.000000,-0.000001,1.000000,-0.000000,0.000000,-0.408870,-0.000000,0.912593,0.000000,0.183378,-0.000000,-0.000120,1.000000;;
     }

     Frame Bip01_DressFrontNub {
      

      FrameTransformMatrix {
       0.000796,0.000003,1.000000,0.000000,0.000000,-1.000000,0.000003,0.000000,1.000000,0.000000,-0.000796,0.000000,0.165302,0.000000,0.000000,1.000000;;
      }
     }
    }
   }

   Frame Bip01_DressBack {
    

    FrameTransformMatrix {
     -0.886023,0.038029,0.462080,0.000000,0.191625,0.937561,0.290274,0.000000,-0.422190,0.345735,-0.837988,0.000000,-0.047673,-0.000048,-0.078302,1.000000;;
    }

    Frame Bip01_DressBack02 {
     

     FrameTransformMatrix {
      0.936852,0.174932,-0.302833,0.000000,-0.166408,0.984581,0.053939,0.000000,0.307600,-0.000139,0.951516,0.000000,0.176125,0.000000,-0.000103,1.000000;;
     }

     Frame Bip01_DressBackNub {
      

      FrameTransformMatrix {
       0.000796,0.000003,1.000000,0.000000,0.000000,-1.000000,0.000003,0.000000,1.000000,0.000000,-0.000796,0.000000,0.136508,0.000000,0.000000,1.000000;;
      }
     }
    }
   }
  }

  Frame Bip01_Prop1 {
   

   FrameTransformMatrix {
    -0.233929,-0.108090,0.966227,0.000000,0.687222,0.684611,0.242967,0.000000,-0.687752,0.720849,-0.085868,0.000000,0.072994,-0.055506,-0.134034,1.000000;;
   }
  }

  Frame Bip01_Prop2 {
   

   FrameTransformMatrix {
    -0.163643,-0.967062,0.194966,0.000000,0.985576,-0.168906,-0.010564,0.000000,0.043147,0.190425,0.980753,0.000000,-0.140709,-0.103585,0.102365,1.000000;;
   }
  }
 }
}

Frame Translation_Data {
 

 FrameTransformMatrix {
  1.000000,0.000000,0.000000,0.000000,0.000000,-0.000000,-1.000000,0.000000,0.000000,1.000000,-0.000000,0.000000,0.000000,0.000000,0.000000,1.000000;;
 }
}

Frame Kate_GhillieTrousers {
 

 FrameTransformMatrix {
  1.000000,0.000000,0.000000,0.000000,0.000000,1.000000,0.000000,0.000000,0.000000,0.000000,1.000000,0.000000,0.000000,0.000000,0.000000,1.000000;;
 }

 Mesh Kate_GhillieTrousers {
  373;
  0.083630;0.557300;0.062720;,
  0.044605;0.574413;0.082961;,
  0.043234;0.552171;0.089676;,
  0.070807;0.578550;0.059367;,
  0.076509;0.577909;0.002329;,
  0.089923;0.540375;0.017960;,
  0.046192;0.571644;-0.028844;,
  0.075384;0.516089;-0.010371;,
  0.041190;0.505228;-0.020092;,
  0.000000;0.572119;0.076045;,
  0.000000;0.547834;0.089611;,
  0.062259;0.462270;-0.021268;,
  0.112417;0.367427;0.014085;,
  0.073070;0.363965;-0.028248;,
  0.105919;0.466551;0.019334;,
  0.082589;0.260343;-0.023613;,
  0.113874;0.275469;0.031472;,
  0.007085;0.450949;-0.008775;,
  0.030926;0.364901;0.089563;,
  0.006886;0.444914;0.092432;,
  0.023895;0.359637;0.010845;,
  0.050042;0.274480;0.075470;,
  0.046251;0.268225;0.027510;,
  0.096880;0.460735;0.083037;,
  0.110328;0.372540;0.075199;,
  0.113057;0.281471;0.075574;,
  0.089043;0.216956;-0.007906;,
  0.125978;0.148303;0.045761;,
  0.095508;0.144741;0.004222;,
  0.120143;0.222812;0.037103;,
  0.128245;0.095922;0.048043;,
  0.105033;0.096583;0.006521;,
  0.050273;0.197986;0.033517;,
  0.062211;0.152727;0.090148;,
  0.047463;0.219278;0.092733;,
  0.060398;0.140694;0.042428;,
  0.075738;0.104835;0.083776;,
  0.073488;0.087201;0.044598;,
  0.124927;0.157636;0.089620;,
  0.118836;0.234143;0.092093;,
  0.120947;0.111405;0.094036;,
  0.097246;0.511172;0.025501;,
  0.000000;0.456254;-0.014241;,
  0.000000;0.497364;-0.031332;,
  0.007085;0.450949;-0.008775;,
  0.089438;0.509137;0.081572;,
  0.042099;0.507989;0.106529;,
  0.098384;0.470121;0.084341;,
  0.042113;0.469496;0.105614;,
  0.023895;0.359637;0.010845;,
  0.046251;0.268225;0.027510;,
  0.050273;0.197986;0.033517;,
  0.060398;0.140694;0.042428;,
  0.073488;0.087201;0.044598;,
  0.000000;0.441502;0.034393;,
  0.000000;0.456254;-0.014241;,
  0.000000;0.505311;0.106440;,
  0.000000;0.472059;0.105950;,
  0.000000;0.450611;0.099543;,
  0.128245;0.095922;0.048043;,
  0.108369;0.083272;0.000969;,
  0.105033;0.096583;0.006521;,
  0.138766;0.068986;0.037294;,
  0.073488;0.087201;0.044598;,
  0.067088;0.064089;0.091047;,
  0.075738;0.104835;0.083776;,
  0.064355;0.063032;0.035591;,
  0.132981;0.067897;0.104484;,
  0.120947;0.111405;0.094036;,
  0.064355;0.063032;0.035591;,
  0.073488;0.087201;0.044598;,
  0.110658;0.057630;0.000969;,
  0.141055;0.043344;0.037294;,
  0.069377;0.040695;0.091047;,
  0.067995;0.044434;0.035591;,
  0.135053;0.042255;0.104484;,
  0.067995;0.044434;0.035591;,
  0.141055;0.043344;0.037294;,
  0.103394;0.038133;0.055953;,
  0.110658;0.057630;0.000969;,
  0.067995;0.044434;0.035591;,
  0.103394;0.038133;0.055953;,
  0.069377;0.040695;0.091047;,
  0.117635;0.039580;0.077634;,
  0.135053;0.042255;0.104484;,
  0.067995;0.044434;0.035591;,
  0.070807;0.578550;0.059367;,
  0.000000;0.574489;0.027940;,
  0.044605;0.574413;0.082961;,
  0.076509;0.577909;0.002329;,
  0.046192;0.571644;-0.028844;,
  0.000000;0.570370;-0.033037;,
  0.000000;0.572119;0.076045;,
  -0.083630;0.557300;0.062720;,
  -0.044605;0.574413;0.082961;,
  -0.070807;0.578550;0.059367;,
  -0.043234;0.552171;0.089676;,
  -0.076509;0.577909;0.002329;,
  -0.089923;0.540375;0.017960;,
  -0.046192;0.571644;-0.028844;,
  -0.075384;0.516089;-0.010371;,
  -0.041190;0.505228;-0.020092;,
  0.000000;0.572119;0.076045;,
  0.000000;0.547834;0.089611;,
  -0.062260;0.462270;-0.021268;,
  -0.112362;0.367427;0.014085;,
  -0.105919;0.466551;0.019334;,
  -0.073066;0.363965;-0.028248;,
  -0.082605;0.260343;-0.023613;,
  -0.114224;0.275469;0.031472;,
  -0.007085;0.450949;-0.008775;,
  -0.030978;0.364901;0.089563;,
  -0.023956;0.359637;0.010845;,
  -0.006886;0.444914;0.092432;,
  -0.049709;0.274480;0.075470;,
  -0.045877;0.268225;0.027510;,
  -0.096881;0.460735;0.083037;,
  -0.110272;0.372540;0.075199;,
  -0.113398;0.281471;0.075574;,
  -0.089125;0.216956;-0.007906;,
  -0.124381;0.148303;0.045761;,
  -0.120645;0.222812;0.037103;,
  -0.094554;0.144741;0.004222;,
  -0.126624;0.095922;0.048043;,
  -0.103902;0.096583;0.006521;,
  -0.049732;0.197986;0.033517;,
  -0.062071;0.152727;0.090148;,
  -0.060296;0.140694;0.042428;,
  -0.046935;0.219278;0.092733;,
  -0.075335;0.104835;0.083776;,
  -0.073158;0.087201;0.044598;,
  -0.123353;0.157636;0.089620;,
  -0.119321;0.234143;0.092092;,
  -0.119456;0.111405;0.094036;,
  -0.097246;0.511172;0.025501;,
  -0.007085;0.450949;-0.008775;,
  -0.089438;0.509137;0.081572;,
  -0.042099;0.507989;0.106529;,
  -0.098384;0.470121;0.084341;,
  -0.042113;0.469496;0.105614;,
  -0.023956;0.359637;0.010845;,
  -0.045877;0.268225;0.027510;,
  -0.049732;0.197986;0.033517;,
  -0.060296;0.140694;0.042428;,
  -0.073158;0.087201;0.044598;,
  0.000000;0.456254;-0.014241;,
  0.000000;0.441502;0.034393;,
  0.000000;0.505311;0.106440;,
  0.000000;0.472059;0.105950;,
  0.000000;0.450611;0.099543;,
  -0.126624;0.095922;0.048043;,
  -0.107178;0.083272;0.000969;,
  -0.136935;0.068986;0.037294;,
  -0.103902;0.096583;0.006521;,
  -0.073158;0.087201;0.044598;,
  -0.066767;0.064089;0.091047;,
  -0.064092;0.063032;0.035591;,
  -0.075335;0.104835;0.083776;,
  -0.131272;0.067897;0.104484;,
  -0.119456;0.111405;0.094036;,
  -0.064092;0.063032;0.035591;,
  -0.073158;0.087201;0.044598;,
  -0.109430;0.057630;0.000969;,
  -0.139187;0.043344;0.037294;,
  -0.069019;0.040695;0.091047;,
  -0.067667;0.044434;0.035591;,
  -0.133306;0.042255;0.104484;,
  -0.067667;0.044434;0.035591;,
  -0.139187;0.043344;0.037294;,
  -0.109430;0.057630;0.000969;,
  -0.102320;0.038133;0.055953;,
  -0.067667;0.044434;0.035591;,
  -0.069019;0.040695;0.091047;,
  -0.102320;0.038133;0.055953;,
  -0.116260;0.039580;0.077634;,
  -0.133306;0.042255;0.104484;,
  -0.067667;0.044434;0.035591;,
  -0.070807;0.578550;0.059367;,
  -0.044605;0.574413;0.082961;,
  0.000000;0.574489;0.027940;,
  -0.076509;0.577909;0.002329;,
  -0.046192;0.571644;-0.028844;,
  0.000000;0.572119;0.076045;,
  0.000000;0.570370;-0.033037;,
  0.128245;0.095922;0.048043;,
  0.108369;0.076177;-0.009149;,
  0.105033;0.096583;0.006521;,
  0.149924;0.061891;0.034123;,
  0.073488;0.087201;0.044598;,
  0.057182;0.056995;0.098156;,
  0.075738;0.104835;0.083776;,
  0.057823;0.052773;0.032093;,
  0.142439;0.060803;0.114163;,
  0.120947;0.111405;0.094036;,
  0.057823;0.052773;0.032093;,
  0.073488;0.087201;0.044598;,
  -0.126624;0.095922;0.048043;,
  -0.108855;0.075704;-0.012332;,
  -0.147030;0.056229;0.034153;,
  -0.103902;0.096583;0.006521;,
  -0.073158;0.087201;0.044598;,
  -0.057013;0.051332;0.098087;,
  -0.053581;0.050275;0.032127;,
  -0.075335;0.104835;0.083776;,
  -0.139765;0.055140;0.114069;,
  -0.119456;0.111405;0.094036;,
  -0.053581;0.050275;0.032127;,
  -0.108855;0.075704;-0.012332;,
  -0.073158;0.087201;0.044598;,
  0.095508;0.144741;0.004222;,
  0.141187;0.085041;0.045651;,
  0.107073;0.092027;-0.005869;,
  0.125978;0.148303;0.045761;,
  0.060398;0.140694;0.042428;,
  0.058232;0.091210;0.093009;,
  0.062211;0.152727;0.090148;,
  0.060710;0.076319;0.041085;,
  0.136247;0.097780;0.106608;,
  0.124927;0.157636;0.089620;,
  0.060398;0.140694;0.042428;,
  0.060710;0.076319;0.041085;,
  -0.094554;0.144741;0.004222;,
  -0.145186;0.087515;0.045156;,
  -0.124381;0.148303;0.045761;,
  -0.106802;0.088176;-0.012670;,
  -0.060296;0.140694;0.042428;,
  -0.058543;0.096427;0.094920;,
  -0.054866;0.078793;0.040358;,
  -0.062071;0.152727;0.090148;,
  -0.133078;0.102998;0.109209;,
  -0.123353;0.157636;0.089620;,
  -0.060296;0.140694;0.042428;,
  -0.054866;0.078793;0.040358;,
  0.089043;0.216956;-0.007906;,
  0.137158;0.132467;0.047899;,
  0.096100;0.128905;-0.009905;,
  0.120143;0.222812;0.037103;,
  0.050273;0.197986;0.033517;,
  0.051233;0.136891;0.109665;,
  0.047463;0.219278;0.092733;,
  0.048790;0.124858;0.043261;,
  0.135742;0.141800;0.108930;,
  0.118836;0.234143;0.092093;,
  0.050273;0.197986;0.033517;,
  0.048790;0.124858;0.043261;,
  -0.089125;0.216956;-0.007906;,
  -0.135135;0.134968;0.041073;,
  -0.120645;0.222812;0.037103;,
  -0.095109;0.131405;-0.022914;,
  -0.049732;0.197986;0.033517;,
  -0.051519;0.139392;0.109447;,
  -0.049137;0.127359;0.035940;,
  -0.046935;0.219278;0.092733;,
  -0.133755;0.144300;0.108633;,
  -0.119321;0.234143;0.092092;,
  -0.049732;0.197986;0.033517;,
  -0.049137;0.127359;0.035940;,
  0.094666;0.194134;-0.024781;,
  0.113874;0.275469;0.031472;,
  0.136170;0.199990;0.035420;,
  0.082589;0.260343;-0.023613;,
  0.113057;0.281471;0.075574;,
  0.134427;0.211320;0.108969;,
  0.039173;0.196456;0.109826;,
  0.050042;0.274480;0.075470;,
  0.042923;0.175163;0.030623;,
  0.046251;0.268225;0.027510;,
  0.042923;0.175163;0.030623;,
  0.046251;0.268225;0.027510;,
  -0.094381;0.194434;-0.026587;,
  -0.114224;0.275469;0.031472;,
  -0.082605;0.260343;-0.023613;,
  -0.133388;0.200290;0.033067;,
  -0.113398;0.281471;0.075574;,
  -0.131749;0.211621;0.105948;,
  -0.042170;0.196756;0.106798;,
  -0.049709;0.274480;0.075470;,
  -0.045632;0.175464;0.028314;,
  -0.045877;0.268225;0.027510;,
  -0.045632;0.175464;0.028314;,
  -0.045877;0.268225;0.027510;,
  0.112417;0.367427;0.014085;,
  0.083094;0.260343;-0.035109;,
  0.073070;0.363965;-0.028248;,
  0.125436;0.267178;0.034125;,
  0.023895;0.359637;0.010845;,
  0.039042;0.261833;0.089425;,
  0.030926;0.364901;0.089563;,
  0.033911;0.268225;0.029145;,
  0.124330;0.281471;0.089555;,
  0.110328;0.372540;0.075199;,
  0.033911;0.268225;0.029145;,
  0.023895;0.359637;0.010845;,
  -0.112362;0.367427;0.014085;,
  -0.083402;0.243583;-0.037596;,
  -0.132512;0.258710;0.033173;,
  -0.073066;0.363965;-0.028248;,
  -0.023956;0.359637;0.010845;,
  -0.032310;0.263690;0.089698;,
  -0.030770;0.251466;0.028083;,
  -0.030978;0.364901;0.089563;,
  -0.131229;0.261355;0.089831;,
  -0.110272;0.372540;0.075199;,
  -0.030770;0.251466;0.028083;,
  -0.023956;0.359637;0.010845;,
  0.062259;0.462270;-0.021268;,
  0.125531;0.367427;0.013141;,
  0.073982;0.363965;-0.039343;,
  0.105919;0.466551;0.019334;,
  0.007085;0.450949;-0.008775;,
  0.018771;0.364901;0.106719;,
  0.006886;0.444914;0.092432;,
  0.009560;0.359637;0.009124;,
  0.096880;0.460735;0.083037;,
  0.122793;0.372540;0.088912;,
  0.009560;0.359637;0.009124;,
  0.007085;0.450949;-0.008775;,
  -0.062260;0.462270;-0.021268;,
  -0.132752;0.354218;0.008654;,
  -0.105919;0.466551;0.019334;,
  -0.079355;0.350756;-0.046307;,
  -0.007085;0.450949;-0.008775;,
  -0.022164;0.351692;0.106648;,
  -0.012622;0.346428;0.004447;,
  -0.006886;0.444914;0.092432;,
  -0.096881;0.460735;0.083037;,
  -0.129911;0.359331;0.088000;,
  -0.012622;0.346428;0.004447;,
  -0.007085;0.450949;-0.008775;,
  0.125952;0.447059;0.013613;,
  0.075384;0.516089;-0.010371;,
  0.097246;0.511172;0.025501;,
  0.074035;0.437532;-0.039761;,
  0.041190;0.505228;-0.020092;,
  0.000000;0.436762;-0.038429;,
  0.000000;0.497364;-0.031332;,
  0.008425;0.431457;-0.031401;,
  0.042099;0.507989;0.106529;,
  0.110944;0.450629;0.092095;,
  0.089438;0.509137;0.081572;,
  0.050078;0.450004;0.127038;,
  0.000000;0.445568;0.127479;,
  0.000000;0.505311;0.106440;,
  -0.125952;0.436754;0.013613;,
  -0.075384;0.516089;-0.010371;,
  -0.074035;0.442778;-0.039761;,
  -0.097246;0.511172;0.025501;,
  -0.041190;0.505228;-0.020092;,
  -0.008425;0.431457;-0.031401;,
  -0.042099;0.507989;0.106529;,
  -0.116993;0.450629;0.099071;,
  -0.050078;0.452915;0.127038;,
  -0.089438;0.509137;0.081572;,
  0.000000;0.445568;0.127479;,
  0.000000;0.505311;0.106440;,
  0.043234;0.552171;0.089676;,
  0.102884;0.503316;0.088516;,
  0.083630;0.557300;0.062720;,
  0.048428;0.502167;0.120251;,
  0.111866;0.505350;0.017215;,
  0.089923;0.540375;0.017960;,
  0.075384;0.516089;-0.010371;,
  0.000000;0.547834;0.089611;,
  0.000000;0.499489;0.120138;,
  -0.043234;0.552171;0.089676;,
  -0.102884;0.503316;0.088516;,
  -0.048428;0.502167;0.120251;,
  -0.083630;0.557300;0.062720;,
  -0.111866;0.505350;0.017215;,
  -0.089923;0.540375;0.017960;,
  -0.075384;0.516089;-0.010371;,
  0.000000;0.547834;0.089611;,
  0.000000;0.499489;0.120138;;
  398;
  3;0,1,2;,
  3;1,0,3;,
  3;4,0,5;,
  3;0,4,3;,
  3;6,7,8;,
  3;7,6,4;,
  3;2,9,10;,
  3;9,2,1;,
  3;11,12,13;,
  3;12,11,14;,
  3;12,15,13;,
  3;15,12,16;,
  3;17,18,19;,
  3;18,17,20;,
  3;20,21,18;,
  3;21,20,22;,
  3;18,23,19;,
  3;23,18,24;,
  3;18,25,24;,
  3;25,18,21;,
  3;23,12,14;,
  3;12,23,24;,
  3;24,16,12;,
  3;16,24,25;,
  3;26,27,28;,
  3;27,26,29;,
  3;28,30,31;,
  3;30,28,27;,
  3;32,33,34;,
  3;33,32,35;,
  3;35,36,33;,
  3;36,35,37;,
  3;34,38,39;,
  3;38,34,33;,
  3;33,40,38;,
  3;40,33,36;,
  3;39,27,29;,
  3;27,39,38;,
  3;38,30,27;,
  3;30,38,40;,
  3;14,7,41;,
  3;7,14,11;,
  3;8,42,43;,
  3;42,8,44;,
  3;2,45,0;,
  3;45,2,46;,
  3;46,47,45;,
  3;47,46,48;,
  3;48,23,47;,
  3;23,48,19;,
  3;26,16,29;,
  3;16,26,15;,
  3;29,25,39;,
  3;25,29,16;,
  3;25,34,39;,
  3;34,25,21;,
  3;21,32,34;,
  3;32,21,22;,
  3;0,41,5;,
  3;41,0,45;,
  3;45,14,41;,
  3;14,45,47;,
  3;47,23,14;,
  3;8,11,44;,
  3;7,11,8;,
  3;11,13,49;,
  3;13,50,49;,
  3;50,13,15;,
  3;15,51,50;,
  3;51,15,26;,
  3;51,28,52;,
  3;28,51,26;,
  3;52,31,53;,
  3;31,52,28;,
  3;4,5,7;,
  3;5,41,7;,
  3;17,54,55;,
  3;43,6,8;,
  3;10,46,2;,
  3;46,10,56;,
  3;46,57,48;,
  3;57,46,56;,
  3;57,58,48;,
  3;58,54,19;,
  3;19,54,17;,
  3;11,49,44;,
  3;59,60,61;,
  3;60,59,62;,
  3;63,64,65;,
  3;64,63,66;,
  3;65,67,68;,
  3;67,65,64;,
  3;68,62,59;,
  3;62,68,67;,
  3;61,69,70;,
  3;69,61,60;,
  3;62,71,60;,
  3;71,62,72;,
  3;66,73,64;,
  3;73,66,74;,
  3;64,75,67;,
  3;75,64,73;,
  3;67,72,62;,
  3;72,67,75;,
  3;60,76,69;,
  3;76,60,71;,
  3;77,78,79;,
  3;80,81,82;,
  3;82,83,84;,
  3;83,82,81;,
  3;83,77,84;,
  3;77,83,78;,
  3;79,78,85;,
  3;86,87,88;,
  3;89,87,86;,
  3;90,87,89;,
  3;91,87,90;,
  3;88,87,92;,
  3;93,94,95;,
  3;94,93,96;,
  3;97,93,95;,
  3;93,97,98;,
  3;99,100,97;,
  3;100,99,101;,
  3;96,102,94;,
  3;102,96,103;,
  3;104,105,106;,
  3;105,104,107;,
  3;105,108,109;,
  3;108,105,107;,
  3;110,111,112;,
  3;111,110,113;,
  3;112,114,115;,
  3;114,112,111;,
  3;116,111,113;,
  3;111,116,117;,
  3;111,118,114;,
  3;118,111,117;,
  3;116,105,117;,
  3;105,116,106;,
  3;117,109,118;,
  3;109,117,105;,
  3;119,120,121;,
  3;120,119,122;,
  3;122,123,120;,
  3;123,122,124;,
  3;125,126,127;,
  3;126,125,128;,
  3;127,129,130;,
  3;129,127,126;,
  3;128,131,126;,
  3;131,128,132;,
  3;126,133,129;,
  3;133,126,131;,
  3;132,120,131;,
  3;120,132,121;,
  3;131,123,133;,
  3;123,131,120;,
  3;106,100,104;,
  3;100,106,134;,
  3;42,101,43;,
  3;101,42,135;,
  3;96,136,137;,
  3;136,96,93;,
  3;137,138,139;,
  3;138,137,136;,
  3;139,116,113;,
  3;116,139,138;,
  3;119,109,108;,
  3;109,119,121;,
  3;121,118,109;,
  3;118,121,132;,
  3;118,128,114;,
  3;128,118,132;,
  3;114,125,115;,
  3;125,114,128;,
  3;93,134,136;,
  3;134,93,98;,
  3;136,106,138;,
  3;106,136,134;,
  3;138,106,116;,
  3;101,135,104;,
  3;100,101,104;,
  3;104,140,107;,
  3;107,141,108;,
  3;141,107,140;,
  3;108,142,119;,
  3;142,108,141;,
  3;142,122,119;,
  3;122,142,143;,
  3;143,124,122;,
  3;124,143,144;,
  3;97,100,98;,
  3;98,100,134;,
  3;110,145,146;,
  3;43,101,99;,
  3;103,137,147;,
  3;137,103,96;,
  3;137,148,147;,
  3;148,137,139;,
  3;148,139,149;,
  3;149,113,146;,
  3;113,110,146;,
  3;104,135,140;,
  3;150,151,152;,
  3;151,150,153;,
  3;154,155,156;,
  3;155,154,157;,
  3;157,158,155;,
  3;158,157,159;,
  3;159,152,158;,
  3;152,159,150;,
  3;153,160,151;,
  3;160,153,161;,
  3;152,162,163;,
  3;162,152,151;,
  3;156,164,165;,
  3;164,156,155;,
  3;155,166,164;,
  3;166,155,158;,
  3;158,163,166;,
  3;163,158,152;,
  3;151,167,162;,
  3;167,151,160;,
  3;168,169,170;,
  3;171,172,173;,
  3;172,174,173;,
  3;174,172,175;,
  3;168,174,175;,
  3;174,168,170;,
  3;169,176,170;,
  3;177,178,179;,
  3;180,177,179;,
  3;181,180,179;,
  3;91,181,179;,
  3;178,182,179;,
  3;6,43,183;,
  3;43,99,183;,
  3;48,58,19;,
  3;149,139,113;,
  3;184,185,186;,
  3;185,184,187;,
  3;188,189,190;,
  3;189,188,191;,
  3;190,192,193;,
  3;192,190,189;,
  3;193,187,184;,
  3;187,193,192;,
  3;186,194,195;,
  3;194,186,185;,
  3;196,197,198;,
  3;197,196,199;,
  3;200,201,202;,
  3;201,200,203;,
  3;203,204,201;,
  3;204,203,205;,
  3;205,198,204;,
  3;198,205,196;,
  3;199,206,207;,
  3;206,199,208;,
  3;209,210,211;,
  3;210,209,212;,
  3;213,214,215;,
  3;214,213,216;,
  3;215,217,218;,
  3;217,215,214;,
  3;218,210,212;,
  3;210,218,217;,
  3;219,211,220;,
  3;211,219,209;,
  3;221,222,223;,
  3;222,221,224;,
  3;225,226,227;,
  3;226,225,228;,
  3;228,229,226;,
  3;229,228,230;,
  3;230,222,229;,
  3;222,230,223;,
  3;231,224,221;,
  3;224,231,232;,
  3;233,234,235;,
  3;234,233,236;,
  3;237,238,239;,
  3;238,237,240;,
  3;239,241,242;,
  3;241,239,238;,
  3;242,234,236;,
  3;234,242,241;,
  3;243,235,244;,
  3;235,243,233;,
  3;245,246,247;,
  3;246,245,248;,
  3;249,250,251;,
  3;250,249,252;,
  3;252,253,250;,
  3;253,252,254;,
  3;254,246,253;,
  3;246,254,247;,
  3;255,248,245;,
  3;248,255,256;,
  3;257,258,259;,
  3;258,257,260;,
  3;259,261,262;,
  3;261,259,258;,
  3;261,263,262;,
  3;263,261,264;,
  3;264,265,263;,
  3;265,264,266;,
  3;260,267,268;,
  3;267,260,257;,
  3;269,270,271;,
  3;270,269,272;,
  3;272,273,270;,
  3;273,272,274;,
  3;273,275,276;,
  3;275,273,274;,
  3;276,277,278;,
  3;277,276,275;,
  3;271,279,269;,
  3;279,271,280;,
  3;281,282,283;,
  3;282,281,284;,
  3;285,286,287;,
  3;286,285,288;,
  3;287,289,290;,
  3;289,287,286;,
  3;290,284,281;,
  3;284,290,289;,
  3;283,291,292;,
  3;291,283,282;,
  3;293,294,295;,
  3;294,293,296;,
  3;297,298,299;,
  3;298,297,300;,
  3;300,301,298;,
  3;301,300,302;,
  3;302,295,301;,
  3;295,302,293;,
  3;296,303,294;,
  3;303,296,304;,
  3;305,306,307;,
  3;306,305,308;,
  3;309,310,311;,
  3;310,309,312;,
  3;310,313,311;,
  3;313,310,314;,
  3;313,306,308;,
  3;306,313,314;,
  3;305,307,315;,
  3;305,315,316;,
  3;317,318,319;,
  3;318,317,320;,
  3;321,322,323;,
  3;322,321,324;,
  3;325,322,324;,
  3;322,325,326;,
  3;325,318,326;,
  3;318,325,319;,
  3;317,327,320;,
  3;317,328,327;,
  3;329,330,331;,
  3;330,329,332;,
  3;333,334,335;,
  3;334,333,336;,
  3;337,338,339;,
  3;338,337,340;,
  3;339,329,331;,
  3;329,339,338;,
  3;333,332,336;,
  3;330,332,333;,
  3;337,341,340;,
  3;341,337,342;,
  3;343,344,345;,
  3;344,343,346;,
  3;334,347,335;,
  3;347,334,348;,
  3;349,350,351;,
  3;350,349,352;,
  3;352,343,350;,
  3;343,352,346;,
  3;347,348,345;,
  3;344,347,345;,
  3;349,353,354;,
  3;353,349,351;,
  3;355,356,357;,
  3;356,355,358;,
  3;357,359,360;,
  3;359,357,356;,
  3;360,359,361;,
  3;362,358,355;,
  3;358,362,363;,
  3;364,365,366;,
  3;365,364,367;,
  3;367,368,365;,
  3;368,367,369;,
  3;369,370,368;,
  3;371,366,372;,
  3;366,371,364;;

  MeshNormals {
   373;
   0.821015;0.384364;0.422135;,
   0.246465;0.308345;0.918792;,
   0.208303;0.340810;0.916765;,
   0.743572;0.515803;0.425498;,
   0.879217;0.245260;-0.408441;,
   0.948219;0.204053;-0.243400;,
   0.399860;-0.008312;-0.916539;,
   0.633244;0.054626;-0.772022;,
   0.210550;-0.106662;-0.971747;,
   0.000000;0.430526;0.902578;,
   0.000000;0.422382;0.906418;,
   0.232821;-0.018351;-0.972346;,
   0.934077;0.064749;-0.351152;,
   0.053908;-0.024116;-0.998255;,
   0.944747;0.107598;-0.309637;,
   0.047856;-0.171363;-0.984045;,
   0.967661;0.017867;-0.251619;,
   -0.356749;-0.587462;-0.726373;,
   -0.586578;-0.189007;0.787530;,
   -0.380666;-0.706605;0.596492;,
   -0.885211;-0.218450;-0.410709;,
   -0.710890;-0.032258;0.702563;,
   -0.951637;-0.143815;-0.271484;,
   0.730296;-0.139315;0.668774;,
   0.777404;0.045757;0.627335;,
   0.737496;0.131189;0.662487;,
   0.176375;-0.222693;-0.958801;,
   0.954811;0.030633;-0.295630;,
   0.069785;-0.136994;-0.988111;,
   0.953109;0.060409;-0.296535;,
   0.964839;0.037201;-0.260195;,
   0.144087;-0.031738;-0.989056;,
   -0.921146;-0.170153;-0.350054;,
   -0.670144;-0.178179;0.720527;,
   -0.711780;0.037430;0.701405;,
   -0.927691;-0.232411;-0.292188;,
   -0.746498;-0.268488;0.608814;,
   -0.916629;-0.237341;-0.321654;,
   0.724539;0.046540;0.687660;,
   0.653705;0.186821;0.733326;,
   0.606960;-0.061114;0.792379;,
   0.967745;0.192872;-0.162082;,
   -0.000001;-0.596362;-0.802716;,
   0.000000;-0.254174;-0.967159;,
   -0.356749;-0.587462;-0.726373;,
   0.774846;0.251634;0.579908;,
   0.199925;0.182143;0.962733;,
   0.805625;-0.004514;0.592409;,
   0.187402;-0.317608;0.929519;,
   -0.885211;-0.218450;-0.410709;,
   -0.951637;-0.143815;-0.271484;,
   -0.921146;-0.170153;-0.350054;,
   -0.927691;-0.232411;-0.292188;,
   -0.916629;-0.237341;-0.321654;,
   -0.000001;-0.997951;-0.063985;,
   -0.000001;-0.596362;-0.802716;,
   0.000000;0.172478;0.985013;,
   0.000000;-0.148791;0.988869;,
   -0.000000;-0.659975;0.751288;,
   0.899105;0.407185;-0.160660;,
   0.138371;0.243676;-0.959935;,
   0.074729;0.472512;-0.878150;,
   0.930090;0.231497;-0.285204;,
   -0.901703;0.377175;-0.211356;,
   -0.771961;0.102873;0.627291;,
   -0.676443;0.250922;0.692433;,
   -0.912884;0.085601;-0.399143;,
   0.577663;0.189648;0.793939;,
   0.447565;0.336170;0.828659;,
   -0.912884;0.085601;-0.399143;,
   -0.901703;0.377175;-0.211356;,
   0.161774;0.014443;-0.986722;,
   0.967115;0.085157;-0.239661;,
   -0.733224;-0.084167;0.674758;,
   -0.892536;-0.165364;-0.419565;,
   0.608605;0.048621;0.791982;,
   -0.892536;-0.165364;-0.419565;,
   0.038604;-0.978488;-0.202658;,
   -0.002327;-0.992920;-0.118766;,
   -0.008474;-0.942112;-0.335190;,
   -0.050641;-0.975547;-0.213876;,
   -0.002327;-0.992920;-0.118766;,
   -0.062419;-0.997893;0.017704;,
   0.073539;-0.996531;0.038972;,
   0.073393;-0.995967;0.051604;,
   -0.050641;-0.975547;-0.213876;,
   -0.069212;0.997234;0.027080;,
   -0.000000;0.999839;-0.017945;,
   -0.079796;0.994620;0.066053;,
   -0.066729;0.995562;-0.066363;,
   -0.058558;0.993521;-0.097404;,
   0.000000;0.997726;-0.067395;,
   0.000000;0.998789;0.049197;,
   -0.821015;0.384364;0.422135;,
   -0.246465;0.308345;0.918792;,
   -0.743572;0.515803;0.425498;,
   -0.208303;0.340810;0.916766;,
   -0.879217;0.245260;-0.408441;,
   -0.948219;0.204053;-0.243400;,
   -0.399860;-0.008312;-0.916539;,
   -0.633244;0.054626;-0.772022;,
   -0.210550;-0.106662;-0.971747;,
   0.000000;0.430526;0.902578;,
   0.000000;0.422382;0.906418;,
   -0.232869;-0.018471;-0.972333;,
   -0.933830;0.065957;-0.351583;,
   -0.944779;0.107348;-0.309628;,
   -0.054177;-0.023388;-0.998257;,
   -0.048631;-0.169845;-0.984270;,
   -0.966868;0.020752;-0.254432;,
   0.356694;-0.587616;-0.726276;,
   0.586307;-0.187888;0.787999;,
   0.885503;-0.216857;-0.410923;,
   0.380621;-0.706740;0.596361;,
   0.711196;-0.029516;0.702374;,
   0.951504;-0.141355;-0.273239;,
   -0.730358;-0.139473;0.668674;,
   -0.777039;0.047048;0.627692;,
   -0.737411;0.134284;0.661961;,
   -0.181335;-0.225214;-0.957286;,
   -0.956310;0.019816;-0.291682;,
   -0.953770;0.047769;-0.296718;,
   -0.068274;-0.141721;-0.987550;,
   -0.965996;0.037080;-0.255886;,
   -0.139133;-0.033590;-0.989704;,
   0.921172;-0.170207;-0.349959;,
   0.668897;-0.178479;0.721611;,
   0.928920;-0.233160;-0.287652;,
   0.712458;0.037100;0.700733;,
   0.750931;-0.265655;0.604592;,
   0.919504;-0.233901;-0.315915;,
   -0.721337;0.035457;0.691676;,
   -0.657707;0.179473;0.731582;,
   -0.606766;-0.061808;0.792474;,
   -0.967745;0.192872;-0.162082;,
   0.356694;-0.587616;-0.726276;,
   -0.774845;0.251640;0.579907;,
   -0.199924;0.182143;0.962733;,
   -0.805628;-0.004506;0.592405;,
   -0.187399;-0.317607;0.929520;,
   0.885503;-0.216857;-0.410923;,
   0.951504;-0.141355;-0.273239;,
   0.921172;-0.170207;-0.349959;,
   0.928920;-0.233160;-0.287652;,
   0.919504;-0.233901;-0.315915;,
   -0.000001;-0.596362;-0.802716;,
   -0.000001;-0.997951;-0.063985;,
   0.000000;0.172478;0.985013;,
   0.000000;-0.148791;0.988869;,
   -0.000000;-0.659975;0.751288;,
   -0.902654;0.400443;-0.157676;,
   -0.137844;0.243245;-0.960120;,
   -0.932093;0.228134;-0.281348;,
   -0.076338;0.474040;-0.877188;,
   0.903960;0.374050;-0.207228;,
   0.773295;0.102657;0.625681;,
   0.914685;0.085139;-0.395100;,
   0.679421;0.249204;0.690133;,
   -0.576579;0.188239;0.795062;,
   -0.448426;0.333979;0.829079;,
   0.914685;0.085139;-0.395100;,
   0.903960;0.374050;-0.207228;,
   -0.161772;0.014209;-0.986726;,
   -0.968080;0.083844;-0.236204;,
   0.735520;-0.082972;0.672403;,
   0.895421;-0.162767;-0.414402;,
   -0.607163;0.047606;0.793150;,
   0.895421;-0.162767;-0.414402;,
   -0.038464;-0.978147;-0.204328;,
   0.008571;-0.942115;-0.335180;,
   0.002440;-0.992977;-0.118286;,
   0.050704;-0.975184;-0.215512;,
   0.062726;-0.997854;0.018784;,
