xof 0303txt 0032
template ColorRGBA {
 <35ff44e0-6c7c-11cf-8f52-0040333594a3>
 FLOAT red;
 FLOAT green;
 FLOAT blue;
 FLOAT alpha;
}

template ColorRGB {
 <d3e16e81-7835-11cf-8f52-0040333594a3>
 FLOAT red;
 FLOAT green;
 FLOAT blue;
}

template Material {
 <3d82ab4d-62da-11cf-ab39-0020af71e433>
 ColorRGBA faceColor;
 FLOAT power;
 ColorRGB specularColor;
 ColorRGB emissiveColor;
 [...]
}

template TextureFilename {
 <a42790e1-7810-11cf-8f52-0040333594a3>
 STRING filename;
}

template Frame {
 <3d82ab46-62da-11cf-ab39-0020af71e433>
 [...]
}

template Matrix4x4 {
 <f6f23f45-7686-11cf-8f52-0040333594a3>
 array FLOAT matrix[16];
}

template FrameTransformMatrix {
 <f6f23f41-7686-11cf-8f52-0040333594a3>
 Matrix4x4 frameMatrix;
}

template Vector {
 <3d82ab5e-62da-11cf-ab39-0020af71e433>
 FLOAT x;
 FLOAT y;
 FLOAT z;
}

template MeshFace {
 <3d82ab5f-62da-11cf-ab39-0020af71e433>
 DWORD nFaceVertexIndices;
 array DWORD faceVertexIndices[nFaceVertexIndices];
}

template Mesh {
 <3d82ab44-62da-11cf-ab39-0020af71e433>
 DWORD nVertices;
 array Vector vertices[nVertices];
 DWORD nFaces;
 array MeshFace faces[nFaces];
 [...]
}

template MeshNormals {
 <f6f23f43-7686-11cf-8f52-0040333594a3>
 DWORD nNormals;
 array Vector normals[nNormals];
 DWORD nFaceNormals;
 array MeshFace faceNormals[nFaceNormals];
}

template MeshMaterialList {
 <f6f23f42-7686-11cf-8f52-0040333594a3>
 DWORD nMaterials;
 DWORD nFaceIndexes;
 array DWORD faceIndexes[nFaceIndexes];
 [Material <3d82ab4d-62da-11cf-ab39-0020af71e433>]
}

template Coords2d {
 <f6f23f44-7686-11cf-8f52-0040333594a3>
 FLOAT u;
 FLOAT v;
}

template MeshTextureCoords {
 <f6f23f40-7686-11cf-8f52-0040333594a3>
 DWORD nTextureCoords;
 array Coords2d textureCoords[nTextureCoords];
}

template XSkinMeshHeader {
 <3cf169ce-ff7c-44ab-93c0-f78f62d172e2>
 WORD nMaxSkinWeightsPerVertex;
 WORD nMaxSkinWeightsPerFace;
 WORD nBones;
}

template SkinWeights {
 <6f0d123b-bad2-4167-a0d0-80224f25fabb>
 STRING transformNodeName;
 DWORD nWeights;
 array DWORD vertexIndices[nWeights];
 array FLOAT weights[nWeights];
 Matrix4x4 matrixOffset;
}

template AnimTicksPerSecond {
 <9e415a43-7ba6-4a73-8743-b73d47e88476>
 DWORD AnimTicksPerSecond;
}

template Animation {
 <3d82ab4f-62da-11cf-ab39-0020af71e433>
 [...]
}

template AnimationSet {
 <3d82ab50-62da-11cf-ab39-0020af71e433>
 [Animation <3d82ab4f-62da-11cf-ab39-0020af71e433>]
}

template FloatKeys {
 <10dd46a9-775b-11cf-8f52-0040333594a3>
 DWORD nValues;
 array FLOAT values[nValues];
}

template TimedFloatKeys {
 <f406b180-7b3b-11cf-8f52-0040333594a3>
 DWORD time;
 FloatKeys tfkeys;
}

template AnimationKey {
 <10dd46a8-775b-11cf-8f52-0040333594a3>
 DWORD keyType;
 DWORD nKeys;
 array TimedFloatKeys keys[nKeys];
}


Material _03_-_Defaultwww {
 1.000000;1.000000;1.000000;1.000000;;
 9.999999;
 0.000000;0.000000;0.000000;;
 0.000000;0.000000;0.000000;;

 TextureFilename {
  "LongCoat_Brown.png";
 }
}

Frame Dummy01 {
 

 FrameTransformMatrix {
  1.000000,0.000000,0.000000,0.000000,0.000000,-0.000000,-1.000000,0.000000,0.000000,1.000000,-0.000000,0.000000,0.000000,0.000000,0.000000,1.000000;;
 }

 Frame Bip01 {
  

  FrameTransformMatrix {
   -0.087155,0.982405,-0.165183,0.000000,-0.000001,0.165814,0.986157,0.000000,0.996195,0.085949,-0.014450,0.000000,-0.010000,-0.012284,0.490453,1.000000;;
  }

  Frame Bip01_Pelvis {
   

   FrameTransformMatrix {
    0.000000,1.000000,-0.000001,0.000000,-0.000001,0.000001,1.000000,0.000000,1.000000,0.000000,0.000001,0.000000,0.000000,0.000000,0.000000,1.000000;;
   }

   Frame Bip01_Spine {
    

    FrameTransformMatrix {
     0.984686,0.000002,-0.174337,0.000000,-0.000001,1.000000,0.000004,0.000000,0.174337,-0.000004,0.984686,0.000000,0.051619,0.000000,-0.000083,1.000000;;
    }

    Frame Bip01_Spine1 {
     

     FrameTransformMatrix {
      0.997819,0.052687,0.039774,0.000000,-0.044862,0.983198,-0.176942,0.000000,-0.048428,0.174771,0.983417,0.000000,0.106484,-0.000015,-0.000083,1.000000;;
     }

     Frame Bip01_Neck {
      

      FrameTransformMatrix {
       0.966067,-0.020835,0.257451,0.000000,0.025191,0.999590,-0.013632,0.000000,-0.257061,0.019655,0.966195,0.000000,0.130511,-0.000001,0.004626,1.000000;;
      }

      Frame Bip01_Head {
       

       FrameTransformMatrix {
        0.989321,-0.051753,-0.136255,0.000000,0.064251,0.993958,0.088989,0.000000,0.130826,-0.096793,0.986669,0.000000,0.033674,-0.000000,0.000000,1.000000;;
       }

       Frame Bip01_HeadNub {
        

        FrameTransformMatrix {
         1.000000,-0.000000,-0.000000,0.000000,-0.000000,1.000000,0.000000,0.000000,0.000000,-0.000000,1.000000,0.000000,0.169824,0.000000,-0.000000,1.000000;;
        }
       }
      }

      Frame Bip01_L_Clavicle {
       

       FrameTransformMatrix {
        -0.205975,0.976135,0.068811,0.000000,0.943873,0.216738,-0.249254,0.000000,-0.258220,0.013609,-0.965990,0.000000,-0.024734,0.015166,0.002017,1.000000;;
       }

       Frame Bip01_L_UpperArm {
        

        FrameTransformMatrix {
         0.385871,-0.777669,0.496320,0.000000,0.922466,0.332598,-0.196046,0.000000,-0.012616,0.533487,0.845714,0.000000,0.073469,0.000000,-0.000000,1.000000;;
        }

        Frame Bip01_L_Forearm {
         

         FrameTransformMatrix {
          0.943939,0.000000,-0.330119,0.000000,0.000000,1.000000,-0.000000,0.000000,0.330119,-0.000000,0.943939,0.000000,0.148340,0.000000,-0.000000,1.000000;;
         }

         Frame Bip01_L_Hand {
          

          FrameTransformMatrix {
           1.000000,-0.000000,0.000000,0.000000,0.000000,0.000796,1.000000,0.000000,0.000000,-1.000000,0.000796,0.000000,0.131860,-0.000000,0.000000,1.000000;;
          }

          Frame Bip01_L_Finger0 {
           

           FrameTransformMatrix {
            0.690342,-0.181727,0.700288,0.000000,0.558537,0.749101,-0.356210,0.000000,-0.459853,0.637043,0.618637,0.000000,0.057681,-0.023605,-0.000272,1.000000;;
           }

           Frame Bip01_L_Finger0Nub {
            

            FrameTransformMatrix {
             1.000000,0.000000,0.000000,0.000000,0.000000,1.000000,0.000000,0.000000,-0.000000,0.000000,1.000000,0.000000,0.029435,0.000000,0.000000,1.000000;;
            }
           }
          }

          Frame Bip01_L_Finger1 {
           

           FrameTransformMatrix {
            0.728079,-0.000546,0.685493,0.000000,0.000000,1.000000,0.000796,0.000000,-0.685493,-0.000580,0.728079,0.000000,0.084102,0.000000,0.000000,1.000000;;
           }

           Frame Bip01_L_Finger1Nub {
            

            FrameTransformMatrix {
             1.000000,0.000000,0.000000,0.000000,-0.000000,1.000000,0.000000,0.000000,-0.000000,0.000000,1.000000,0.000000,0.047988,-0.000000,0.000000,1.000000;;
            }
           }
          }
         }
        }
       }
      }

      Frame Bip01_R_Clavicle {
       

       FrameTransformMatrix {
        -0.028509,-0.999573,-0.006461,0.000000,-0.965665,0.025871,0.258498,0.000000,-0.258220,0.013609,-0.965990,0.000000,-0.024080,-0.016250,0.001399,1.000000;;
       }

       Frame Bip01_R_UpperArm {
        

        FrameTransformMatrix {
         0.221390,0.975047,0.016433,0.000000,-0.974986,0.221654,-0.016512,0.000000,-0.019742,-0.012366,0.999728,0.000000,0.073469,0.000000,-0.000000,1.000000;;
        }

        Frame Bip01_R_Forearm {
         

         FrameTransformMatrix {
          0.915660,-0.000000,-0.401954,0.000000,-0.000000,1.000000,-0.000000,0.000000,0.401954,-0.000000,0.915660,0.000000,0.148340,0.000000,-0.000000,1.000000;;
         }

         Frame Bip01_R_Hand {
          

          FrameTransformMatrix {
           0.975195,-0.000000,-0.221346,0.000000,-0.221346,0.000796,-0.975195,0.000000,0.000176,1.000000,0.000777,0.000000,0.131860,0.000000,0.000000,1.000000;;
          }

          Frame Bip01_R_Finger0 {
           

           FrameTransformMatrix {
            0.417774,-0.116941,0.900994,0.000000,-0.558537,0.749101,0.356210,0.000000,-0.716591,-0.652054,0.247639,0.000000,0.057681,0.023605,-0.000272,1.000000;;
           }

           Frame Bip01_R_Finger0Nub {
            

            FrameTransformMatrix {
             -1.000000,0.000000,0.000000,0.000000,0.000000,1.000000,-0.000000,0.000000,0.000000,0.000000,-1.000000,0.000000,0.029435,0.000000,-0.000000,1.000000;;
            }
           }
          }

          Frame Bip01_R_Finger1 {
           

           FrameTransformMatrix {
            0.352436,0.000745,0.935835,0.000000,-0.000000,1.000000,-0.000796,0.000000,-0.935836,0.000281,0.352436,0.000000,0.084102,-0.000000,0.000000,1.000000;;
           }

           Frame Bip01_R_Finger1Nub {
            

            FrameTransformMatrix {
             -1.000000,0.000000,0.000000,0.000000,0.000000,1.000000,-0.000000,0.000000,-0.000000,0.000000,-1.000000,0.000000,0.047988,0.000000,-0.000000,1.000000;;
            }
           }
          }
         }
        }
       }
      }
     }

     Frame Bip01_BackPack {
      

      FrameTransformMatrix {
       0.180560,0.080500,-0.980264,0.000000,0.047560,0.994764,0.090451,0.000000,0.982413,-0.062954,0.175786,0.000000,0.063697,0.000003,-0.088856,1.000000;;
      }

      Frame Bip01_BackPackNub {
       

       FrameTransformMatrix {
        0.000796,0.000003,1.000000,0.000000,0.000000,-1.000000,0.000003,0.000000,1.000000,-0.000000,-0.000796,0.000000,0.053240,0.000000,0.000000,1.000000;;
       }
      }
     }
    }

    Frame Bip01_L_Thigh {
     

     FrameTransformMatrix {
      -0.888504,0.030427,0.457858,0.000000,-0.032107,-0.999476,0.004114,0.000000,0.457744,-0.011045,0.889016,0.000000,-0.050843,0.055225,-0.008917,1.000000;;
     }

     Frame Bip01_L_Calf {
      

      FrameTransformMatrix {
       0.942235,-0.000000,-0.334952,0.000000,-0.000000,1.000000,-0.000000,0.000000,0.334952,-0.000000,0.942235,0.000000,0.237500,0.000000,-0.000000,1.000000;;
      }

      Frame Bip01_L_Foot {
       

       FrameTransformMatrix {
        0.924325,-0.026487,0.380687,0.000000,-0.068962,0.969570,0.234901,0.000000,-0.375325,-0.243378,0.894371,0.000000,0.206841,0.000000,0.000000,1.000000;;
       }

       Frame Bip01_L_Toe0 {
        

        FrameTransformMatrix {
         0.000000,0.000000,1.000000,0.000000,0.000000,1.000000,-0.000000,0.000000,-1.000000,0.000000,0.000000,0.000000,0.065373,0.000000,0.066450,1.000000;;
        }

        Frame Bip01_L_Toe0Nub {
         

         FrameTransformMatrix {
          -1.000000,0.000000,0.000000,0.000000,0.000000,1.000000,0.000000,0.000000,0.000000,0.000000,-1.000000,0.000000,0.006735,-0.000000,0.000000,1.000000;;
         }
        }
       }
      }
     }
    }

    Frame Bip01_R_Thigh {
     

     FrameTransformMatrix {
      -0.996965,0.030321,-0.071704,0.000000,-0.029454,-0.999480,-0.013113,0.000000,-0.072065,-0.010961,0.997340,0.000000,-0.050843,-0.055225,-0.008917,1.000000;;
     }

     Frame Bip01_R_Calf {
      

      FrameTransformMatrix {
       0.730239,0.000000,-0.683192,0.000000,0.000000,1.000000,0.000000,0.000000,0.683192,0.000000,0.730239,0.000000,0.237500,0.000000,0.000000,1.000000;;
      }

      Frame Bip01_R_Foot {
       

       FrameTransformMatrix {
        0.991957,0.087165,-0.091782,0.000000,-0.093276,0.993546,-0.064539,0.000000,0.085565,0.072581,0.993685,0.000000,0.206841,0.000000,0.000000,1.000000;;
       }

       Frame Bip01_R_Toe0 {
        

        FrameTransformMatrix {
         0.000000,0.000000,1.000000,0.000000,0.000000,1.000000,-0.000000,0.000000,-1.000000,0.000000,0.000000,0.000000,0.065373,0.000000,0.066450,1.000000;;
        }

        Frame Bip01_R_Toe0Nub {
         

         FrameTransformMatrix {
          1.000000,0.000000,0.000000,0.000000,0.000000,1.000000,-0.000000,0.000000,-0.000000,-0.000000,1.000000,0.000000,0.006735,-0.000000,0.000000,1.000000;;
         }
        }
       }
      }
     }
    }
   }

   Frame Bip01_DressFront {
    

    FrameTransformMatrix {
     -0.880185,-0.088339,0.466338,0.000000,0.121847,0.907542,0.401896,0.000000,-0.458725,0.410564,-0.788041,0.000000,-0.043935,0.001339,0.061057,1.000000;;
    }

    Frame Bip01_DressFront02 {
     

     FrameTransformMatrix {
      0.912593,0.000001,0.408870,0.000000,-0.000001,1.000000,-0.000000,0.000000,-0.408870,-0.000000,0.912593,0.000000,0.183378,-0.000000,-0.000120,1.000000;;
     }

     Frame Bip01_DressFrontNub {
      

      FrameTransformMatrix {
       0.000796,0.000003,1.000000,0.000000,0.000000,-1.000000,0.000003,0.000000,1.000000,0.000000,-0.000796,0.000000,0.165302,0.000000,0.000000,1.000000;;
      }
     }
    }
   }

   Frame Bip01_DressBack {
    

    FrameTransformMatrix {
     -0.886023,0.038029,0.462080,0.000000,0.191625,0.937561,0.290274,0.000000,-0.422190,0.345735,-0.837988,0.000000,-0.047673,-0.000048,-0.078302,1.000000;;
    }

    Frame Bip01_DressBack02 {
     

     FrameTransformMatrix {
      0.936852,0.174932,-0.302833,0.000000,-0.166408,0.984581,0.053939,0.000000,0.307600,-0.000139,0.951516,0.000000,0.176125,0.000000,-0.000103,1.000000;;
     }

     Frame Bip01_DressBackNub {
      

      FrameTransformMatrix {
       0.000796,0.000003,1.000000,0.000000,0.000000,-1.000000,0.000003,0.000000,1.000000,0.000000,-0.000796,0.000000,0.136508,0.000000,0.000000,1.000000;;
      }
     }
    }
   }
  }

  Frame Bip01_Prop1 {
   

   FrameTransformMatrix {
    -0.233929,-0.108090,0.966227,0.000000,0.687222,0.684611,0.242967,0.000000,-0.687752,0.720849,-0.085868,0.000000,0.072994,-0.055506,-0.134034,1.000000;;
   }
  }

  Frame Bip01_Prop2 {
   

   FrameTransformMatrix {
    -0.163643,-0.967062,0.194966,0.000000,0.985576,-0.168906,-0.010564,0.000000,0.043147,0.190425,0.980753,0.000000,-0.140709,-0.103585,0.102365,1.000000;;
   }
  }
 }
}

Frame Translation_Data {
 

 FrameTransformMatrix {
  1.000000,0.000000,0.000000,0.000000,0.000000,-0.000000,-1.000000,0.000000,0.000000,1.000000,-0.000000,0.000000,0.000000,0.000000,0.000000,1.000000;;
 }
}

Frame Kate_LongCoat {
 

 FrameTransformMatrix {
  1.000000,0.000000,0.000000,0.000000,0.000000,1.000000,0.000000,0.000000,0.000000,0.000000,1.000000,0.000000,0.000000,0.000000,0.000000,1.000000;;
 }

 Mesh Kate_LongCoat {
  324;
  0.062395;0.784151;-0.005992;,
  0.027474;0.773954;-0.010715;,
  0.035374;0.796623;0.012903;,
  0.074896;0.763792;-0.015796;,
  0.084156;0.742085;-0.021183;,
  0.047313;0.712611;-0.050573;,
  0.039552;0.744240;-0.033995;,
  0.081147;0.706286;-0.015803;,
  0.026219;0.809477;0.066330;,
  0.073981;0.780015;0.086316;,
  0.061901;0.798596;0.056704;,
  0.044349;0.780911;0.093926;,
  0.089965;0.566029;0.055512;,
  0.048885;0.571759;0.085297;,
  0.048981;0.559908;0.093708;,
  0.083848;0.576463;0.052400;,
  0.078993;0.576354;-0.003853;,
  0.090526;0.545748;0.012962;,
  0.050816;0.570028;-0.038304;,
  0.078517;0.517281;-0.023817;,
  0.044913;0.504002;-0.044597;,
  -0.000035;0.569023;0.085543;,
  -0.000035;0.554846;0.093692;,
  0.044889;0.645958;0.079563;,
  -0.000086;0.680684;0.094062;,
  -0.000007;0.646216;0.084337;,
  0.048768;0.683341;0.089524;,
  0.059670;0.454442;-0.034203;,
  0.126200;0.367491;0.016713;,
  0.068966;0.363908;-0.027450;,
  0.115674;0.459926;0.006387;,
  0.075981;0.270250;-0.022010;,
  0.131162;0.275566;0.024146;,
  0.116876;0.440943;0.090297;,
  0.125194;0.372640;0.093069;,
  0.132212;0.281823;0.099626;,
  0.103355;0.511706;0.014925;,
  0.104107;0.516800;0.078724;,
  0.045875;0.515533;0.112270;,
  0.115547;0.451473;0.091680;,
  0.049505;0.449831;0.116500;,
  0.080596;0.221942;-0.017618;,
  0.134541;0.222115;0.030109;,
  0.132420;0.222427;0.102343;,
  0.048827;0.603473;0.070570;,
  0.073740;0.647238;0.062419;,
  0.080725;0.656185;0.040791;,
  0.067764;0.617584;-0.010763;,
  0.075237;0.670196;-0.019834;,
  0.080265;0.607321;0.034970;,
  0.047855;0.675842;-0.059288;,
  0.045313;0.618497;-0.044262;,
  -0.000086;0.676201;-0.067213;,
  -0.000008;0.614748;-0.048257;,
  0.133675;0.788986;-0.000823;,
  0.196159;0.791603;0.015409;,
  0.110349;0.737880;-0.005449;,
  0.233681;0.729589;0.023027;,
  0.188093;0.731411;0.015409;,
  0.239500;0.784939;0.023138;,
  0.114372;0.734902;0.068318;,
  0.188093;0.731411;0.015409;,
  0.182449;0.731943;0.086476;,
  0.224772;0.729907;0.083080;,
  0.233681;0.729589;0.023027;,
  0.126104;0.741993;0.079758;,
  0.190088;0.792103;0.086495;,
  0.128378;0.789468;0.073095;,
  0.230777;0.784867;0.083227;,
  0.132543;0.799426;0.026871;,
  0.265100;0.786252;0.017889;,
  0.323863;0.725623;0.022311;,
  0.262010;0.722407;0.018950;,
  0.323908;0.770088;0.021181;,
  0.361371;0.725272;0.018777;,
  0.371409;0.759141;0.018194;,
  0.262010;0.722407;0.018950;,
  0.322031;0.735314;0.078742;,
  0.258394;0.722959;0.086646;,
  0.323863;0.725623;0.022311;,
  0.363179;0.733635;0.065433;,
  0.361371;0.725272;0.018777;,
  0.321446;0.770495;0.077185;,
  0.261174;0.786523;0.085861;,
  0.371774;0.759542;0.062554;,
  0.091016;0.801310;0.060361;,
  0.095497;0.810834;0.025641;,
  0.061901;0.798596;0.056704;,
  0.061556;0.802705;0.026317;,
  0.082127;0.690269;0.076389;,
  0.035730;0.808765;0.032239;,
  0.089988;0.795166;-0.006321;,
  0.074896;0.763792;-0.015796;,
  0.062395;0.784151;-0.005992;,
  0.097829;0.762200;-0.014029;,
  0.097101;0.734912;0.085655;,
  0.055661;0.721878;0.095166;,
  0.098038;0.738233;0.083643;,
  -0.000112;0.716523;0.097716;,
  -0.000112;0.777219;0.092042;,
  0.073981;0.780015;0.086316;,
  0.098038;0.738233;0.083643;,
  0.093474;0.724314;0.015108;,
  0.099987;0.727684;0.065812;,
  0.110349;0.737880;-0.005449;,
  0.085612;0.697074;0.036143;,
  0.084568;0.699974;0.001027;,
  0.084156;0.742085;-0.021183;,
  0.090274;0.694545;0.056037;,
  0.061556;0.802705;0.026317;,
  -0.000035;0.568276;-0.042546;,
  -0.000276;0.494801;-0.050966;,
  -0.000276;0.512406;0.112215;,
  -0.000375;0.458319;0.117127;,
  -0.000034;0.602651;0.073105;,
  0.035730;0.808765;0.032239;,
  0.061556;0.802705;0.026317;,
  0.099987;0.727684;0.065812;,
  -0.000113;0.809413;0.074018;,
  0.091093;0.724879;0.032104;,
  0.093474;0.724314;0.015108;,
  -0.000086;0.705344;-0.059576;,
  0.084156;0.742085;-0.021183;,
  0.075981;0.270250;-0.022010;,
  0.033408;0.222064;-0.038560;,
  0.034663;0.273434;-0.041361;,
  0.080596;0.221942;-0.017618;,
  0.068966;0.363908;-0.027450;,
  0.019329;0.365704;-0.047774;,
  0.059670;0.454442;-0.034203;,
  0.014139;0.445113;-0.049401;,
  0.044913;0.504002;-0.044597;,
  0.000302;0.277137;0.125932;,
  0.060783;0.222025;0.126884;,
  0.056819;0.275110;0.119343;,
  0.000030;0.221930;0.129428;,
  0.046109;0.367894;0.119507;,
  0.000302;0.369579;0.123581;,
  -0.000289;0.428454;0.120020;,
  0.091093;0.724879;0.032104;,
  -0.062619;0.784151;-0.005992;,
  -0.027700;0.773954;-0.010715;,
  -0.075121;0.763792;-0.015796;,
  -0.035600;0.796623;0.012903;,
  -0.084380;0.742085;-0.021183;,
  -0.047484;0.712611;-0.050573;,
  -0.081318;0.706286;-0.015803;,
  -0.039776;0.744240;-0.033995;,
  -0.026445;0.809477;0.066330;,
  -0.074206;0.780015;0.086317;,
  -0.044574;0.780911;0.093926;,
  -0.062125;0.798596;0.056704;,
  -0.090035;0.566029;0.055512;,
  -0.048955;0.571759;0.085297;,
  -0.083918;0.576463;0.052400;,
  -0.049051;0.559908;0.093708;,
  -0.079063;0.576354;-0.003853;,
  -0.090596;0.545748;0.012962;,
  -0.050886;0.570028;-0.038304;,
  -0.079033;0.517281;-0.023816;,
  -0.045429;0.504002;-0.044597;,
  -0.000035;0.569023;0.085543;,
  -0.000035;0.554846;0.093692;,
  -0.044902;0.645958;0.079563;,
  -0.000086;0.680684;0.094062;,
  -0.048940;0.683341;0.089524;,
  -0.000007;0.646216;0.084337;,
  -0.060420;0.454442;-0.034203;,
  -0.126276;0.367491;0.016713;,
  -0.116424;0.459926;0.006387;,
  -0.069042;0.363885;-0.027474;,
  -0.076049;0.270250;-0.022010;,
  -0.131230;0.275566;0.024146;,
  -0.117626;0.440942;0.090295;,
  -0.125269;0.372640;0.093069;,
  -0.132368;0.281905;0.099546;,
  -0.103870;0.511706;0.014925;,
  -0.104622;0.516800;0.078724;,
  -0.046390;0.515533;0.112270;,
  -0.116297;0.451472;0.091680;,
  -0.050254;0.449831;0.116500;,
  -0.080672;0.221942;-0.017618;,
  -0.134617;0.222115;0.030109;,
  -0.132496;0.222427;0.102342;,
  -0.048895;0.603473;0.070570;,
  -0.073754;0.647238;0.062419;,
  -0.080896;0.656185;0.040791;,
  -0.067780;0.617584;-0.010763;,
  -0.080333;0.607321;0.034970;,
  -0.075409;0.670196;-0.019834;,
  -0.048026;0.675842;-0.059288;,
  -0.045329;0.618497;-0.044262;,
  -0.133745;0.788986;-0.000823;,
  -0.110574;0.737880;-0.005449;,
  -0.196235;0.791603;0.015409;,
  -0.233681;0.729589;0.023027;,
  -0.239500;0.784939;0.023138;,
  -0.188169;0.731411;0.015409;,
  -0.114596;0.734902;0.068318;,
  -0.182525;0.731943;0.086476;,
  -0.188169;0.731411;0.015409;,
  -0.224772;0.729907;0.083080;,
  -0.233681;0.729589;0.023027;,
  -0.119828;0.741993;0.079758;,
  -0.190164;0.792103;0.086495;,
  -0.128448;0.789468;0.073095;,
  -0.230777;0.784867;0.083227;,
  -0.132613;0.799426;0.026871;,
  -0.265100;0.786252;0.017889;,
  -0.323863;0.725623;0.022311;,
  -0.323908;0.770088;0.021181;,
  -0.262010;0.722407;0.018950;,
  -0.361371;0.725272;0.018777;,
  -0.371409;0.759142;0.018194;,
  -0.262010;0.722407;0.018950;,
  -0.322031;0.735314;0.078742;,
  -0.323863;0.725623;0.022311;,
  -0.258394;0.722959;0.086646;,
  -0.363179;0.733635;0.065433;,
  -0.361371;0.725272;0.018777;,
  -0.321446;0.770495;0.077185;,
  -0.261174;0.786523;0.085861;,
  -0.371774;0.759542;0.062554;,
  -0.091240;0.801310;0.060361;,
  -0.095722;0.810834;0.025641;,
  -0.062125;0.798596;0.056704;,
  -0.061781;0.802705;0.026317;,
  -0.082299;0.690269;0.076389;,
  -0.035955;0.808765;0.032239;,
  -0.090213;0.795166;-0.006321;,
  -0.075121;0.763792;-0.015796;,
  -0.098053;0.762200;-0.014029;,
  -0.062619;0.784151;-0.005992;,
  -0.097325;0.734912;0.085655;,
  -0.098263;0.738233;0.083643;,
  -0.055886;0.721878;0.095166;,
  -0.000112;0.716523;0.097716;,
  -0.000112;0.777219;0.092042;,
  -0.074206;0.780015;0.086317;,
  -0.098263;0.738233;0.083643;,
  -0.093698;0.724314;0.015108;,
  -0.110574;0.737880;-0.005449;,
  -0.100211;0.727684;0.065812;,
  -0.085783;0.697074;0.036143;,
  -0.084739;0.699974;0.001027;,
  -0.084380;0.742085;-0.021183;,
  -0.090445;0.694545;0.056037;,
  -0.061781;0.802705;0.026317;,
  -0.000276;0.512406;0.112215;,
  -0.000375;0.458319;0.117127;,
  -0.000034;0.602651;0.073105;,
  -0.035955;0.808765;0.032239;,
  -0.061781;0.802705;0.026317;,
  -0.100211;0.727684;0.065812;,
  -0.000113;0.809413;0.074018;,
  -0.091318;0.724879;0.032104;,
  -0.093698;0.724314;0.015108;,
  -0.084380;0.742085;-0.021183;,
  -0.036283;0.273376;-0.041067;,
  -0.000025;0.222121;-0.040729;,
  -0.033101;0.222065;-0.038703;,
  -0.000054;0.275017;-0.043898;,
  -0.021658;0.365633;-0.047434;,
  -0.000038;0.366162;-0.050885;,
  -0.015903;0.445304;-0.049180;,
  -0.000375;0.442684;-0.052341;,
  -0.000276;0.494801;-0.050966;,
  -0.045429;0.504002;-0.044597;,
  -0.056728;0.276501;0.123637;,
  -0.132496;0.222427;0.102342;,
  -0.065114;0.221960;0.128121;,
  -0.132368;0.281905;0.099546;,
  -0.125269;0.372640;0.093069;,
  -0.045850;0.367323;0.122457;,
  -0.000375;0.458319;0.117127;,
  -0.050254;0.449831;0.116500;,
  -0.091318;0.724879;0.032104;,
  -0.060420;0.454442;-0.034203;,
  -0.069042;0.363885;-0.027474;,
  -0.076049;0.270250;-0.022010;,
  -0.080672;0.221942;-0.017618;,
  0.116876;0.440943;0.090297;,
  0.125194;0.372640;0.093069;,
  0.049505;0.449831;0.116500;,
  0.132212;0.281823;0.099626;,
  0.132420;0.222427;0.102343;,
  -0.117626;0.440942;0.090295;,
  -0.015863;0.737793;-0.035419;,
  0.015590;0.737796;-0.035422;,
  -0.371409;0.759142;0.018194;,
  -0.363179;0.733635;0.065433;,
  -0.371774;0.759542;0.062554;,
  -0.361371;0.725272;0.018777;,
  0.371409;0.759141;0.018194;,
  0.363179;0.733635;0.065433;,
  0.361371;0.725272;0.018777;,
  0.371774;0.759542;0.062554;,
  -0.000113;0.809413;0.074018;,
  0.000000;0.732595;0.026337;,
  -0.026445;0.809477;0.066330;,
  0.000000;0.732595;0.026337;,
  -0.035955;0.808765;0.032239;,
  -0.035955;0.808765;0.032239;,
  0.000000;0.732595;0.026337;,
  -0.035600;0.796623;0.012903;,
  0.000000;0.732595;0.026337;,
  -0.027700;0.773954;-0.010715;,
  0.000000;0.732595;0.026337;,
  -0.015863;0.737793;-0.035419;,
  0.000000;0.732595;0.026337;,
  -0.000086;0.705344;-0.059576;,
  0.015590;0.737796;-0.035422;,
  0.000000;0.732595;0.026337;,
  0.027474;0.773954;-0.010715;,
  0.000000;0.732595;0.026337;,
  0.000000;0.732595;0.026337;,
  0.035374;0.796623;0.012903;,
  0.000000;0.732595;0.026337;,
  0.035730;0.808765;0.032239;,
  0.035730;0.808765;0.032239;,
  0.000000;0.732595;0.026337;,
  0.026219;0.809477;0.066330;,
  0.000000;0.732595;0.026337;,
  -0.000113;0.809413;0.074018;;
  426;
  3;0,1,2;,
  3;1,0,3;,
  3;4,5,6;,
  3;5,4,7;,
  3;8,9,10;,
  3;9,8,11;,
  3;12,13,14;,
  3;13,12,15;,
  3;16,12,17;,
  3;12,16,15;,
  3;18,19,20;,
  3;19,18,16;,
  3;14,21,22;,
  3;21,14,13;,
  3;23,24,25;,
  3;24,23,26;,
  3;27,28,29;,
  3;28,27,30;,
  3;28,31,29;,
  3;31,28,32;,
  3;33,28,30;,
  3;28,33,34;,
  3;34,32,28;,
  3;32,34,35;,
  3;30,19,36;,
  3;19,30,27;,
  3;14,37,12;,
  3;37,14,38;,
  3;38,39,37;,
  3;39,38,40;,
  3;33,39,40;,
  3;41,32,42;,
  3;32,41,31;,
  3;42,35,43;,
  3;35,42,32;,
  3;12,36,17;,
  3;36,12,37;,
  3;37,30,36;,
  3;30,37,39;,
  3;39,33,30;,
  3;44,45,23;,
  3;46,47,48;,
  3;47,46,49;,
  3;47,50,48;,
  3;50,47,51;,
  3;52,51,53;,
  3;51,52,50;,
  3;54,55,56;,
  3;55,57,58;,
  3;57,55,59;,
  3;60,61,62;,
  3;61,63,62;,
  3;63,61,64;,
  3;65,66,67;,
  3;65,62,66;,
  3;65,60,62;,
  3;62,68,66;,
  3;68,62,63;,
  3;69,66,55;,
  3;66,59,55;,
  3;59,66,68;,
  3;70,71,72;,
  3;71,70,73;,
  3;73,74,71;,
  3;74,73,75;,
  3;76,77,78;,
  3;77,76,79;,
  3;79,80,77;,
  3;80,79,81;,
  3;78,82,83;,
  3;82,78,77;,
  3;77,84,82;,
  3;84,77,80;,
  3;83,73,70;,
  3;73,83,82;,
  3;82,75,73;,
  3;75,82,84;,
  3;68,70,59;,
  3;70,68,83;,
  3;59,72,57;,
  3;72,59,70;,
  3;63,76,78;,
  3;76,63,64;,
  3;78,68,63;,
  3;68,78,83;,
  3;85,69,86;,
  3;69,85,67;,
  3;86,87,85;,
  3;87,86,88;,
  3;45,26,23;,
  3;26,45,89;,
  3;10,90,8;,
  3;91,92,93;,
  3;92,91,94;,
  3;54,94,91;,
  3;95,11,96;,
  3;95,9,11;,
  3;95,97,9;,
  3;98,11,99;,
  3;11,98,96;,
  3;85,87,100;,
  3;67,101,65;,
  3;67,100,101;,
  3;67,85,100;,
  3;102,60,103;,
  3;60,102,104;,
  3;48,105,46;,
  3;105,48,106;,
  3;107,104,102;,
  3;7,106,48;,
  3;105,108,46;,
  3;19,27,20;,
  3;16,17,19;,
  3;17,36,19;,
  3;90,10,109;,
  3;20,110,18;,
  3;110,20,111;,
  3;22,38,14;,
  3;38,22,112;,
  3;38,113,40;,
  3;113,38,112;,
  3;61,60,104;,
  3;56,55,58;,
  3;51,16,18;,
  3;16,51,47;,
  3;47,15,16;,
  3;15,47,49;,
  3;15,44,13;,
  3;44,15,49;,
  3;13,114,21;,
  3;114,13,44;,
  3;115,116,2;,
  3;2,116,0;,
  3;93,86,91;,
  3;86,93,88;,
  3;91,69,54;,
  3;69,91,86;,
  3;69,55,54;,
  3;66,69,67;,
  3;49,46,45;,
  3;95,117,97;,
  3;46,89,45;,
  3;89,46,108;,
  3;45,44,49;,
  3;118,11,8;,
  3;26,98,24;,
  3;98,26,96;,
  3;96,89,95;,
  3;89,96,26;,
  3;89,117,95;,
  3;117,89,108;,
  3;117,105,119;,
  3;105,117,108;,
  3;119,106,120;,
  3;106,119,105;,
  3;7,120,106;,
  3;120,7,4;,
  3;5,52,121;,
  3;52,5,50;,
  3;50,7,48;,
  3;7,50,5;,
  3;6,3,4;,
  3;3,6,1;,
  3;122,94,56;,
  3;94,122,92;,
  3;94,54,56;,
  3;65,103,60;,
  3;103,65,101;,
  3;25,44,23;,
  3;44,25,114;,
  3;118,99,11;,
  3;18,53,51;,
  3;53,18,110;,
  3;123,124,125;,
  3;124,123,126;,
  3;127,125,128;,
  3;125,127,123;,
  3;129,128,130;,
  3;128,129,127;,
  3;130,131,129;,
  3;132,133,134;,
  3;133,132,135;,
  3;136,132,134;,
  3;132,136,137;,
  3;136,138,137;,
  3;102,103,139;,
  3;140,141,142;,
  3;141,140,143;,
  3;144,145,146;,
  3;145,144,147;,
  3;148,149,150;,
  3;149,148,151;,
  3;152,153,154;,
  3;153,152,155;,
  3;156,152,154;,
  3;152,156,157;,
  3;158,159,156;,
  3;159,158,160;,
  3;155,161,153;,
  3;161,155,162;,
  3;163,164,165;,
  3;164,163,166;,
  3;167,168,169;,
  3;168,167,170;,
  3;168,171,172;,
  3;171,168,170;,
  3;173,168,174;,
  3;168,173,169;,
  3;174,172,175;,
  3;172,174,168;,
  3;169,159,167;,
  3;159,169,176;,
  3;155,177,178;,
  3;177,155,152;,
  3;178,179,180;,
  3;179,178,177;,
  3;173,180,179;,
  3;181,172,171;,
  3;172,181,182;,
  3;182,175,172;,
  3;175,182,183;,
  3;152,176,177;,
  3;176,152,157;,
  3;177,169,179;,
  3;169,177,176;,
  3;179,169,173;,
  3;184,163,185;,
  3;186,187,188;,
  3;187,186,189;,
  3;187,190,191;,
  3;190,187,189;,
  3;52,191,190;,
  3;191,52,53;,
  3;192,193,194;,
  3;194,195,196;,
  3;195,194,197;,
  3;198,199,200;,
  3;200,201,202;,
  3;201,200,199;,
  3;203,199,198;,
  3;203,204,199;,
  3;203,205,204;,
  3;199,206,201;,
  3;206,199,204;,
  3;207,194,204;,
  3;204,196,206;,
  3;196,204,194;,
  3;208,209,210;,
  3;209,208,211;,
  3;210,212,213;,
  3;212,210,209;,
  3;214,215,216;,
  3;215,214,217;,
  3;216,218,219;,
  3;218,216,215;,
  3;217,220,215;,
  3;220,217,221;,
  3;215,222,218;,
  3;222,215,220;,
  3;221,210,220;,
  3;210,221,208;,
  3;220,213,222;,
  3;213,220,210;,
  3;206,208,221;,
  3;208,206,196;,
  3;196,211,208;,
  3;211,196,195;,
  3;201,214,202;,
  3;214,201,217;,
  3;217,206,221;,
  3;206,217,201;,
  3;223,207,205;,
  3;207,223,224;,
  3;224,225,226;,
  3;225,224,223;,
  3;185,165,227;,
  3;165,185,163;,
  3;151,148,228;,
  3;229,230,231;,
  3;230,229,232;,
  3;192,229,231;,
  3;233,149,234;,
  3;233,150,149;,
  3;233,235,150;,
  3;236,150,235;,
  3;150,236,237;,
  3;223,238,225;,
  3;205,238,223;,
  3;205,239,238;,
  3;205,203,239;,
  3;240,198,241;,
  3;198,240,242;,
  3;189,243,244;,
  3;243,189,186;,
  3;245,240,241;,
  3;146,189,244;,
  3;243,186,246;,
  3;159,160,167;,
  3;156,159,157;,
  3;157,159,176;,
  3;228,247,151;,
  3;160,110,111;,
  3;110,160,158;,
  3;162,178,248;,
  3;178,162,155;,
  3;178,249,248;,
  3;249,178,180;,
  3;200,241,198;,
  3;193,197,194;,
  3;191,156,187;,
  3;156,191,158;,
  3;187,154,188;,
  3;154,187,156;,
  3;154,184,188;,
  3;184,154,153;,
  3;153,250,184;,
  3;250,153,161;,
  3;251,143,252;,
  3;143,140,252;,
  3;232,224,226;,
  3;224,232,229;,
  3;229,207,224;,
  3;207,229,192;,
  3;207,192,194;,
  3;204,205,207;,
  3;188,185,186;,
  3;233,234,253;,
  3;186,227,246;,
  3;227,186,185;,
  3;185,188,184;,
  3;254,148,150;,
  3;165,236,235;,
  3;236,165,164;,
  3;235,227,165;,
  3;227,235,233;,
  3;227,253,246;,
  3;253,227,233;,
  3;253,243,246;,
  3;243,253,255;,
  3;255,244,243;,
  3;244,255,256;,
  3;146,256,144;,
  3;256,146,244;,
  3;52,145,121;,
  3;145,52,190;,
  3;190,146,145;,
  3;146,190,189;,
  3;147,142,141;,
  3;142,147,144;,
  3;257,231,230;,
  3;231,257,193;,
  3;231,193,192;,
  3;203,242,239;,
  3;242,203,198;,
  3;166,184,250;,
  3;184,166,163;,
  3;254,150,237;,
  3;53,158,191;,
  3;158,53,110;,
  3;258,259,260;,
  3;259,258,261;,
  3;262,261,258;,
  3;261,262,263;,
  3;264,263,262;,
  3;263,264,265;,
  3;266,264,267;,
  3;268,269,270;,
  3;269,268,271;,
  3;268,272,271;,
  3;272,268,273;,
  3;274,275,138;,
  3;275,273,138;,
  3;240,276,242;,
  3;267,264,277;,
  3;264,266,265;,
  3;262,277,264;,
  3;277,262,278;,
  3;258,278,262;,
  3;278,258,279;,
  3;260,279,258;,
  3;279,260,280;,
  3;266,130,265;,
  3;130,266,131;,
  3;263,130,128;,
  3;130,263,265;,
  3;261,128,125;,
  3;128,261,263;,
  3;259,125,124;,
  3;125,259,261;,
  3;281,136,282;,
  3;136,281,283;,
  3;282,134,284;,
  3;134,282,136;,
  3;134,285,284;,
  3;285,134,133;,
  3;138,273,137;,
  3;132,273,268;,
  3;273,132,137;,
  3;270,132,268;,
  3;132,270,135;,
  3;136,283,138;,
  3;283,274,138;,
  3;286,273,275;,
  3;273,286,272;,
  3;141,287,147;,
  3;287,145,147;,
  3;145,287,121;,
  3;6,121,288;,
  3;121,6,5;,
  3;288,1,6;,
  3;289,290,291;,
  3;290,289,292;,
  3;293,294,295;,
  3;294,293,296;,
  3;297,298,299;,
  3;299,300,301;,
  3;302,303,304;,
  3;304,305,306;,
  3;306,307,308;,
  3;309,310,308;,
  3;311,310,312;,
  3;313,311,314;,
  3;313,315,316;,
  3;316,317,318;,
  3;319,320,321;,
  3;321,322,323;;

  MeshNormals {
   324;
   -0.094811;0.662240;-0.743269;,
   -0.008702;0.580443;-0.814254;,
   0.019575;0.787342;-0.616206;,
   0.095152;0.395174;-0.913665;,
   0.493654;0.046512;-0.868414;,
   0.403087;0.270383;-0.874308;,
   0.146213;0.479770;-0.865126;,
   0.860380;-0.024999;-0.509040;,
   0.254526;0.844287;0.471589;,
   0.186733;0.449043;0.873780;,
   0.088543;0.935602;0.341772;,
   0.159399;0.437422;0.885017;,
   0.847008;0.427188;0.316366;,
   0.307228;0.483548;0.819630;,
   0.258610;0.474642;0.841330;,
   0.844404;0.406628;0.348763;,
   0.896521;0.163237;-0.411829;,
   0.932596;0.265403;-0.244592;,
   0.460296;0.051593;-0.886265;,
   0.705075;0.113280;-0.700027;,
   0.241059;-0.038172;-0.969759;,
   0.000000;0.464546;0.885549;,
   -0.000061;0.462584;0.886576;,
   0.280373;-0.243918;0.928383;,
   -0.000055;-0.202297;0.979324;,
   0.000086;-0.247964;0.968769;,
   0.245105;-0.243613;0.938390;,
   0.417022;0.002337;-0.908894;,
   0.900643;0.045366;-0.432186;,
   0.260718;-0.039287;-0.964615;,
   0.892601;0.102822;-0.438967;,
   0.413469;-0.118589;-0.902763;,
   0.903665;0.015658;-0.427954;,
   0.472388;0.012826;0.881298;,
   0.451293;0.043917;0.891295;,
   0.867081;0.118793;0.483797;,
   0.921456;0.217471;-0.321909;,
   0.820844;0.301542;0.485065;,
   0.219218;0.267008;0.938430;,
   0.799583;0.111507;0.590113;,
   0.212666;0.083968;0.973510;,
   0.334777;-0.122333;-0.934323;,
   0.923392;0.005815;-0.383814;,
   0.858506;0.152320;0.489659;,
   0.418751;0.099686;0.902613;,
   0.767452;-0.238604;0.595051;,
   0.987159;-0.155483;0.036630;,
   0.915345;-0.026100;-0.401823;,
   0.906103;-0.103631;-0.410169;,
   0.983661;0.054566;0.171565;,
   0.489276;-0.041704;-0.871132;,
   0.493921;-0.155154;-0.855552;,
   -0.000054;-0.017075;-0.999854;,
   0.000069;-0.194552;-0.980892;,
   0.243672;0.523736;-0.816287;,
   0.233817;0.698430;-0.676405;,
   0.303827;-0.640764;-0.705060;,
   -0.103892;-0.712806;-0.693624;,
   0.109288;-0.731924;-0.672565;,
   0.028799;0.726565;-0.686494;,
   0.198801;-0.932466;0.301640;,
   0.109288;-0.731924;-0.672565;,
   -0.069446;-0.670294;0.738839;,
   -0.096611;-0.706036;0.701556;,
   -0.103892;-0.712806;-0.693624;,
   0.038303;-0.070656;0.996765;,
   0.038013;0.675570;0.736316;,
   0.032059;0.644044;0.764317;,
   0.036961;0.696694;0.716416;,
   0.144864;0.985032;-0.093414;,
   0.041091;0.708197;-0.704818;,
   0.042538;-0.767165;-0.640038;,
   -0.066473;-0.731533;-0.678558;,
   0.170910;0.689350;-0.703979;,
   -0.057848;-0.689999;-0.721495;,
   0.100663;0.692269;-0.714584;,
   -0.066473;-0.731533;-0.678558;,
   0.200363;-0.596928;0.776873;,
   -0.029827;-0.706075;0.707509;,
   0.042538;-0.767165;-0.640038;,
   0.204803;-0.628772;0.750135;,
   -0.057848;-0.689999;-0.721495;,
   0.303225;0.658230;0.689049;,
   0.078201;0.717111;0.692558;,
   0.339203;0.754857;0.561367;,
   0.044282;0.846294;0.530873;,
   0.027526;0.993914;-0.106666;,
   0.088543;0.935602;0.341772;,
   -0.042815;0.979067;-0.198986;,
   0.696425;-0.327029;0.638784;,
   0.215554;0.964306;-0.153790;,
   -0.009184;0.673876;-0.738787;,
   0.095152;0.395174;-0.913665;,
   -0.094811;0.662240;-0.743269;,
   0.256820;0.119149;-0.959087;,
   0.653201;-0.137181;0.744654;,
   0.184690;-0.075888;0.979863;,
   0.478601;-0.124543;0.869155;,
   -0.000020;-0.042431;0.999099;,
   -0.000000;0.270876;0.962614;,
   0.186733;0.449043;0.873780;,
   0.478601;-0.124543;0.869155;,
   0.782430;-0.605606;-0.145066;,
   0.753228;-0.642664;0.140107;,
   0.303827;-0.640764;-0.705060;,
   0.968726;-0.200243;-0.146538;,
   0.970732;-0.175507;-0.163943;,
   0.493654;0.046512;-0.868414;,
   0.964599;-0.263252;0.015757;,
   -0.042815;0.979067;-0.198986;,
   0.000097;-0.005647;-0.999984;,
   0.000011;-0.032025;-0.999487;,
   0.000059;0.231679;0.972792;,
   -0.000007;-0.002997;0.999996;,
   -0.000015;0.087421;0.996172;,
   0.215554;0.964306;-0.153790;,
   -0.042815;0.979067;-0.198986;,
   0.753228;-0.642664;0.140107;,
   -0.000000;0.625552;0.780183;,
   0.701265;-0.711588;-0.043240;,
   0.782430;-0.605606;-0.145066;,
   0.000019;0.350670;-0.936499;,
   0.493654;0.046512;-0.868414;,
   0.413469;-0.118589;-0.902763;,
   0.242732;-0.055689;-0.968494;,
   0.257099;-0.044617;-0.965355;,
   0.334777;-0.122333;-0.934323;,
   0.260718;-0.039287;-0.964615;,
   0.252078;-0.027976;-0.967303;,
   0.417022;0.002337;-0.908894;,
   0.246354;-0.014548;-0.969071;,
   0.241059;-0.038172;-0.969759;,
   0.030245;0.054066;0.998079;,
   0.184528;0.101079;0.977616;,
   0.189369;0.072188;0.979249;,
   0.024413;0.089366;0.995700;,
   0.195837;0.043171;0.979686;,
   0.033716;0.040643;0.998605;,
   0.009716;0.070347;0.997475;,
   0.701265;-0.711588;-0.043240;,
   0.094812;0.662239;-0.743270;,
   0.008739;0.580422;-0.814269;,
   -0.095153;0.395173;-0.913665;,
   -0.019578;0.787344;-0.616203;,
   -0.493587;0.045956;-0.868482;,
   -0.402977;0.270274;-0.874392;,
   -0.860178;-0.025658;-0.509347;,
   -0.146229;0.479524;-0.865260;,
   -0.254532;0.844283;0.471592;,
   -0.190087;0.450914;0.872091;,
   -0.159399;0.437419;0.885018;,
   -0.088548;0.935602;0.341772;,
   -0.845420;0.430653;0.315917;,
   -0.307230;0.483553;0.819625;,
   -0.844379;0.406746;0.348685;,
   -0.257364;0.475879;0.841013;,
   -0.896397;0.165223;-0.411307;,
   -0.931427;0.270954;-0.242957;,
   -0.459490;0.053515;-0.886569;,
   -0.704996;0.117994;-0.699327;,
   -0.240886;-0.037085;-0.969845;,
   0.000000;0.464546;0.885549;,
   -0.000061;0.462584;0.886576;,
   -0.280086;-0.244262;0.928379;,
   -0.000055;-0.202297;0.979324;,
   -0.245278;-0.244300;0.938167;,
   0.000086;-0.247964;0.968769;,
   -0.417106;0.002073;-0.908856;,
   -0.900543;0.041873;-0.432746;,
   -0.893015;0.101643;-0.438398;,
   -0.389735;-0.040726;-0.920026;,
   -0.287330;-0.123790;-0.949799;,
   -0.903545;0.015550;-0.428212;,
   -0.481071;0.021177;0.876426;,
   -0.471232;0.052771;0.880429;,
   -0.872782;0.116908;0.473903;,
   -0.919999;0.223697;-0.321810;,
   -0.819734;0.306267;0.483980;,
   -0.219505;0.268191;0.938025;,
   -0.799570;0.112809;0.589882;,
   -0.199290;-0.027655;0.979550;,
   -0.335740;-0.124945;-0.933631;,
   -0.923280;0.005450;-0.384089;,
   -0.862152;0.145560;0.485290;,
   -0.418836;0.099955;0.902544;,
   -0.765926;-0.239785;0.596541;,
   -0.986792;-0.157440;0.038143;,
   -0.915091;-0.027042;-0.402340;,
   -0.983672;0.054141;0.171633;,
   -0.905930;-0.104733;-0.410270;,
   -0.489461;-0.042253;-0.871001;,
   -0.493446;-0.155728;-0.855722;,
   -0.244007;0.524011;-0.816010;,
   -0.304054;-0.640531;-0.705174;,
   -0.234074;0.698430;-0.676317;,
   0.103825;-0.712856;-0.693582;,
   -0.029005;0.726563;-0.686487;,
   -0.109449;-0.731975;-0.672483;,
   -0.198990;-0.910341;0.362880;,
   0.066220;-0.670909;0.738577;,
   -0.109449;-0.731975;-0.672483;,
   0.096592;-0.706067;0.701527;,
   0.103825;-0.712856;-0.693582;,
   -0.073343;-0.111592;0.991044;,
   -0.040910;0.674576;0.737071;,
   -0.030836;0.639763;0.767954;,
