xof 0303txt 0032
template ColorRGBA {
 <35ff44e0-6c7c-11cf-8f52-0040333594a3>
 FLOAT red;
 FLOAT green;
 FLOAT blue;
 FLOAT alpha;
}

template ColorRGB {
 <d3e16e81-7835-11cf-8f52-0040333594a3>
 FLOAT red;
 FLOAT green;
 FLOAT blue;
}

template Material {
 <3d82ab4d-62da-11cf-ab39-0020af71e433>
 ColorRGBA faceColor;
 FLOAT power;
 ColorRGB specularColor;
 ColorRGB emissiveColor;
 [...]
}

template TextureFilename {
 <a42790e1-7810-11cf-8f52-0040333594a3>
 STRING filename;
}

template Frame {
 <3d82ab46-62da-11cf-ab39-0020af71e433>
 [...]
}

template Matrix4x4 {
 <f6f23f45-7686-11cf-8f52-0040333594a3>
 array FLOAT matrix[16];
}

template FrameTransformMatrix {
 <f6f23f41-7686-11cf-8f52-0040333594a3>
 Matrix4x4 frameMatrix;
}

template Vector {
 <3d82ab5e-62da-11cf-ab39-0020af71e433>
 FLOAT x;
 FLOAT y;
 FLOAT z;
}

template MeshFace {
 <3d82ab5f-62da-11cf-ab39-0020af71e433>
 DWORD nFaceVertexIndices;
 array DWORD faceVertexIndices[nFaceVertexIndices];
}

template Mesh {
 <3d82ab44-62da-11cf-ab39-0020af71e433>
 DWORD nVertices;
 array Vector vertices[nVertices];
 DWORD nFaces;
 array MeshFace faces[nFaces];
 [...]
}

template MeshNormals {
 <f6f23f43-7686-11cf-8f52-0040333594a3>
 DWORD nNormals;
 array Vector normals[nNormals];
 DWORD nFaceNormals;
 array MeshFace faceNormals[nFaceNormals];
}

template MeshMaterialList {
 <f6f23f42-7686-11cf-8f52-0040333594a3>
 DWORD nMaterials;
 DWORD nFaceIndexes;
 array DWORD faceIndexes[nFaceIndexes];
 [Material <3d82ab4d-62da-11cf-ab39-0020af71e433>]
}

template Coords2d {
 <f6f23f44-7686-11cf-8f52-0040333594a3>
 FLOAT u;
 FLOAT v;
}

template MeshTextureCoords {
 <f6f23f40-7686-11cf-8f52-0040333594a3>
 DWORD nTextureCoords;
 array Coords2d textureCoords[nTextureCoords];
}

template XSkinMeshHeader {
 <3cf169ce-ff7c-44ab-93c0-f78f62d172e2>
 WORD nMaxSkinWeightsPerVertex;
 WORD nMaxSkinWeightsPerFace;
 WORD nBones;
}

template SkinWeights {
 <6f0d123b-bad2-4167-a0d0-80224f25fabb>
 STRING transformNodeName;
 DWORD nWeights;
 array DWORD vertexIndices[nWeights];
 array FLOAT weights[nWeights];
 Matrix4x4 matrixOffset;
}

template AnimTicksPerSecond {
 <9e415a43-7ba6-4a73-8743-b73d47e88476>
 DWORD AnimTicksPerSecond;
}

template Animation {
 <3d82ab4f-62da-11cf-ab39-0020af71e433>
 [...]
}

template AnimationSet {
 <3d82ab50-62da-11cf-ab39-0020af71e433>
 [Animation <3d82ab4f-62da-11cf-ab39-0020af71e433>]
}

template FloatKeys {
 <10dd46a9-775b-11cf-8f52-0040333594a3>
 DWORD nValues;
 array FLOAT values[nValues];
}

template TimedFloatKeys {
 <f406b180-7b3b-11cf-8f52-0040333594a3>
 DWORD time;
 FloatKeys tfkeys;
}

template AnimationKey {
 <10dd46a8-775b-11cf-8f52-0040333594a3>
 DWORD keyType;
 DWORD nKeys;
 array TimedFloatKeys keys[nKeys];
}


Material _16_-_Default {
 1.000000;1.000000;1.000000;1.000000;;
 9.999999;
 0.000000;0.000000;0.000000;;
 0.000000;0.000000;0.000000;;

 TextureFilename {
  "Scarf_StripeBlueWhite.png";
 }
}

Frame Dummy01 {
 

 FrameTransformMatrix {
  1.000000,0.000000,0.000000,0.000000,0.000000,-0.000000,-1.000000,0.000000,0.000000,1.000000,-0.000000,0.000000,0.000000,0.000000,0.000000,1.000000;;
 }

 Frame Bip01 {
  

  FrameTransformMatrix {
   -0.087155,0.982405,-0.165183,0.000000,-0.000001,0.165814,0.986157,0.000000,0.996195,0.085949,-0.014450,0.000000,-0.010000,-0.012284,0.490453,1.000000;;
  }

  Frame Bip01_Pelvis {
   

   FrameTransformMatrix {
    0.000000,1.000000,-0.000001,0.000000,-0.000001,0.000001,1.000000,0.000000,1.000000,0.000000,0.000001,0.000000,0.000000,0.000000,0.000000,1.000000;;
   }

   Frame Bip01_Spine {
    

    FrameTransformMatrix {
     0.984686,0.000002,-0.174337,0.000000,-0.000001,1.000000,0.000004,0.000000,0.174337,-0.000004,0.984686,0.000000,0.051619,0.000000,-0.000083,1.000000;;
    }

    Frame Bip01_Spine1 {
     

     FrameTransformMatrix {
      0.997819,0.052687,0.039774,0.000000,-0.044862,0.983198,-0.176942,0.000000,-0.048428,0.174771,0.983417,0.000000,0.106484,-0.000015,-0.000083,1.000000;;
     }

     Frame Bip01_Neck {
      

      FrameTransformMatrix {
       1.000000,0.000000,0.000000,0.000000,0.000000,1.000000,0.000000,0.000000,0.000000,-0.000000,1.000000,0.000000,0.130504,0.000000,0.004625,1.000000;;
      }

      Frame Bip01_Head {
       

       FrameTransformMatrix {
        0.989472,-0.075022,0.123758,0.000000,0.064234,0.993961,0.088973,0.000000,-0.129686,-0.080086,0.988316,0.000000,0.033674,0.000000,0.000000,1.000000;;
       }

       Frame Bip01_HeadNub {
        

        FrameTransformMatrix {
         1.000000,-0.000000,-0.000000,0.000000,-0.000000,1.000000,0.000000,0.000000,0.000000,-0.000000,1.000000,0.000000,0.169824,0.000000,0.000000,1.000000;;
        }
       }
      }

      Frame Bip01_L_Clavicle {
       

       FrameTransformMatrix {
        -0.192084,0.981378,0.000150,0.000000,0.981378,0.192084,-0.000782,0.000000,-0.000796,-0.000003,-1.000000,0.000000,-0.024025,0.015714,-0.004625,1.000000;;
       }

       Frame Bip01_L_UpperArm {
        

        FrameTransformMatrix {
         0.385871,-0.777669,0.496320,0.000000,0.922466,0.332598,-0.196046,0.000000,-0.012616,0.533487,0.845714,0.000000,0.087086,-0.000000,-0.000000,1.000000;;
        }

        Frame Bip01_L_Forearm {
         

         FrameTransformMatrix {
          0.943939,0.000000,-0.330119,0.000000,0.000000,1.000000,-0.000000,0.000000,0.330119,-0.000000,0.943939,0.000000,0.137062,0.000000,0.000000,1.000000;;
         }

         Frame Bip01_L_Hand {
          

          FrameTransformMatrix {
           1.000000,-0.000000,0.000000,0.000000,0.000000,0.000796,1.000000,0.000000,0.000000,-1.000000,0.000796,0.000000,0.137062,0.000000,0.000000,1.000000;;
          }

          Frame Bip01_L_Finger0 {
           

           FrameTransformMatrix {
            0.690342,-0.181727,0.700288,0.000000,0.558537,0.749101,-0.356210,0.000000,-0.459853,0.637043,0.618637,0.000000,0.057681,-0.023605,-0.000272,1.000000;;
           }

           Frame Bip01_L_Finger0Nub {
            

            FrameTransformMatrix {
             1.000000,0.000000,0.000000,0.000000,0.000000,1.000000,0.000000,0.000000,-0.000000,0.000000,1.000000,0.000000,0.029435,-0.000000,-0.000000,1.000000;;
            }
           }
          }

          Frame Bip01_L_Finger1 {
           

           FrameTransformMatrix {
            0.728079,-0.000546,0.685493,0.000000,0.000000,1.000000,0.000796,0.000000,-0.685493,-0.000580,0.728079,0.000000,0.084102,0.000000,0.000000,1.000000;;
           }

           Frame Bip01_L_Finger1Nub {
            

            FrameTransformMatrix {
             1.000000,0.000000,0.000000,0.000000,-0.000000,1.000000,-0.000000,0.000000,-0.000000,0.000000,1.000000,0.000000,0.047988,0.000000,-0.000000,1.000000;;
            }
           }
          }
         }
        }
       }
      }

      Frame Bip01_R_Clavicle {
       

       FrameTransformMatrix {
        -0.051307,-0.949879,-0.308378,0.000000,-0.998683,0.048565,0.016564,0.000000,-0.000757,0.308822,-0.951120,0.000000,-0.024025,-0.015715,-0.004625,1.000000;;
       }

       Frame Bip01_R_UpperArm {
        

        FrameTransformMatrix {
         0.218095,0.975215,-0.037276,0.000000,-0.931992,0.219456,0.288497,0.000000,0.289527,-0.028179,0.956755,0.000000,0.087086,-0.000000,-0.000000,1.000000;;
        }

        Frame Bip01_R_Forearm {
         

         FrameTransformMatrix {
          0.915660,-0.000000,-0.401954,0.000000,-0.000000,1.000000,-0.000000,0.000000,0.401954,-0.000000,0.915660,0.000000,0.137062,0.000000,0.000000,1.000000;;
         }

         Frame Bip01_R_Hand {
          

          FrameTransformMatrix {
           0.975195,-0.000000,-0.221346,0.000000,-0.221346,0.000796,-0.975195,0.000000,0.000176,1.000000,0.000777,0.000000,0.137062,0.000000,0.000000,1.000000;;
          }

          Frame Bip01_R_Finger0 {
           

           FrameTransformMatrix {
            0.417774,-0.116941,0.900994,0.000000,-0.558537,0.749101,0.356210,0.000000,-0.716591,-0.652054,0.247639,0.000000,0.057681,0.023605,-0.000272,1.000000;;
           }

           Frame Bip01_R_Finger0Nub {
            

            FrameTransformMatrix {
             -1.000000,-0.000000,0.000000,0.000000,-0.000000,1.000000,0.000000,0.000000,-0.000000,0.000000,-1.000000,0.000000,0.029435,-0.000000,0.000000,1.000000;;
            }
           }
          }

          Frame Bip01_R_Finger1 {
           

           FrameTransformMatrix {
            0.352436,0.000745,0.935835,0.000000,0.000000,1.000000,-0.000796,0.000000,-0.935836,0.000281,0.352436,0.000000,0.084102,0.000000,0.000000,1.000000;;
           }

           Frame Bip01_R_Finger1Nub {
            

            FrameTransformMatrix {
             -1.000000,0.000000,0.000000,0.000000,0.000000,1.000000,-0.000000,0.000000,0.000000,-0.000000,-1.000000,0.000000,0.047988,0.000000,0.000000,1.000000;;
            }
           }
          }
         }
        }
       }
      }
     }

     Frame Bip01_BackPack {
      

      FrameTransformMatrix {
       0.180560,0.080500,-0.980264,0.000000,0.047560,0.994764,0.090451,0.000000,0.982413,-0.062954,0.175786,0.000000,0.063697,0.000003,-0.088856,1.000000;;
      }

      Frame Bip01_BackPackNub {
       

       FrameTransformMatrix {
        0.000796,0.000003,1.000000,0.000000,-0.000000,-1.000000,0.000003,0.000000,1.000000,-0.000000,-0.000796,0.000000,0.053240,0.000000,0.000000,1.000000;;
       }
      }
     }
    }

    Frame Bip01_L_Thigh {
     

     FrameTransformMatrix {
      -0.888504,0.030427,0.457858,0.000000,-0.032107,-0.999476,0.004114,0.000000,0.457744,-0.011045,0.889016,0.000000,-0.050843,0.055225,-0.008917,1.000000;;
     }

     Frame Bip01_L_Calf {
      

      FrameTransformMatrix {
       0.942235,-0.000000,-0.334952,0.000000,-0.000000,1.000000,-0.000000,0.000000,0.334952,-0.000000,0.942235,0.000000,0.237500,0.000000,-0.000000,1.000000;;
      }

      Frame Bip01_L_Foot {
       

       FrameTransformMatrix {
        0.924325,-0.026487,0.380687,0.000000,-0.068962,0.969570,0.234901,0.000000,-0.375325,-0.243378,0.894371,0.000000,0.206841,0.000000,0.000000,1.000000;;
       }

       Frame Bip01_L_Toe0 {
        

        FrameTransformMatrix {
         0.000000,0.000000,1.000000,0.000000,0.000000,1.000000,-0.000000,0.000000,-1.000000,0.000000,0.000000,0.000000,0.065373,0.000000,0.066450,1.000000;;
        }

        Frame Bip01_L_Toe0Nub {
         

         FrameTransformMatrix {
          -1.000000,0.000000,0.000000,0.000000,0.000000,1.000000,0.000000,0.000000,0.000000,0.000000,-1.000000,0.000000,0.006735,-0.000000,-0.000000,1.000000;;
         }
        }
       }
      }
     }
    }

    Frame Bip01_R_Thigh {
     

     FrameTransformMatrix {
      -0.996965,0.030321,-0.071704,0.000000,-0.029454,-0.999480,-0.013113,0.000000,-0.072065,-0.010961,0.997340,0.000000,-0.050843,-0.055225,-0.008917,1.000000;;
     }

     Frame Bip01_R_Calf {
      

      FrameTransformMatrix {
       0.730239,0.000000,-0.683192,0.000000,0.000000,1.000000,0.000000,0.000000,0.683192,0.000000,0.730239,0.000000,0.237500,0.000000,0.000000,1.000000;;
      }

      Frame Bip01_R_Foot {
       

       FrameTransformMatrix {
        0.991957,0.087165,-0.091782,0.000000,-0.093276,0.993546,-0.064539,0.000000,0.085565,0.072581,0.993685,0.000000,0.206841,0.000000,0.000000,1.000000;;
       }

       Frame Bip01_R_Toe0 {
        

        FrameTransformMatrix {
         0.000000,0.000000,1.000000,0.000000,0.000000,1.000000,-0.000000,0.000000,-1.000000,0.000000,0.000000,0.000000,0.065373,0.000000,0.066450,1.000000;;
        }

        Frame Bip01_R_Toe0Nub {
         

         FrameTransformMatrix {
          1.000000,0.000000,0.000000,0.000000,0.000000,1.000000,-0.000000,0.000000,-0.000000,-0.000000,1.000000,0.000000,0.006735,-0.000000,-0.000000,1.000000;;
         }
        }
       }
      }
     }
    }
   }

   Frame Bip01_DressFront {
    

    FrameTransformMatrix {
     -0.880185,-0.088339,0.466339,0.000000,0.121847,0.907542,0.401896,0.000000,-0.458725,0.410564,-0.788041,0.000000,-0.043935,0.001339,0.061057,1.000000;;
    }

    Frame Bip01_DressFront02 {
     

     FrameTransformMatrix {
      0.912593,0.000001,0.408870,0.000000,-0.000001,1.000000,-0.000000,0.000000,-0.408870,-0.000000,0.912593,0.000000,0.183378,-0.000000,-0.000120,1.000000;;
     }

     Frame Bip01_DressFrontNub {
      

      FrameTransformMatrix {
       0.000796,0.000003,1.000000,0.000000,-0.000000,-1.000000,0.000003,0.000000,1.000000,0.000000,-0.000796,0.000000,0.165302,0.000000,0.000000,1.000000;;
      }
     }
    }
   }

   Frame Bip01_DressBack {
    

    FrameTransformMatrix {
     -0.886023,0.038029,0.462080,0.000000,0.191625,0.937561,0.290274,0.000000,-0.422190,0.345735,-0.837988,0.000000,-0.047673,-0.000048,-0.078302,1.000000;;
    }

    Frame Bip01_DressBack02 {
     

     FrameTransformMatrix {
      0.936852,0.174932,-0.302833,0.000000,-0.166408,0.984581,0.053939,0.000000,0.307599,-0.000139,0.951516,0.000000,0.176125,0.000000,-0.000103,1.000000;;
     }

     Frame Bip01_DressBackNub {
      

      FrameTransformMatrix {
       0.000796,0.000003,1.000000,0.000000,-0.000000,-1.000000,0.000003,0.000000,1.000000,0.000000,-0.000796,0.000000,0.136508,0.000000,-0.000000,1.000000;;
      }
     }
    }
   }
  }

  Frame Bip01_Prop1 {
   

   FrameTransformMatrix {
    -0.233929,-0.108090,0.966227,0.000000,0.687222,0.684611,0.242967,0.000000,-0.687752,0.720849,-0.085868,0.000000,0.049511,-0.052322,-0.146179,1.000000;;
   }
  }

  Frame Bip01_Prop2 {
   

   FrameTransformMatrix {
    -0.163643,-0.967062,0.194966,0.000000,0.985576,-0.168906,-0.010564,0.000000,0.043147,0.190425,0.980753,0.000000,-0.138405,-0.102098,0.114818,1.000000;;
   }
  }
 }
}

Frame Translation_Data {
 

 FrameTransformMatrix {
  1.000000,0.000000,0.000000,0.000000,0.000000,-0.000000,-1.000000,0.000000,0.000000,1.000000,-0.000000,0.000000,0.000000,-0.000000,0.000000,1.000000;;
 }
}

Frame Bob_Scarf {
 

 FrameTransformMatrix {
  1.000000,0.000000,0.000000,0.000000,0.000000,1.000000,0.000000,0.000000,0.000000,0.000000,1.000000,0.000000,0.000000,0.000000,0.000000,1.000000;;
 }

 Mesh Bob_Scarf {
  108;
  0.048557;0.782604;0.001774;,
  0.042504;0.815402;0.018812;,
  0.040634;0.791357;0.023177;,
  0.050690;0.809700;-0.003428;,
  0.023689;0.820360;0.033914;,
  0.022012;0.798549;0.037667;,
  -0.000713;0.823244;0.037831;,
  -0.002320;0.802251;0.041360;,
  -0.024164;0.823283;0.029513;,
  -0.025841;0.801471;0.033266;,
  -0.040380;0.820464;0.011189;,
  -0.042250;0.796419;0.015554;,
  -0.045015;0.815545;-0.012231;,
  -0.047034;0.788802;-0.008038;,
  -0.036893;0.809272;-0.034152;,
  -0.039374;0.776997;-0.028605;,
  -0.015138;0.795817;-0.049843;,
  -0.018340;0.761052;-0.038112;,
  -0.028149;0.647671;-0.061615;,
  -0.002836;0.648963;-0.082454;,
  -0.004375;0.646754;-0.059899;,
  -0.033067;0.645167;-0.078432;,
  0.028377;0.647917;-0.076921;,
  0.027175;0.644808;-0.058503;,
  0.022785;0.758540;-0.034330;,
  0.045990;0.804210;-0.026530;,
  0.043509;0.771935;-0.020982;,
  0.025987;0.793305;-0.046061;,
  0.036306;0.783352;0.000647;,
  0.030411;0.789864;0.016571;,
  0.016557;0.795215;0.027351;,
  -0.001546;0.797969;0.030098;,
  -0.019045;0.797389;0.024077;,
  -0.030942;0.796254;0.009268;,
  -0.034783;0.788054;-0.006911;,
  -0.029084;0.779271;-0.022213;,
  -0.015373;0.772259;-0.032537;,
  0.002240;0.759383;-0.036684;,
  -0.015373;0.772259;-0.032537;,
  -0.018340;0.761052;-0.038112;,
  0.002677;0.768897;-0.035118;,
  0.022785;0.758540;-0.034330;,
  0.020229;0.770085;-0.029263;,
  0.020229;0.770085;-0.029263;,
  0.032580;0.775506;-0.016542;,
  0.032666;0.818573;0.011113;,
  0.038757;0.814330;-0.005433;,
  0.018668;0.822261;0.022349;,
  0.000514;0.824407;0.025263;,
  -0.016933;0.824435;0.019074;,
  -0.028997;0.822339;0.005442;,
  -0.032446;0.818679;-0.011982;,
  -0.026420;0.813866;-0.028210;,
  -0.012420;0.804555;-0.043197;,
  -0.015138;0.795817;-0.049843;,
  0.005832;0.803243;-0.046622;,
  0.005830;0.792320;-0.053845;,
  -0.012420;0.804555;-0.043197;,
  0.023181;0.802380;-0.039922;,
  0.025987;0.793305;-0.046061;,
  0.035244;0.810100;-0.022539;,
  0.023181;0.802380;-0.039922;,
  0.016557;0.795215;0.027351;,
  0.030411;0.789864;0.016571;,
  -0.001546;0.797969;0.030098;,
  -0.019045;0.797389;0.024077;,
  -0.030942;0.796254;0.009268;,
  -0.034783;0.788054;-0.006911;,
  -0.029084;0.779271;-0.022213;,
  -0.015373;0.772259;-0.032537;,
  -0.015373;0.772259;-0.032537;,
  0.002677;0.768897;-0.035118;,
  0.020229;0.770085;-0.029263;,
  0.020229;0.770085;-0.029263;,
  0.032580;0.775506;-0.016542;,
  0.036306;0.783352;0.000647;,
  -0.022334;0.725674;-0.051708;,
  -0.018340;0.761052;-0.038112;,
  -0.019795;0.739005;-0.070632;,
  0.001297;0.724545;-0.049474;,
  -0.022334;0.725674;-0.051708;,
  0.024895;0.722821;-0.047299;,
  0.022785;0.758540;-0.034330;,
  0.027434;0.736152;-0.066223;,
  0.024895;0.722821;-0.047299;,
  0.003835;0.737876;-0.068399;,
  -0.028891;0.685078;-0.065222;,
  -0.025848;0.682265;-0.081251;,
  -0.001616;0.683807;-0.063061;,
  -0.028891;0.685078;-0.065222;,
  0.026420;0.681951;-0.061096;,
  0.028607;0.678892;-0.076345;,
  0.026420;0.681951;-0.061096;,
  0.001255;0.679883;-0.082996;,
  -0.025848;0.682265;-0.081251;,
  -0.028149;0.647671;-0.061615;,
  -0.028891;0.685078;-0.065222;,
  -0.033067;0.645167;-0.078432;,
  -0.004375;0.646754;-0.059899;,
  -0.001616;0.683807;-0.063061;,
  -0.001616;0.683807;-0.063061;,
  0.027175;0.644808;-0.058503;,
  0.026420;0.681951;-0.061096;,
  -0.004375;0.646754;-0.059899;,
  0.028377;0.647917;-0.076921;,
  0.028607;0.678892;-0.076345;,
  -0.002836;0.648963;-0.082454;,
  0.001255;0.679883;-0.082996;;
  132;
  3;0,1,2;,
  3;1,0,3;,
  3;2,4,5;,
  3;4,2,1;,
  3;5,6,7;,
  3;6,5,4;,
  3;7,8,9;,
  3;8,7,6;,
  3;9,10,11;,
  3;10,9,8;,
  3;11,12,13;,
  3;12,11,10;,
  3;13,14,15;,
  3;14,13,12;,
  3;15,16,17;,
  3;16,15,14;,
  3;18,19,20;,
  3;19,18,21;,
  3;20,22,23;,
  3;22,20,19;,
  3;24,25,26;,
  3;25,24,27;,
  3;26,3,0;,
  3;3,26,25;,
  3;2,28,0;,
  3;28,2,29;,
  3;5,29,2;,
  3;29,5,30;,
  3;7,30,5;,
  3;30,7,31;,
  3;9,31,7;,
  3;31,9,32;,
  3;11,32,9;,
  3;32,11,33;,
  3;13,33,11;,
  3;33,13,34;,
  3;15,34,13;,
  3;34,15,35;,
  3;17,35,15;,
  3;35,17,36;,
  3;37,38,39;,
  3;38,37,40;,
  3;41,40,37;,
  3;40,41,42;,
  3;26,43,24;,
  3;43,26,44;,
  3;0,44,26;,
  3;44,0,28;,
  3;3,45,1;,
  3;45,3,46;,
  3;1,47,4;,
  3;47,1,45;,
  3;4,48,6;,
  3;48,4,47;,
  3;6,49,8;,
  3;49,6,48;,
  3;8,50,10;,
  3;50,8,49;,
  3;10,51,12;,
  3;51,10,50;,
  3;12,52,14;,
  3;52,12,51;,
  3;14,53,16;,
  3;53,14,52;,
  3;54,55,56;,
  3;55,54,57;,
  3;56,58,59;,
  3;58,56,55;,
  3;27,60,25;,
  3;60,27,61;,
  3;25,46,3;,
  3;46,25,60;,
  3;45,62,47;,
  3;62,45,63;,
  3;47,64,48;,
  3;64,47,62;,
  3;48,65,49;,
  3;65,48,64;,
  3;65,50,49;,
  3;50,65,66;,
  3;66,51,50;,
  3;51,66,67;,
  3;67,52,51;,
  3;52,67,68;,
  3;68,53,52;,
  3;53,68,69;,
  3;70,55,57;,
  3;55,70,71;,
  3;71,58,55;,
  3;58,71,72;,
  3;73,60,61;,
  3;60,73,74;,
  3;74,46,60;,
  3;46,74,75;,
  3;75,45,46;,
  3;45,75,63;,
  3;54,76,77;,
  3;76,54,78;,
  3;39,79,37;,
  3;79,39,80;,
  3;37,81,41;,
  3;81,37,79;,
  3;82,83,59;,
  3;83,82,84;,
  3;59,85,56;,
  3;85,59,83;,
  3;56,78,54;,
  3;78,56,85;,
  3;78,86,76;,
  3;86,78,87;,
  3;80,88,79;,
  3;88,80,89;,
  3;79,90,81;,
  3;90,79,88;,
  3;84,91,83;,
  3;91,84,92;,
  3;83,93,85;,
  3;93,83,91;,
  3;85,87,78;,
  3;87,85,93;,
  3;94,95,96;,
  3;95,94,97;,
  3;96,98,99;,
  3;98,96,95;,
  3;100,101,102;,
  3;101,100,103;,
  3;102,104,105;,
  3;104,102,101;,
  3;105,106,107;,
  3;106,105,104;,
  3;107,97,94;,
  3;97,107,106;;

  MeshNormals {
   108;
   0.705904;-0.642054;0.299109;,
   0.730860;0.574790;0.368050;,
   0.550583;-0.553100;0.625251;,
   0.874901;0.482066;-0.046479;,
   0.399030;0.653980;0.642716;,
   0.251664;-0.472176;0.844816;,
   -0.023540;0.699666;0.714082;,
   -0.109338;-0.429337;0.896502;,
   -0.428116;0.703598;0.567158;,
   -0.457089;-0.427908;0.779720;,
   -0.711107;0.662130;0.236453;,
   -0.686147;-0.552871;0.472795;,
   -0.786716;0.584395;-0.198897;,
   -0.818487;-0.547161;0.175197;,
   -0.598065;0.488002;-0.635746;,
   -0.751140;-0.634631;-0.181747;,
   -0.388063;0.340671;-0.856359;,
   -0.704214;-0.396879;0.588702;,
   -0.539286;-0.527931;0.656094;,
   0.019761;-0.637690;-0.770040;,
   -0.067083;-0.707075;0.703949;,
   -0.698129;-0.599689;-0.391137;,
   0.643855;-0.540957;-0.541125;,
   0.522492;-0.624754;0.580246;,
   0.547045;-0.413319;0.727948;,
   0.740507;0.396685;-0.542485;,
   0.636777;-0.760913;-0.124608;,
   0.588897;0.276592;-0.759406;,
   -0.713960;-0.652203;0.254738;,
   -0.625934;-0.773924;-0.096165;,
   -0.375232;-0.862785;-0.338826;,
   -0.018512;-0.912362;-0.408966;,
   0.315771;-0.907472;-0.277098;,
   0.639098;-0.760400;-0.115526;,
   0.550314;-0.703403;0.449866;,
   0.395325;-0.514844;0.760693;,
   0.313838;-0.131774;0.940288;,
   -0.075321;-0.279557;0.957170;,
   0.313838;-0.131774;0.940288;,
   -0.704214;-0.396879;0.588702;,
   -0.049873;0.035407;0.998128;,
   0.547045;-0.413319;0.727948;,
   -0.428965;-0.171183;0.886953;,
   -0.428965;-0.171183;0.886953;,
   -0.584346;-0.549950;0.596736;,
   -0.316839;0.824738;-0.468424;,
   -0.406292;0.877442;-0.254995;,
   -0.126979;0.779967;-0.612803;,
   0.105277;0.754004;-0.648379;,
   0.329894;0.751904;-0.570798;,
   0.490868;0.778871;-0.390395;,
   0.546303;0.819176;-0.174655;,
   0.561672;0.827152;-0.018554;,
   0.326819;0.944267;-0.039354;,
   -0.388063;0.340671;-0.856359;,
   0.084791;0.996221;-0.018835;,
   0.132962;0.409854;-0.902408;,
   0.326819;0.944267;-0.039354;,
   -0.114617;0.987884;-0.104635;,
   0.588897;0.276592;-0.759406;,
   -0.438221;0.886288;-0.149854;,
   -0.114617;0.987884;-0.104635;,
   -0.375232;-0.862785;-0.338826;,
   -0.625934;-0.773924;-0.096165;,
   -0.018512;-0.912362;-0.408966;,
   0.315771;-0.907472;-0.277098;,
   0.639098;-0.760400;-0.115526;,
   0.550314;-0.703403;0.449866;,
   0.395325;-0.514844;0.760693;,
   0.313838;-0.131774;0.940288;,
   0.313838;-0.131774;0.940288;,
   -0.049873;0.035407;0.998128;,
   -0.428965;-0.171183;0.886953;,
   -0.428965;-0.171183;0.886953;,
   -0.584346;-0.549950;0.596736;,
   -0.713960;-0.652203;0.254738;,
   -0.760401;-0.128738;0.636566;,
   -0.704214;-0.396879;0.588702;,
   -0.620202;0.246537;-0.744694;,
   -0.104375;-0.327657;0.939014;,
   -0.760401;-0.128738;0.636566;,
   0.621883;-0.230048;0.748559;,
   0.547045;-0.413319;0.727948;,
   0.776748;0.197546;-0.598029;,
   0.621883;-0.230048;0.748559;,
   0.108279;0.250277;-0.962100;,
   -0.853516;-0.012422;0.520919;,
   -0.636167;0.102524;-0.764709;,
   -0.078781;-0.114952;0.990242;,
   -0.853516;-0.012422;0.520919;,
   0.674687;-0.078168;0.733953;,
   0.810935;0.048488;-0.583123;,
   0.674687;-0.078168;0.733953;,
   0.080610;0.086181;-0.993013;,
   -0.636167;0.102524;-0.764709;,
   -0.539286;-0.527931;0.656094;,
   -0.853516;-0.012422;0.520919;,
   -0.698129;-0.599689;-0.391137;,
   -0.067083;-0.707075;0.703949;,
   -0.078781;-0.114952;0.990242;,
   -0.078781;-0.114952;0.990242;,
   0.522492;-0.624754;0.580246;,
   0.674687;-0.078168;0.733953;,
   -0.067083;-0.707075;0.703949;,
   0.643855;-0.540957;-0.541125;,
   0.810935;0.048488;-0.583123;,
   0.019761;-0.637690;-0.770040;,
   0.080610;0.086181;-0.993013;;
   132;
   3;0,1,2;,
   3;1,0,3;,
   3;2,4,5;,
   3;4,2,1;,
   3;5,6,7;,
   3;6,5,4;,
   3;7,8,9;,
   3;8,7,6;,
   3;9,10,11;,
   3;10,9,8;,
   3;11,12,13;,
   3;12,11,10;,
   3;13,14,15;,
   3;14,13,12;,
   3;15,16,17;,
   3;16,15,14;,
   3;18,19,20;,
   3;19,18,21;,
   3;20,22,23;,
   3;22,20,19;,
   3;24,25,26;,
   3;25,24,27;,
   3;26,3,0;,
   3;3,26,25;,
   3;2,28,0;,
   3;28,2,29;,
   3;5,29,2;,
   3;29,5,30;,
   3;7,30,5;,
   3;30,7,31;,
   3;9,31,7;,
   3;31,9,32;,
   3;11,32,9;,
   3;32,11,33;,
   3;13,33,11;,
   3;33,13,34;,
   3;15,34,13;,
   3;34,15,35;,
   3;17,35,15;,
   3;35,17,36;,
   3;37,38,39;,
   3;38,37,40;,
   3;41,40,37;,
   3;40,41,42;,
   3;26,43,24;,
   3;43,26,44;,
   3;0,44,26;,
   3;44,0,28;,
   3;3,45,1;,
   3;45,3,46;,
   3;1,47,4;,
   3;47,1,45;,
   3;4,48,6;,
   3;48,4,47;,
   3;6,49,8;,
   3;49,6,48;,
   3;8,50,10;,
   3;50,8,49;,
   3;10,51,12;,
   3;51,10,50;,
   3;12,52,14;,
   3;52,12,51;,
   3;14,53,16;,
   3;53,14,52;,
   3;54,55,56;,
   3;55,54,57;,
   3;56,58,59;,
   3;58,56,55;,
   3;27,60,25;,
   3;60,27,61;,
   3;25,46,3;,
   3;46,25,60;,
   3;45,62,47;,
   3;62,45,63;,
   3;47,64,48;,
   3;64,47,62;,
   3;48,65,49;,
   3;65,48,64;,
   3;65,50,49;,
   3;50,65,66;,
   3;66,51,50;,
   3;51,66,67;,
   3;67,52,51;,
   3;52,67,68;,
   3;68,53,52;,
   3;53,68,69;,
   3;70,55,57;,
   3;55,70,71;,
   3;71,58,55;,
   3;58,71,72;,
   3;73,60,61;,
   3;60,73,74;,
   3;74,46,60;,
   3;46,74,75;,
   3;75,45,46;,
   3;45,75,63;,
   3;54,76,77;,
   3;76,54,78;,
   3;39,79,37;,
   3;79,39,80;,
   3;37,81,41;,
   3;81,37,79;,
   3;82,83,59;,
   3;83,82,84;,
   3;59,85,56;,
   3;85,59,83;,
   3;56,78,54;,
   3;78,56,85;,
   3;78,86,76;,
   3;86,78,87;,
   3;80,88,79;,
   3;88,80,89;,
   3;79,90,81;,
   3;90,79,88;,
   3;84,91,83;,
   3;91,84,92;,
   3;83,93,85;,
   3;93,83,91;,
   3;85,87,78;,
   3;87,85,93;,
   3;94,95,96;,
   3;95,94,97;,
   3;96,98,99;,
   3;98,96,95;,
   3;100,101,102;,
   3;101,100,103;,
   3;102,104,105;,
   3;104,102,101;,
   3;105,106,107;,
   3;106,105,104;,
   3;107,97,94;,
   3;97,107,106;;
  }

  MeshMaterialList {
   1;
   132;
   0,
   0,
   0,
   0,
   0,
   0,
   0,
   0,
   0,
   0,
   0,
   0,
   0,
   0,
   0,
   0,
   0,
   0,
   0,
   0,
   0,
   0,
   0,
   0,
   0,
   0,
   0,
   0,
   0,
   0,
   0,
   0,
   0,
   0,
   0,
   0,
   0,
   0,
   0,
   0,
   0,
   0,
   0,
   0,
   0,
   0,
   0,
   0,
   0,
   0,
   0,
   0,
   0,
   0,
   0,
   0,
   0,
   0,
   0,
   0,
   0,
   0,
   0,
   0,
   0,
   0,
   0,
   0,
   0,
   0,
   0,
   0,
   0,
   0,
   0,
   0,
   0,
   0,
   0,
   0,
   0,
   0,
   0,
   0,
   0,
   0,
   0,
   0,
   0,
   0,
   0,
   0,
   0,
   0,
   0,
   0,
   0,
   0,
   0,
   0,
   0,
   0,
   0,
   0,
   0,
   0,
   0,
   0,
   0,
   0,
   0,
   0,
   0,
   0,
   0,
   0,
   0,
   0,
   0,
   0,
   0,
   0,
   0,
   0,
   0,
   0,
   0,
   0,
   0,
   0,
   0,
   0;
   { _16_-_Default }
  }

  MeshTextureCoords tc0 {
   108;
   0.168348;0.941516;,
   0.256471;0.839104;,
   0.256471;0.941516;,
   0.168348;0.839104;,
   0.346571;0.839104;,
   0.346571;0.941516;,
   0.438398;0.839104;,
   0.438398;0.941516;,
   0.532248;0.839104;,
   0.532248;0.941516;,
   0.628410;0.839104;,
   0.628410;0.941516;,
   0.726678;0.839104;,
   0.726678;0.941516;,
   0.829459;0.839104;,
   0.829459;0.941516;,
   0.936842;0.839104;,
   0.936842;0.941516;,
   0.655994;0.232568;,
   0.748113;0.154067;,
   0.748113;0.232568;,
   0.655994;0.154067;,
   0.840233;0.154067;,
   0.840233;0.232568;,
   0.002000;0.941516;,
   0.084600;0.839104;,
   0.084600;0.941516;,
   0.002000;0.839104;,
   0.168348;0.998000;,
   0.256471;0.998000;,
   0.346571;0.998000;,
   0.438398;0.998000;,
   0.532248;0.998000;,
   0.628410;0.998000;,
   0.726678;0.998000;,
   0.829459;0.998000;,
   0.936842;0.998000;,
   0.956852;0.568039;,
   0.998000;0.645569;,
   0.956852;0.645569;,
   0.998000;0.568039;,
   0.956852;0.466378;,
   0.998000;0.466378;,
   0.002000;0.998000;,
   0.084600;0.998000;,
   0.256471;0.784701;,
   0.168348;0.784701;,
   0.346571;0.784701;,
   0.438398;0.784701;,
   0.532248;0.784701;,
   0.628410;0.784701;,
   0.726678;0.784701;,
   0.829459;0.784701;,
   0.936842;0.784701;,
   0.184777;0.518097;,
   0.151430;0.443568;,
   0.184428;0.443166;,
   0.147874;0.504530;,
   0.148285;0.382338;,
   0.184566;0.367862;,
   0.084600;0.784701;,
   0.002000;0.784701;,
   0.346571;0.662772;,
   0.256471;0.662772;,
   0.438398;0.662772;,
   0.532248;0.662772;,
   0.628410;0.662772;,
   0.726678;0.662772;,
   0.829459;0.662772;,
   0.936842;0.662772;,
   0.002000;0.501840;,
   0.002110;0.440926;,
   0.002407;0.380012;,
   0.002000;0.662772;,
   0.084600;0.662772;,
   0.168348;0.662772;,
   0.383983;0.645569;,
   0.184786;0.632753;,
   0.384399;0.523704;,
   0.805588;0.568039;,
   0.805588;0.645569;,
   0.805588;0.466378;,
   0.184394;0.249771;,
   0.385030;0.357796;,
   0.388373;0.253173;,
   0.383435;0.440924;,
   0.623081;0.632616;,
   0.622682;0.546508;,
   0.643608;0.568039;,
   0.643608;0.645569;,
   0.643608;0.466378;,
   0.625133;0.346100;,
   0.626406;0.257124;,
   0.620306;0.447715;,
   0.199203;0.073458;,
   0.125443;0.232568;,
   0.125443;0.073458;,
   0.199203;0.232568;,
   0.002000;0.232568;,
   0.002000;0.073458;,
   0.638791;0.073458;,
   0.512954;0.232568;,
   0.512954;0.073458;,
   0.638791;0.232568;,
   0.440343;0.232568;,
   0.440343;0.073458;,
   0.306895;0.232568;,
   0.306895;0.073458;;
  }

  XSkinMeshHeader {
   2;
   2;
   3;
  }

  SkinWeights {
   "Bip01_Spine";
   28;
   18,
   19,
   20,
   21,
   22,
   23,
   86,
   87,
   88,
   89,
   90,
   91,
   92,
   93,
   94,
   95,
   96,
   97,
   98,
   99,
   100,
   101,
   102,
   103,
   104,
   105,
   106,
   107;
   0.200000,
   0.200000,
   0.200000,
   0.200000,
   0.200000,
   0.200000,
   0.097349,
   0.021906,
   0.126912,
   0.097349,
   0.097345,
   0.021482,
   0.097345,
   0.023400,
   0.021906,
   0.200000,
   0.097349,
   0.200000,
   0.200000,
   0.126912,
   0.126912,
   0.200000,
   0.097345,
   0.200000,
   0.200000,
   0.021482,
   0.200000,
   0.023400;
   0.015193,0.996195,-0.085823,0.000000,0.999853,-0.014450,0.009270,0.000000,0.007995,-0.085951,-0.996267,0.000000,-0.541169,0.018105,-0.002084,1.000000;;
  }

  SkinWeights {
   "Bip01_Spine1";
   108;
   0,
   1,
   2,
   3,
   4,
   5,
   6,
   7,
   8,
   9,
   10,
   11,
   12,
   13,
   14,
   15,
   16,
   17,
   18,
   19,
   20,
   21,
   22,
   23,
   24,
   25,
   26,
   27,
   28,
   29,
   30,
   31,
   32,
   33,
   34,
   35,
   36,
   37,
   38,
   39,
   40,
   41,
   42,
   43,
   44,
   45,
   46,
   47,
   48,
   49,
   50,
   51,
   52,
   53,
   54,
   55,
   56,
   57,
   58,
   59,
   60,
   61,
   62,
   63,
   64,
   65,
   66,
   67,
   68,
   69,
   70,
   71,
   72,
   73,
   74,
   75,
   76,
   77,
   78,
   79,
   80,
   81,
   82,
   83,
   84,
   85,
   86,
   87,
   88,
   89,
   90,
   91,
   92,
   93,
   94,
   95,
   96,
   97,
   98,
   99,
   100,
   101,
   102,
   103,
   104,
   105,
   106,
   107;
   0.700000,
   0.400000,
   0.700000,
   0.400000,
   0.400000,
   0.700000,
   0.400000,
   0.700000,
   0.400000,
   0.700000,
   0.400000,
   0.700000,
   0.400000,
   1.000000,
   0.400000,
   1.000000,
   0.700000,
   1.000000,
   0.800000,
   0.800000,
   0.800000,
   0.800000,
   0.800000,
   0.800000,
   1.000000,
   0.400000,
   1.000000,
   0.700000,
   0.700000,
   0.700000,
   0.700000,
   0.700000,
   0.700000,
   1.000000,
   1.000000,
   1.000000,
   1.000000,
   1.000000,
   1.000000,
   1.000000,
   1.000000,
   1.000000,
   1.000000,
   1.000000,
   1.000000,
   0.400000,
   0.400000,
   0.400000,
   0.400000,
   0.400000,
   0.400000,
   0.400000,
   0.400000,
   0.700000,
   0.700000,
   0.700000,
   0.700000,
   0.700000,
   0.700000,
   0.700000,
   0.400000,
   0.700000,
   0.700000,
   0.700000,
   0.700000,
   0.700000,
   1.000000,
   1.000000,
   1.000000,
   1.000000,
   1.000000,
   1.000000,
   1.000000,
   1.000000,
   1.000000,
   0.700000,
   1.000000,
   1.000000,
   1.000000,
   1.000000,
   1.000000,
   1.000000,
   1.000000,
   1.000000,
   1.000000,
   1.000000,
   0.902652,
   0.978094,
   0.873088,
   0.902652,
   0.902655,
   0.978518,
   0.902655,
   0.976600,
   0.978094,
   0.800000,
   0.902652,
   0.800000,
   0.800000,
   0.873088,
   0.873088,
   0.800000,
   0.902655,
   0.800000,
   0.800000,
   0.978518,
   0.800000,
   0.976600;
   0.064233,0.993961,0.088971,0.000000,0.997279,-0.060703,-0.041830,0.000000,-0.036176,0.091415,-0.995156,0.000000,-0.645365,0.047224,0.032564,1.000000;;
  }

  SkinWeights {
   "Bip01_Neck";
   44;
   0,
   1,
   2,
   3,
   4,
   5,
   6,
   7,
   8,
   9,
   10,
   11,
   12,
   14,
   16,
   25,
   27,
   28,
   29,
   30,
   31,
   32,
   45,
   46,
   47,
   48,
   49,
   50,
   51,
   52,
   53,
   54,
   55,
   56,
   57,
   58,
   59,
   60,
   61,
   62,
   63,
   64,
   65,
   75;
   0.300000,
   0.600000,
   0.300000,
   0.600000,
   0.600000,
   0.300000,
   0.600000,
   0.300000,
   0.600000,
   0.300000,
   0.600000,
   0.300000,
   0.600000,
   0.600000,
   0.300000,
   0.600000,
   0.300000,
   0.300000,
   0.300000,
   0.300000,
   0.300000,
   0.300000,
   0.600000,
   0.600000,
   0.600000,
   0.600000,
   0.600000,
   0.600000,
   0.600000,
   0.600000,
   0.300000,
   0.300000,
   0.300000,
   0.300000,
   0.300000,
   0.300000,
   0.300000,
   0.600000,
   0.300000,
   0.300000,
   0.300000,
   0.300000,
   0.300000,
   0.300000;
   0.064233,0.993961,0.088971,0.000000,0.997279,-0.060703,-0.041830,0.000000,-0.036176,0.091415,-0.995156,0.000000,-0.775870,0.047224,0.027939,1.000000;;
  }
 }
}

AnimTicksPerSecond  {
 4800;
}

AnimationSet Bob_Walk {
 

 Animation {
  
  { Dummy01 }

  AnimationKey R {
   0;
   2;
   0;4;0.707107,0.707107,0.000000,0.000000;;,
   3200;4;0.707107,0.707107,0.000000,0.000000;;;
  }

  AnimationKey S {
   1;
   2;
   0;3;1.000000,1.000000,1.000000;;,
   3200;3;1.000000,1.000000,1.000000;;;
  }

  AnimationKey T {
   2;
   2;
   0;3;0.000000,0.000000,0.000000;;,
   3200;3;0.000000,0.000000,0.000000;;;
  }
 }

 Animation {
  
  { Bip01 }

  AnimationKey R {
   0;
   21;
   0;4;0.515802,-0.436315,-0.562899,-0.476154;;,
   160;4;0.517441,-0.437578,-0.561533,-0.474828;;,
   320;4;0.521626,-0.440871,-0.557927,-0.471441;;,
   480;4;0.527247,-0.445573,-0.552691,-0.466912;;,
   640;4;0.533452,-0.451064,-0.546445,-0.461918;;,
   800;4;0.539863,-0.456672,-0.539862,-0.456671;;,
   960;4;0.546445,-0.461919,-0.533451,-0.451064;;,
   1120;4;0.552691,-0.466914,-0.527246,-0.445574;;,
   1280;4;0.557926,-0.471443,-0.521624,-0.440872;;,
   1440;4;0.561532,-0.474830,-0.517438,-0.437580;;,
   1600;4;0.562897,-0.476157,-0.515800,-0.436316;;,
   1760;4;0.561532,-0.474830,-0.517438,-0.437580;;,
   1920;4;0.557926,-0.471443,-0.521624,-0.440872;;,
   2080;4;0.552691,-0.466914,-0.527246,-0.445574;;,
   2240;4;0.546445,-0.461919,-0.533451,-0.451064;;,
   2400;4;0.539863,-0.456672,-0.539862,-0.456671;;,
   2560;4;0.533452,-0.451064,-0.546445,-0.461918;;,
   2720;4;0.527247,-0.445573,-0.552691,-0.466912;;,
   2880;4;0.521626,-0.440871,-0.557927,-0.471441;;,
   3040;4;0.517441,-0.437578,-0.561533,-0.474828;;,
   3200;4;0.515802,-0.436315,-0.562899,-0.476154;;;
  }

  AnimationKey S {
   1;
   2;
   0;3;1.000000,1.000000,1.000000;;,
   3200;3;1.000000,1.000000,1.000000;;;
  }

  AnimationKey T {
   2;
   21;
   0;3;-0.010000,-0.012284,0.490453;;,
   160;3;-0.010708,-0.012284,0.491858;;,
   320;3;-0.010749,-0.012284,0.495223;;,
   480;3;-0.010016,-0.012284,0.499328;;,
   640;3;-0.008388,-0.012284,0.502988;;,
   800;3;-0.005725,-0.012284,0.504988;;,
   960;3;-0.002280,-0.012284,0.504002;;,
   1120;3;0.001356,-0.012284,0.500588;;,
   1280;3;0.004842,-0.012284,0.496226;;,
   1440;3;0.007841,-0.012284,0.492357;;,
   1600;3;0.010000,-0.012284,0.490453;;,
   1760;3;0.011004,-0.012284,0.491604;;,
   1920;3;0.010933,-0.012284,0.494934;;,
   2080;3;0.009946,-0.012284,0.499131;;,
   2240;3;0.008187,-0.012284,0.502917;;,
   2400;3;0.005782,-0.012284,0.504988;;,
   2560;3;0.002869,-0.012284,0.503948;;,
   2720;3;-0.000359,-0.012284,0.500406;;,
   2880;3;-0.003707,-0.012284,0.495943;;,
   3040;3;-0.006986,-0.012284,0.492100;;,
   3200;3;-0.010000,-0.012284,0.490453;;;
  }
 }

 Animation {
  
  { Bip01_Pelvis }

  AnimationKey R {
   0;
   21;
   0;4;0.500001,-0.499999,-0.500000,-0.500000;;,
   160;4;0.502878,-0.497105,-0.502877,-0.497106;;,
   320;4;0.506123,-0.493801,-0.506123,-0.493802;;,
   480;4;0.509152,-0.490677,-0.509152,-0.490678;;,
   640;4;0.511400,-0.488334,-0.511399,-0.488335;;,
   800;4;0.512285,-0.487405,-0.512285,-0.487406;;,
   960;4;0.511605,-0.488119,-0.511605,-0.488120;;,
   1120;4;0.509768,-0.490038,-0.509767,-0.490039;;,
   1280;4;0.507050,-0.492849,-0.507049,-0.492850;;,
   1440;4;0.503710,-0.496263,-0.503709,-0.496263;;,
   1600;4;0.500001,-0.499999,-0.500000,-0.500000;;,
   1760;4;0.496198,-0.503773,-0.496197,-0.503774;;,
   1920;4;0.492628,-0.507265,-0.492627,-0.507266;;,
   2080;4;0.489628,-0.510161,-0.489627,-0.510162;;,
   2240;4;0.487550,-0.512148,-0.487549,-0.512149;;,
   2400;4;0.486768,-0.512891,-0.486767,-0.512892;;,
   2560;4;0.487745,-0.511962,-0.487744,-0.511963;;,
   2720;4;0.490207,-0.509605,-0.490207,-0.509605;;,
   2880;4;0.493490,-0.506426,-0.493489,-0.506427;;,
   3040;4;0.496961,-0.503020,-0.496961,-0.503021;;,
   3200;4;0.500001,-0.499999,-0.500000,-0.500000;;;
  }

  AnimationKey S {
   1;
   2;
   0;3;1.000000,1.000000,1.000000;;,
   3200;3;1.000000,1.000000,1.000000;;;
  }

  AnimationKey T {
   2;
   2;
   0;3;0.000000,0.000000,0.000000;;,
   3200;3;0.000000,0.000000,0.000000;;;
  }
 }

 Animation {
  
  { Bip01_Spine }

  AnimationKey R {
   0;
   21;
   0;4;0.996164,-0.000002,-0.087504,-0.000001;;,
   160;4;0.996148,0.000503,-0.087503,-0.005750;;,
   320;4;0.996089,0.001076,-0.087498,-0.012274;;,
   480;4;0.995994,0.001615,-0.087489,-0.018403;;,
   640;4;0.995899,0.002016,-0.087481,-0.022976;;,
   800;4;0.995856,0.002175,-0.087477,-0.024784;;,
   960;4;0.995889,0.002053,-0.087480,-0.023395;;,
   1120;4;0.995970,0.001724,-0.087487,-0.019653;;,
   1280;4;0.996064,0.001241,-0.087495,-0.014146;;,
   1440;4;0.996137,0.000650,-0.087502,-0.007418;;,
   1600;4;0.996164,-0.000002,-0.087504,-0.000001;;,
   1760;4;0.996136,-0.000665,-0.087502,0.007547;;,
   1920;4;0.996058,-0.001283,-0.087495,0.014582;;,
   2080;4;0.995954,-0.001799,-0.087486,0.020455;;,
   2240;4;0.995863,-0.002155,-0.087478,0.024505;;,
   2400;4;0.995824,-0.002288,-0.087474,0.026024;;,
   2560;4;0.995872,-0.002121,-0.087479,0.024125;;,
   2720;4;0.995977,-0.001699,-0.087488,0.019324;;,
   2880;4;0.996081,-0.001134,-0.087497,0.012888;;,
   3040;4;0.996146,-0.000532,-0.087503,0.006036;;,
   3200;4;0.996164,-0.000002,-0.087504,-0.000001;;;
  }

  AnimationKey S {
   1;
   2;
   0;3;1.000000,1.000000,1.000000;;,
